Gene_name,TAM111,TAM112,diff,abs_diff
TraesCS1B02G010400,1151,43,1108,1108
TraesCS1A02G007300,965,21,944,944
TraesCS1D02G015100,825,39,786,786
TraesCS1D02G000300,769,45,724,724
TraesCS1D02G000200,567,31,536,536
TraesCS1D02G001200,862,326,536,536
TraesCS1D02G001400,483,54,429,429
TraesCS7B02G248300,448,39,409,409
TraesCS1B02G011000,370,35,335,335
TraesCS1D02G009400,342,33,309,309
TraesCS1D02G001100,318,58,260,260
TraesCS1A02G007405,255,16,239,239
TraesCS1D02G317301,286,48,238,238
TraesCSU02G108100,254,34,220,220
TraesCS1A02G007700,223,24,199,199
TraesCS1D02G000700,222,34,188,188
TraesCS1B02G010500,204,35,169,169
TraesCS1B02G329711,218,51,167,167
TraesCS1B02G011300,191,30,161,161
TraesCSU02G267761,196,37,159,159
TraesCS6A02G049200,214,57,157,157
TraesCS7D02G031700,197,41,156,156
TraesCS4B02G393500,206,51,155,155
TraesCS1D02G317211,199,48,151,151
TraesCSU02G032700,183,37,146,146
TraesCS7B02G072000,208,64,144,144
TraesCS5D02G004000,165,29,136,136
TraesCS3D02G095700,173,39,134,134
TraesCS3D02G096000,166,33,133,133
TraesCS6A02G049800,183,54,129,129
TraesCS5A02G554200,155,30,125,125
TraesCS6A02G049100,175,52,123,123
TraesCS6A02G049400,179,56,123,123
TraesCS7D02G031800,153,33,120,120
TraesCS5B02G003500,156,39,117,117
TraesCS3B02G111200,143,31,112,112
TraesCS4B02G249400,129,25,104,104
TraesCS5A02G003300,133,30,103,103
TraesCS5D02G004300,127,25,102,102
TraesCS1B02G329992,120,26,94,94
TraesCS1D02G007400,123,32,91,91
TraesCS6B02G065856,115,26,89,89
TraesCS7D02G168000,150,63,87,87
TraesCS5B02G043100,80,0,80,80
TraesCS4A02G453400,104,24,80,80
TraesCS1B02G010600,93,15,78,78
TraesCS7D02G032100,118,44,74,74
TraesCS1A02G398200,135,65,70,70
TraesCS1D02G009900,107,37,70,70
TraesCS1B02G010700,89,23,66,66
TraesCS1A02G066100,85,20,65,65
TraesCS4A02G453800,107,42,65,65
TraesCS6D02G000200,97,33,64,64
TraesCS1B02G042700,78,15,63,63
TraesCS1D02G001300,99,36,63,63
TraesCS1D02G008600,76,13,63,63
TraesCS6A02G049700,102,39,63,63
TraesCS1D02G067100,99,37,62,62
TraesCS2A02G528200,84,22,62,62
TraesCS2D02G531100,80,19,61,61
TraesCSU02G188800,90,30,60,60
TraesCS1B02G013500,182,125,57,57
TraesCSU02G239000,107,50,57,57
TraesCS1D02G317300,73,17,56,56
TraesCS4A02G112300,78,22,56,56
TraesCSU02G108400,113,58,55,55
TraesCS1A02G317500,75,21,54,54
TraesCS4A02G025900,51,0,51,51
TraesCS5D02G368900,90,40,50,50
TraesCS1B02G426100,100,53,47,47
TraesCS7A02G035500,104,57,47,47
TraesCS1D02G405600,56,12,44,44
TraesCS4D02G192900,80,37,43,43
TraesCSU02G108300,63,20,43,43
TraesCSU02G255529,79,37,42,42
TraesCS7A02G070900,59,18,41,41
TraesCS1B02G011700,66,28,38,38
TraesCS4D02G325100,101,64,37,37
TraesCS1B02G330000,57,21,36,36
TraesCS5A02G245900,43,8,35,35
TraesCS6B02G065600,82,47,35,35
TraesCS7D02G066400,57,22,35,35
TraesCS4B02G191700,53,19,34,34
TraesCS2B02G004100,36,3,33,33
TraesCS2B02G004800,47,15,32,32
TraesCS4D02G250000,48,16,32,32
TraesCS1B02G010800,187,156,31,31
TraesCS6D02G241300,41,10,31,31
TraesCS6B02G066000,49,19,30,30
TraesCS7A02G544500,45,15,30,30
TraesCS7A02G548000,36,6,30,30
TraesCS7D02G411700,45,15,30,30
TraesCSU02G024800,35,5,30,30
TraesCS3A02G077900,35,6,29,29
TraesCS4D02G321100,44,15,29,29
TraesCS6B02G086500,51,22,29,29
TraesCS7B02G018700,48,19,29,29
TraesCS7B02G116600,30,1,29,29
TraesCS7D02G117600,50,21,29,29
TraesCSU02G108200,56,27,29,29
TraesCSU02G220200,49,21,28,28
TraesCS5B02G362000,55,28,27,27
TraesCS6A02G049500,51,24,27,27
TraesCS6A02G260500,48,21,27,27
TraesCS7D02G154200,34,8,26,26
TraesCS7D02G181100,32,6,26,26
TraesCS7D02G512700,33,7,26,26
TraesCS1B02G133500,33,9,24,24
TraesCS1B02G034300,37,14,23,23
TraesCS3B02G049800,25,2,23,23
TraesCS6D02G034200,29,6,23,23
TraesCS7D02G172000,51,28,23,23
TraesCSU02G220600,56,33,23,23
TraesCS7A02G569300,23,1,22,22
TraesCS7B02G056300,32,10,22,22
TraesCS3B02G462600,32,10,22,22
TraesCS4A02G419300,50,28,22,22
TraesCS4A02G453600,46,24,22,22
TraesCS4D02G087400,25,3,22,22
TraesCS6A02G285800,30,8,22,22
TraesCS7A02G369500,22,0,22,22
TraesCS1A02G029900,22,1,21,21
TraesCS1A02G230500,22,1,21,21
TraesCS3B02G435500,54,33,21,21
TraesCS4D02G197700,21,0,21,21
TraesCS6A02G343800,43,22,21,21
TraesCS7B02G489500,30,10,20,20
TraesCS2D02G281700,33,13,20,20
TraesCS2D02G382300,31,11,20,20
TraesCS3A02G102000,20,0,20,20
TraesCS4A02G098600,35,15,20,20
TraesCS5A02G485300,29,9,20,20
TraesCS6A02G132700,20,0,20,20
TraesCS7D02G185500,45,25,20,20
TraesCS7D02G353800,20,0,20,20
TraesCS2B02G300300,37,18,19,19
TraesCS3D02G474700,24,5,19,19
TraesCS4D02G323900,25,6,19,19
TraesCS6B02G042500,27,8,19,19
TraesCS7A02G042300,29,10,19,19
TraesCS1B02G245500,26,8,18,18
TraesCS1B02G443300,25,7,18,18
TraesCS3A02G006600,39,21,18,18
TraesCS3A02G346900,20,2,18,18
TraesCS5A02G213900,19,1,18,18
TraesCS5D02G399500,34,16,18,18
TraesCS6A02G077000,20,2,18,18
TraesCSU02G111300,19,1,18,18
TraesCS7A02G336700,47,30,17,17
TraesCS7D02G344400,69,52,17,17
TraesCS7A02G152500,36,19,17,17
TraesCS3D02G241400,30,13,17,17
TraesCS4B02G134700,18,1,17,17
TraesCS5D02G335100,17,0,17,17
TraesCS7B02G220000,26,9,17,17
TraesCS2A02G194500,17,1,16,16
TraesCS1D02G210900,23,7,16,16
TraesCS1D02G233500,30,14,16,16
TraesCS3D02G104300,51,35,16,16
TraesCS3D02G538000,25,9,16,16
TraesCS4B02G211700,17,1,16,16
TraesCS5A02G071900,18,2,16,16
TraesCS5D02G056200,46,30,16,16
TraesCS5D02G498700,21,5,16,16
TraesCS6A02G029800,25,9,16,16
TraesCS6B02G065800,33,17,16,16
TraesCS6D02G122400,19,3,16,16
TraesCS7A02G035884,27,11,16,16
TraesCS7B02G319300,25,9,16,16
TraesCS7B02G347100,21,5,16,16
TraesCS7B02G434200,18,2,16,16
TraesCS5D02G383000,23,8,15,15
TraesCS1D02G405700,58,43,15,15
TraesCS2B02G439100,17,2,15,15
TraesCS3A02G077100,26,11,15,15
TraesCS3B02G285100,23,8,15,15
TraesCS3D02G045700,16,1,15,15
TraesCS3D02G050100,19,4,15,15
TraesCS3D02G485000,23,8,15,15
TraesCS4D02G054100,18,3,15,15
TraesCS4D02G325000,114,99,15,15
TraesCS5D02G095900,18,3,15,15
TraesCSU02G021400,21,6,15,15
TraesCS4B02G287600,19,5,14,14
TraesCS1D02G275400,27,13,14,14
TraesCS1A02G232200,24,10,14,14
TraesCS1B02G043800,34,20,14,14
TraesCS1B02G135700,15,1,14,14
TraesCS1B02G278400,15,1,14,14
TraesCS2A02G084100,23,9,14,14
TraesCS2A02G416000,15,1,14,14
TraesCS2B02G098100,32,18,14,14
TraesCS2D02G533100,15,1,14,14
TraesCS3A02G334200,21,7,14,14
TraesCS3D02G491900,15,1,14,14
TraesCS4A02G392500,24,10,14,14
TraesCS7A02G227900,14,0,14,14
TraesCSU02G153800,28,14,14,14
TraesCS3A02G249100,14,1,13,13
TraesCS5B02G406300,16,3,13,13
TraesCS7D02G543400,25,12,13,13
TraesCS1B02G244800,16,3,13,13
TraesCS1B02G283600,18,5,13,13
TraesCS1D02G261200,14,1,13,13
TraesCS2A02G534600,14,1,13,13
TraesCS2B02G047400,14,1,13,13
TraesCS2B02G133800,14,1,13,13
TraesCS2B02G136500,13,0,13,13
TraesCS2D02G364100,61,48,13,13
TraesCS3A02G306200,16,3,13,13
TraesCS4A02G343700,40,27,13,13
TraesCS4D02G145600,14,1,13,13
TraesCS4D02G351200,18,5,13,13
TraesCS5B02G269500,17,4,13,13
TraesCS6B02G401100,14,1,13,13
TraesCS6D02G365700,16,3,13,13
TraesCS7D02G087500,16,3,13,13
TraesCS7D02G185600,26,13,13,13
TraesCS2B02G212400,13,1,12,12
TraesCS7A02G363100,14,2,12,12
TraesCS4D02G286400,14,2,12,12
TraesCS5B02G141900,13,1,12,12
TraesCS2A02G082900,15,3,12,12
TraesCS2D02G033200,12,0,12,12
TraesCS2D02G311400,30,18,12,12
TraesCS3D02G115300,13,1,12,12
TraesCS4A02G406200,14,2,12,12
TraesCS4B02G143500,25,13,12,12
TraesCS5A02G324300,18,6,12,12
TraesCS5D02G068200,20,8,12,12
TraesCS5D02G565600,35,23,12,12
TraesCS6A02G008800,16,4,12,12
TraesCS6A02G365500,12,0,12,12
TraesCS6B02G086522,35,23,12,12
TraesCS7A02G419500,17,5,12,12
TraesCS2B02G387700,12,1,11,11
TraesCS1A02G007344,29,18,11,11
TraesCS1B02G113500,11,0,11,11
TraesCS1B02G264900,14,3,11,11
TraesCS1B02G277500,13,2,11,11
TraesCS3A02G142800,12,1,11,11
TraesCS3A02G241100,28,17,11,11
TraesCS3A02G275600,32,21,11,11
TraesCS3A02G440800,12,1,11,11
TraesCS3B02G130300,12,1,11,11
TraesCS3B02G309300,13,2,11,11
TraesCS4A02G030700,22,11,11,11
TraesCS4A02G325400,23,12,11,11
TraesCS4A02G438800,22,11,11,11
TraesCS4D02G142100,23,12,11,11
TraesCS4D02G145500,12,1,11,11
TraesCS6A02G049066,34,23,11,11
TraesCS6D02G142500,17,6,11,11
TraesCS7B02G018200,18,7,11,11
TraesCS7D02G111800,14,3,11,11
TraesCS4D02G245300,11,1,10,10
TraesCS4A02G405800,11,1,10,10
TraesCS2A02G552400,10,0,10,10
TraesCS2D02G366800,10,0,10,10
TraesCS7B02G315800,11,1,10,10
TraesCS7D02G365200,11,1,10,10
TraesCS1A02G214700,10,0,10,10
TraesCS1B02G360300,11,1,10,10
TraesCS1B02G461700,16,6,10,10
TraesCS1D02G062900,18,8,10,10
TraesCS1D02G102700,12,2,10,10
TraesCS1D02G166000,10,0,10,10
TraesCS2A02G060500,13,3,10,10
TraesCS2A02G290800,21,11,10,10
TraesCS2B02G357900,16,6,10,10
TraesCS2B02G423700,19,9,10,10
TraesCS2D02G367400,20,10,10,10
TraesCS2D02G396600,10,0,10,10
TraesCS2D02G493400,11,1,10,10
TraesCS2D02G534500,11,1,10,10
TraesCS3A02G102100,22,12,10,10
TraesCS3A02G253200,33,23,10,10
TraesCS3D02G114900,18,8,10,10
TraesCS3D02G295800,15,5,10,10
TraesCS3D02G514000,11,1,10,10
TraesCS4A02G094300,20,10,10,10
TraesCS4B02G205700,11,1,10,10
TraesCS4B02G305700,30,20,10,10
TraesCS5A02G203400,14,4,10,10
TraesCS5A02G307400,14,4,10,10
TraesCS5A02G460800,11,1,10,10
TraesCS5A02G536600,10,0,10,10
TraesCS5D02G531400,12,2,10,10
TraesCS5D02G538700,19,9,10,10
TraesCS6D02G191200,14,4,10,10
TraesCS6D02G342800,11,1,10,10
TraesCS7A02G183800,31,21,10,10
TraesCS7A02G484700,13,3,10,10
TraesCS7D02G068700,10,0,10,10
TraesCS7D02G392400,15,5,10,10
TraesCSU02G108363,28,18,10,10
TraesCSU02G108600,27,17,10,10
TraesCS1D02G418900,9,0,9,9
TraesCS2B02G529200,15,6,9,9
TraesCS4D02G354100,11,2,9,9
TraesCS7A02G354800,10,1,9,9
TraesCS4B02G245900,10,1,9,9
TraesCS3A02G375500,9,0,9,9
TraesCS3D02G078500,16,7,9,9
TraesCS6D02G362900,10,1,9,9
TraesCS1A02G183000,11,2,9,9
TraesCS1B02G352400,10,1,9,9
TraesCS1B02G362800,10,1,9,9
TraesCS1B02G429200,10,1,9,9
TraesCS2A02G187400,25,16,9,9
TraesCS2A02G327300,10,1,9,9
TraesCS2A02G399100,9,0,9,9
TraesCS2A02G558000,23,14,9,9
TraesCS2B02G329900,29,20,9,9
TraesCS2B02G384600,29,20,9,9
TraesCS2B02G404300,14,5,9,9
TraesCS2B02G417100,9,0,9,9
TraesCS2D02G220000,10,1,9,9
TraesCS2D02G303800,18,9,9,9
TraesCS2D02G348700,10,1,9,9
TraesCS3B02G272700,9,0,9,9
TraesCS3B02G359400,15,6,9,9
TraesCS3B02G574000,11,2,9,9
TraesCS3D02G106300,10,1,9,9
TraesCS3D02G199100,10,1,9,9
TraesCS4A02G032300,11,2,9,9
TraesCS4A02G092100,9,0,9,9
TraesCS4B02G200600,10,1,9,9
TraesCS4B02G321800,10,1,9,9
TraesCS4D02G129400,21,12,9,9
TraesCS4D02G295300,9,0,9,9
TraesCS5A02G190100,16,7,9,9
TraesCS5B02G202100,10,1,9,9
TraesCS5B02G202400,12,3,9,9
TraesCS5B02G322700,9,0,9,9
TraesCS5B02G434100,54,45,9,9
TraesCS6A02G177300,11,2,9,9
TraesCS6A02G363900,10,1,9,9
TraesCS6B02G065749,22,13,9,9
TraesCS6B02G432300,10,1,9,9
TraesCS6D02G164500,9,0,9,9
TraesCS6D02G266200,21,12,9,9
TraesCS7D02G126300,12,3,9,9
TraesCS7D02G228700,10,1,9,9
TraesCS7D02G508000,13,4,9,9
TraesCS3B02G278000,10,2,8,8
TraesCS3D02G412800,11,3,8,8
TraesCS6D02G225700,9,1,8,8
TraesCS7B02G272900,9,1,8,8
TraesCS3B02G210300,9,1,8,8
TraesCS4A02G058800,10,2,8,8
TraesCS7D02G216600,24,16,8,8
TraesCS5B02G375500,21,13,8,8
TraesCS5D02G244800,10,2,8,8
TraesCS7D02G367700,9,1,8,8
TraesCS2B02G387300,13,5,8,8
TraesCS3A02G368700,9,1,8,8
TraesCS4A02G075400,8,0,8,8
TraesCS2A02G201800,17,9,8,8
TraesCS1A02G321100,10,2,8,8
TraesCS1B02G418000,8,0,8,8
TraesCS1D02G174100,11,3,8,8
TraesCS1D02G274000,13,5,8,8
TraesCS2A02G123000,9,1,8,8
TraesCS2A02G153300,8,0,8,8
TraesCS2A02G285100,31,23,8,8
TraesCS2A02G364900,8,0,8,8
TraesCS2A02G586800,9,1,8,8
TraesCS2B02G418900,9,1,8,8
TraesCS2B02G424500,9,1,8,8
TraesCS2B02G491000,18,10,8,8
TraesCS2D02G302100,12,4,8,8
TraesCS2D02G335600,9,1,8,8
TraesCS2D02G398300,8,0,8,8
TraesCS2D02G403800,10,2,8,8
TraesCS2D02G477900,9,1,8,8
TraesCS3A02G050700,11,3,8,8
TraesCS3A02G129400,9,1,8,8
TraesCS3B02G089500,12,4,8,8
TraesCS3B02G120900,13,5,8,8
TraesCS3B02G268100,9,1,8,8
TraesCS3B02G336800,9,1,8,8
TraesCS3B02G395600,9,1,8,8
TraesCS3D02G127100,9,1,8,8
TraesCS4A02G046300,8,0,8,8
TraesCS4A02G112600,11,3,8,8
TraesCS4A02G184000,9,1,8,8
TraesCS4A02G259600,8,0,8,8
TraesCS4B02G088600,18,10,8,8
TraesCS4D02G201700,9,1,8,8
TraesCS4D02G212300,8,0,8,8
TraesCS4D02G287200,8,0,8,8
TraesCS5A02G025300,8,0,8,8
TraesCS5A02G049400,16,8,8,8
TraesCS5B02G193000,18,10,8,8
TraesCS5B02G194800,9,1,8,8
TraesCS5B02G329300,11,3,8,8
TraesCS5D02G060200,10,2,8,8
TraesCS5D02G195900,9,1,8,8
TraesCS5D02G425800,40,32,8,8
TraesCS6A02G048900,19,11,8,8
TraesCS6A02G216900,9,1,8,8
TraesCS6A02G242600,13,5,8,8
TraesCS6A02G277800,9,1,8,8
TraesCS6B02G158600,10,2,8,8
TraesCS6D02G378000,11,3,8,8
TraesCS7B02G075600,9,1,8,8
TraesCS7B02G397000,8,0,8,8
TraesCS7B02G412400,13,5,8,8
TraesCS7B02G417900,9,1,8,8
TraesCS7D02G217400,9,1,8,8
TraesCS7D02G226200,10,2,8,8
TraesCS7D02G381000,9,1,8,8
TraesCS7D02G391700,26,18,8,8
TraesCSU02G108000,31,23,8,8
TraesCSU02G210181,31,23,8,8
TraesCS1D02G302100,7,0,7,7
TraesCS5B02G510500,7,0,7,7
TraesCS5A02G314600,11,4,7,7
TraesCS3A02G159200,7,0,7,7
TraesCS2D02G193400,9,2,7,7
TraesCS1B02G347400,7,0,7,7
TraesCS6B02G317100,7,0,7,7
TraesCS5B02G508800,7,0,7,7
TraesCS7D02G359900,8,1,7,7
TraesCS5D02G323100,8,1,7,7
TraesCS6D02G272000,8,1,7,7
TraesCS5A02G515500,7,0,7,7
TraesCS6B02G265200,8,1,7,7
TraesCS7B02G169900,8,1,7,7
TraesCS7D02G272400,9,2,7,7
TraesCS3A02G406000,10,3,7,7
TraesCS7B02G296800,8,1,7,7
TraesCS6A02G227900,8,1,7,7
TraesCS5D02G294400,8,1,7,7
TraesCS3D02G408100,7,0,7,7
TraesCS4B02G297000,8,1,7,7
TraesCS1A02G048700,7,0,7,7
TraesCS1A02G166600,15,8,7,7
TraesCS1A02G302800,8,1,7,7
TraesCS1B02G291900,7,0,7,7
TraesCS1B02G302300,7,0,7,7
TraesCS1B02G446900,24,17,7,7
TraesCS1D02G342100,8,1,7,7
TraesCS2A02G305300,19,12,7,7
TraesCS2A02G343800,9,2,7,7
TraesCS2A02G420000,7,0,7,7
TraesCS2A02G570300,7,0,7,7
TraesCS2B02G144100,7,0,7,7
TraesCS2B02G173500,7,0,7,7
TraesCS2B02G204200,8,1,7,7
TraesCS2B02G269300,7,0,7,7
TraesCS2B02G307200,11,4,7,7
TraesCS2B02G341300,9,2,7,7
TraesCS2B02G471600,20,13,7,7
TraesCS2B02G562200,7,0,7,7
TraesCS2D02G132600,10,3,7,7
TraesCS2D02G148900,8,1,7,7
TraesCS2D02G161100,8,1,7,7
TraesCS2D02G276000,7,0,7,7
TraesCS2D02G417100,7,0,7,7
TraesCS3A02G164300,8,1,7,7
TraesCS3A02G394000,8,1,7,7
TraesCS3A02G458100,8,1,7,7
TraesCS3A02G481400,7,0,7,7
TraesCS3B02G162300,9,2,7,7
TraesCS3B02G428700,7,0,7,7
TraesCS3B02G441800,9,2,7,7
TraesCS3B02G544200,11,4,7,7
TraesCS3D02G091200,26,19,7,7
TraesCS3D02G144800,8,1,7,7
TraesCS3D02G308900,25,18,7,7
TraesCS4A02G061000,9,2,7,7
TraesCS4A02G083900,7,0,7,7
TraesCS4A02G103400,7,0,7,7
TraesCS4A02G226700,7,0,7,7
TraesCS4B02G191500,9,2,7,7
TraesCS4B02G243400,7,0,7,7
TraesCS5A02G025600,15,8,7,7
TraesCS5A02G057300,22,15,7,7
TraesCS5A02G171900,7,0,7,7
TraesCS5A02G216200,13,6,7,7
TraesCS5B02G015500,9,2,7,7
TraesCS5B02G139700,7,0,7,7
TraesCS5B02G252600,7,0,7,7
TraesCS5B02G328600,7,0,7,7
TraesCS6A02G015400,7,0,7,7
TraesCS6A02G237500,8,1,7,7
TraesCS6A02G380000,7,0,7,7
TraesCS6A02G383700,8,1,7,7
TraesCS6B02G065578,26,19,7,7
TraesCS6B02G398100,8,1,7,7
TraesCS6D02G053800,7,0,7,7
TraesCS6D02G337100,13,6,7,7
TraesCS7A02G222500,8,1,7,7
TraesCS7A02G303400,9,2,7,7
TraesCS7A02G315200,7,0,7,7
TraesCS7A02G358900,9,2,7,7
TraesCS7A02G450200,15,8,7,7
TraesCS7A02G481500,8,1,7,7
TraesCS7A02G549100,7,0,7,7
TraesCS7B02G042500,12,5,7,7
TraesCS7B02G128800,10,3,7,7
TraesCS7B02G142500,7,0,7,7
TraesCS7B02G280200,7,0,7,7
TraesCS7B02G316000,10,3,7,7
TraesCS7B02G325100,8,1,7,7
TraesCS7D02G460300,10,3,7,7
TraesCS4B02G301400,7,1,6,6
TraesCS1D02G314800,6,0,6,6
TraesCS3B02G158800,14,8,6,6
TraesCS6B02G280800,8,2,6,6
TraesCS5A02G420200,7,1,6,6
TraesCS5B02G264300,6,0,6,6
TraesCS7B02G251900,6,0,6,6
TraesCS2D02G252100,7,1,6,6
TraesCS2A02G590800,7,1,6,6
TraesCS3D02G185500,7,1,6,6
TraesCS7B02G264800,7,1,6,6
TraesCS6B02G366100,11,5,6,6
TraesCS1B02G273100,7,1,6,6
TraesCS2B02G313600,7,1,6,6
TraesCS6A02G007300,6,0,6,6
TraesCS1B02G232700,6,0,6,6
TraesCS5B02G317400,6,0,6,6
TraesCS5A02G237900,8,2,6,6
TraesCS7A02G355300,6,0,6,6
TraesCS4D02G301100,7,1,6,6
TraesCS3B02G518100,6,0,6,6
TraesCS2B02G178000,7,1,6,6
TraesCS2B02G387800,7,1,6,6
TraesCS4B02G096500,7,1,6,6
TraesCS2B02G355400,7,1,6,6
TraesCS4A02G130600,6,0,6,6
TraesCS6B02G138400,7,1,6,6
TraesCS1A02G094500,6,0,6,6
TraesCS1A02G112100,6,0,6,6
TraesCS1A02G223300,7,1,6,6
TraesCS1A02G268900,7,1,6,6
TraesCS1A02G290700,6,0,6,6
TraesCS1A02G309100,6,0,6,6
TraesCS1A02G340100,8,2,6,6
TraesCS1A02G403100,6,0,6,6
TraesCS1B02G093600,7,1,6,6
TraesCS1B02G130600,9,3,6,6
TraesCS1B02G221300,7,1,6,6
TraesCS1D02G277600,7,1,6,6
TraesCS1D02G310100,13,7,6,6
TraesCS1D02G349800,6,0,6,6
TraesCS1D02G420400,11,5,6,6
TraesCS2A02G032500,7,1,6,6
TraesCS2A02G033700,7,1,6,6
TraesCS2A02G320100,6,0,6,6
TraesCS2A02G531800,9,3,6,6
TraesCS2B02G191100,7,1,6,6
TraesCS2B02G424300,6,0,6,6
TraesCS2D02G072900,7,1,6,6
TraesCS2D02G195400,6,0,6,6
TraesCS2D02G224300,7,1,6,6
TraesCS2D02G302400,6,0,6,6
TraesCS2D02G449000,7,1,6,6
TraesCS3A02G313700,6,0,6,6
TraesCS3A02G348500,7,1,6,6
TraesCS3A02G506000,8,2,6,6
TraesCS3B02G108000,20,14,6,6
TraesCS3B02G182200,7,1,6,6
TraesCS3B02G304300,6,0,6,6
TraesCS3B02G544700,10,4,6,6
TraesCS3D02G077300,22,16,6,6
TraesCS3D02G124400,7,1,6,6
TraesCS3D02G177100,6,0,6,6
TraesCS3D02G277000,7,1,6,6
TraesCS3D02G283100,15,9,6,6
TraesCS3D02G538900,7,1,6,6
TraesCS4A02G062600,6,0,6,6
TraesCS4A02G095500,8,2,6,6
TraesCS4A02G108800,7,1,6,6
TraesCS4A02G121100,6,0,6,6
TraesCS4A02G296000,46,40,6,6
TraesCS4A02G419700,7,1,6,6
TraesCS4B02G275300,21,15,6,6
TraesCS4B02G395900,6,0,6,6
TraesCS4D02G046400,6,0,6,6
TraesCS4D02G047400,6,0,6,6
TraesCS4D02G076100,7,1,6,6
TraesCS4D02G081000,7,1,6,6
TraesCS4D02G116600,8,2,6,6
TraesCS4D02G226000,9,3,6,6
TraesCS4D02G273600,9,3,6,6
TraesCS4D02G313000,7,1,6,6
TraesCS5A02G015500,7,1,6,6
TraesCS5A02G095900,6,0,6,6
TraesCS5A02G235600,7,1,6,6
TraesCS5A02G496700,12,6,6,6
TraesCS5A02G501000,7,1,6,6
TraesCS5B02G068200,8,2,6,6
TraesCS5B02G078100,7,1,6,6
TraesCS5B02G211900,7,1,6,6
TraesCS5B02G234000,7,1,6,6
TraesCS5B02G261500,11,5,6,6
TraesCS5B02G321600,8,2,6,6
TraesCS5B02G559400,41,35,6,6
TraesCS5D02G150900,6,0,6,6
TraesCS5D02G280800,7,1,6,6
TraesCS5D02G354600,6,0,6,6
TraesCS5D02G513900,7,1,6,6
TraesCS6A02G323800,6,0,6,6
TraesCS6B02G295200,7,1,6,6
TraesCS6B02G331900,6,0,6,6
TraesCS6B02G360200,7,1,6,6
TraesCS6B02G406900,12,6,6,6
TraesCS6D02G124300,7,1,6,6
TraesCS6D02G169000,6,0,6,6
TraesCS6D02G202500,10,4,6,6
TraesCS6D02G209300,6,0,6,6
TraesCS6D02G246900,7,1,6,6
TraesCS6D02G278100,7,1,6,6
TraesCS7A02G020400,16,10,6,6
TraesCS7A02G083600,6,0,6,6
TraesCS7A02G180000,9,3,6,6
TraesCS7A02G225800,7,1,6,6
TraesCS7A02G394900,7,1,6,6
TraesCS7A02G449400,6,0,6,6
TraesCS7B02G027600,9,3,6,6
TraesCS7B02G131700,7,1,6,6
TraesCS7B02G228200,6,0,6,6
TraesCS7B02G388700,6,0,6,6
TraesCS7D02G063500,7,1,6,6
TraesCS7D02G199100,6,0,6,6
TraesCS7D02G344100,6,0,6,6
TraesCS4A02G241500,5,0,5,5
TraesCS4A02G363200,7,2,5,5
TraesCS4D02G098100,5,0,5,5
TraesCS5A02G363800,6,1,5,5
TraesCS5D02G372900,5,0,5,5
TraesCS1B02G235100,6,1,5,5
TraesCS2A02G417300,5,0,5,5
TraesCS2D02G515900,6,1,5,5
TraesCS4B02G292900,5,0,5,5
TraesCS4D02G291300,6,1,5,5
TraesCS5A02G473800,5,0,5,5
TraesCS1A02G102400,5,0,5,5
TraesCS1D02G196900,5,0,5,5
TraesCS5B02G380200,6,1,5,5
TraesCS6A02G288100,5,0,5,5
TraesCS5A02G121800,6,1,5,5
TraesCS3A02G180600,6,1,5,5
TraesCS5D02G161000,9,4,5,5
TraesCS5D02G259700,5,0,5,5
TraesCS6D02G268400,5,0,5,5
TraesCS2D02G386100,5,0,5,5
TraesCS4A02G364700,5,0,5,5
TraesCS3D02G418400,5,0,5,5
TraesCS2A02G283800,5,0,5,5
TraesCS2B02G300800,5,0,5,5
TraesCS2D02G282800,5,0,5,5
TraesCS6B02G012800,5,0,5,5
TraesCS5D02G022400,7,2,5,5
TraesCS4A02G059600,6,1,5,5
TraesCS4D02G236600,5,0,5,5
TraesCS4A02G058900,5,0,5,5
TraesCS1D02G127700,5,0,5,5
TraesCS4D02G243700,6,1,5,5
TraesCS5D02G401700,7,2,5,5
TraesCS6B02G045400,5,0,5,5
TraesCS6D02G020600,6,1,5,5
TraesCS1A02G042700,9,4,5,5
TraesCS2A02G157600,6,1,5,5
TraesCS2D02G163700,7,2,5,5
TraesCS3B02G399300,6,1,5,5
TraesCS4D02G092900,6,1,5,5
TraesCS5A02G005500,5,0,5,5
TraesCS6D02G219300,5,0,5,5
TraesCS7A02G470700,5,0,5,5
TraesCS7D02G032700,5,0,5,5
TraesCS2A02G338300,5,0,5,5
TraesCS2B02G343600,5,0,5,5
TraesCS4D02G175700,7,2,5,5
TraesCS6A02G378600,6,1,5,5
TraesCS7B02G115400,6,1,5,5
TraesCS7D02G390300,8,3,5,5
TraesCS7B02G184800,6,1,5,5
TraesCS4D02G064200,6,1,5,5
TraesCS4A02G140800,6,1,5,5
TraesCS4A02G395700,6,1,5,5
TraesCS3A02G527300,6,1,5,5
TraesCS3B02G270500,6,1,5,5
TraesCS7A02G338500,6,1,5,5
TraesCS1A02G104500,7,2,5,5
TraesCS1A02G175500,9,4,5,5
TraesCS1A02G295600,6,1,5,5
TraesCS1B02G191700,6,1,5,5
TraesCS1B02G257800,6,1,5,5
TraesCS1B02G366400,5,0,5,5
TraesCS1D02G329500,11,6,5,5
TraesCS2A02G112300,5,0,5,5
TraesCS2A02G114900,5,0,5,5
TraesCS2A02G214200,6,1,5,5
TraesCS2A02G371000,6,1,5,5
TraesCS2A02G415800,6,1,5,5
TraesCS2A02G452100,6,1,5,5
TraesCS2A02G467700,5,0,5,5
TraesCS2B02G090600,5,0,5,5
TraesCS2B02G134100,5,0,5,5
TraesCS2B02G182700,5,0,5,5
TraesCS2B02G254700,5,0,5,5
TraesCS2B02G288800,6,1,5,5
TraesCS2B02G302200,14,9,5,5
TraesCS2B02G305800,5,0,5,5
TraesCS2B02G322100,24,19,5,5
TraesCS2B02G388300,5,0,5,5
TraesCS2B02G485500,5,0,5,5
TraesCS2B02G514000,6,1,5,5
TraesCS2B02G521500,5,0,5,5
TraesCS2B02G525900,7,2,5,5
TraesCS2D02G153100,10,5,5,5
TraesCS2D02G166600,5,0,5,5
TraesCS2D02G188800,6,1,5,5
TraesCS2D02G263200,5,0,5,5
TraesCS2D02G300800,5,0,5,5
TraesCS2D02G319600,5,0,5,5
TraesCS2D02G341200,9,4,5,5
TraesCS2D02G347200,6,1,5,5
TraesCS2D02G429700,5,0,5,5
TraesCS2D02G501900,9,4,5,5
TraesCS2D02G533200,5,0,5,5
TraesCS3A02G076900,5,0,5,5
TraesCS3A02G084900,5,0,5,5
TraesCS3A02G230000,12,7,5,5
TraesCS3A02G412800,5,0,5,5
TraesCS3A02G425700,5,0,5,5
TraesCS3A02G481200,5,0,5,5
TraesCS3B02G091100,6,1,5,5
TraesCS3B02G128000,5,0,5,5
TraesCS3D02G104500,7,2,5,5
TraesCS3D02G149600,5,0,5,5
TraesCS3D02G275900,6,1,5,5
TraesCS3D02G298300,5,0,5,5
TraesCS3D02G327700,12,7,5,5
TraesCS3D02G352400,7,2,5,5
TraesCS4A02G066100,5,0,5,5
TraesCS4A02G069000,5,0,5,5
TraesCS4A02G092900,5,0,5,5
TraesCS4A02G111400,6,1,5,5
TraesCS4A02G209100,7,2,5,5
TraesCS4A02G392000,5,0,5,5
TraesCS4B02G298100,12,7,5,5
TraesCS4B02G298200,6,1,5,5
TraesCS4B02G328200,5,0,5,5
TraesCS4D02G067400,7,2,5,5
TraesCS4D02G075300,5,0,5,5
TraesCS4D02G174700,6,1,5,5
TraesCS4D02G182000,5,0,5,5
TraesCS4D02G231400,6,1,5,5
TraesCS4D02G287300,5,0,5,5
TraesCS5A02G038500,5,0,5,5
TraesCS5A02G209700,6,1,5,5
TraesCS5A02G284800,7,2,5,5
TraesCS5A02G359300,5,0,5,5
TraesCS5A02G411500,5,0,5,5
TraesCS5B02G054600,11,6,5,5
TraesCS5B02G101800,6,1,5,5
TraesCS5B02G233700,8,3,5,5
TraesCS5B02G366800,6,1,5,5
TraesCS5B02G447800,15,10,5,5
TraesCS5B02G499900,6,1,5,5
TraesCS5D02G015600,7,2,5,5
TraesCS5D02G089200,6,1,5,5
TraesCS5D02G127300,5,0,5,5
TraesCS5D02G168900,5,0,5,5
TraesCS5D02G393600,6,1,5,5
TraesCS5D02G551800,5,0,5,5
TraesCS6A02G101400,5,0,5,5
TraesCS6A02G108900,5,0,5,5
TraesCS6A02G111300,6,1,5,5
TraesCS6A02G222900,6,1,5,5
TraesCS6A02G247800,5,0,5,5
TraesCS6A02G284700,6,1,5,5
TraesCS6A02G285900,5,0,5,5
TraesCS6B02G065536,32,27,5,5
TraesCS6B02G099300,5,0,5,5
TraesCS6B02G257700,6,1,5,5
TraesCS6B02G398500,9,4,5,5
TraesCS6B02G406300,6,1,5,5
TraesCS6B02G456500,6,1,5,5
TraesCS6D02G030100,7,2,5,5
TraesCS6D02G075700,6,1,5,5
TraesCS6D02G161400,5,0,5,5
TraesCS6D02G217500,5,0,5,5
TraesCS6D02G218600,6,1,5,5
TraesCS6D02G222000,15,10,5,5
TraesCS6D02G263500,5,0,5,5
TraesCS6D02G355000,5,0,5,5
TraesCS7A02G053200,6,1,5,5
TraesCS7A02G091900,5,0,5,5
TraesCS7A02G092000,6,1,5,5
TraesCS7A02G129300,5,0,5,5
TraesCS7A02G168200,5,0,5,5
TraesCS7A02G228400,21,16,5,5
TraesCS7A02G302800,5,0,5,5
TraesCS7A02G400100,6,1,5,5
TraesCS7A02G405900,6,1,5,5
TraesCS7B02G084600,5,0,5,5
TraesCS7B02G242200,8,3,5,5
TraesCS7B02G248500,6,1,5,5
TraesCS7B02G288000,5,0,5,5
TraesCS7B02G290600,5,0,5,5
TraesCS7B02G300200,5,0,5,5
TraesCS7B02G306500,5,0,5,5
TraesCS7B02G417700,8,3,5,5
TraesCS7B02G472500,5,0,5,5
TraesCS7D02G227500,10,5,5,5
TraesCS7D02G241300,5,0,5,5
TraesCS7D02G298800,6,1,5,5
TraesCS7D02G431500,6,1,5,5
TraesCS7D02G433000,7,2,5,5
TraesCSU02G122600,6,1,5,5
TraesCSU02G178500,6,1,5,5
TraesCSU02G257591,64,59,5,5
TraesCS5B02G297100,6,2,4,4
TraesCS5D02G304900,8,4,4,4
TraesCS2A02G465700,6,2,4,4
TraesCS2D02G466100,5,1,4,4
TraesCS4B02G251500,4,0,4,4
TraesCS7A02G417300,5,1,4,4
TraesCS1B02G307000,5,1,4,4
TraesCS2A02G185600,5,1,4,4
TraesCS2A02G505600,13,9,4,4
TraesCS2B02G436300,4,0,4,4
TraesCS7D02G250700,6,2,4,4
TraesCS2A02G547800,5,1,4,4
TraesCS3D02G091700,5,1,4,4
TraesCS1B02G208000,4,0,4,4
TraesCS2A02G253900,5,1,4,4
TraesCS5D02G272800,4,0,4,4
TraesCS5A02G251800,4,0,4,4
TraesCS3B02G458800,4,0,4,4
TraesCS3A02G433300,4,0,4,4
TraesCS4B02G175100,4,0,4,4
TraesCS4A02G206100,6,2,4,4
TraesCS7B02G154300,5,1,4,4
TraesCS4D02G135500,9,5,4,4
TraesCS5A02G080300,4,0,4,4
TraesCS6D02G245300,7,3,4,4
TraesCS3A02G312800,5,1,4,4
TraesCS2A02G401200,4,0,4,4
TraesCS5B02G315600,5,1,4,4
TraesCS1A02G125800,5,1,4,4
TraesCS1B02G144800,4,0,4,4
TraesCS1B02G273300,4,0,4,4
TraesCS5A02G286800,4,0,4,4
TraesCS5B02G286100,4,0,4,4
TraesCS5D02G294500,4,0,4,4
TraesCS7A02G260600,4,0,4,4
TraesCS7B02G158600,4,0,4,4
TraesCS5D02G030400,5,1,4,4
TraesCS6B02G395400,4,0,4,4
TraesCS6D02G023900,5,1,4,4
TraesCS6D02G034900,5,1,4,4
TraesCS7B02G088200,5,1,4,4
TraesCS1D02G220500,5,1,4,4
TraesCS2A02G370300,4,0,4,4
TraesCS2A02G456600,10,6,4,4
TraesCS3B02G290600,5,1,4,4
TraesCS3D02G361600,5,1,4,4
TraesCS5B02G377500,4,0,4,4
TraesCS5D02G048400,4,0,4,4
TraesCS6A02G198000,4,0,4,4
TraesCS1A02G266300,5,1,4,4
TraesCS1D02G266500,5,1,4,4
TraesCS2A02G101100,7,3,4,4
TraesCS2D02G324700,4,0,4,4
TraesCS3B02G371200,5,1,4,4
TraesCS4D02G176000,5,1,4,4
TraesCS5D02G059700,9,5,4,4
TraesCS7A02G357500,5,1,4,4
TraesCS7A02G569100,21,17,4,4
TraesCS1A02G192800,4,0,4,4
TraesCS4A02G105300,5,1,4,4
TraesCS3B02G468400,5,1,4,4
TraesCS7D02G292000,5,1,4,4
TraesCS2B02G209200,4,0,4,4
TraesCS3A02G242500,6,2,4,4
TraesCS3A02G289700,5,1,4,4
TraesCS3B02G324400,4,0,4,4
TraesCS3B02G595800,4,0,4,4
TraesCS3D02G289500,5,1,4,4
TraesCS3D02G532800,4,0,4,4
TraesCS1A02G020500,4,0,4,4
TraesCS1A02G036100,4,0,4,4
TraesCS1A02G095100,5,1,4,4
TraesCS1A02G097400,4,0,4,4
TraesCS1A02G165400,14,10,4,4
TraesCS1A02G217300,5,1,4,4
TraesCS1A02G339900,4,0,4,4
TraesCS1A02G346500,5,1,4,4
TraesCS1A02G416700,5,1,4,4
TraesCS1B02G093700,5,1,4,4
TraesCS1B02G180300,4,0,4,4
TraesCS1B02G290600,4,0,4,4
TraesCS1B02G439900,4,0,4,4
TraesCS1B02G443700,4,0,4,4
TraesCS1B02G479600,5,1,4,4
TraesCS1D02G077600,4,0,4,4
TraesCS1D02G103800,4,0,4,4
TraesCS1D02G113700,4,0,4,4
TraesCS1D02G184500,5,1,4,4
TraesCS1D02G185600,4,0,4,4
TraesCS1D02G207500,4,0,4,4
TraesCS1D02G239900,8,4,4,4
TraesCS1D02G282800,5,1,4,4
TraesCS1D02G421100,4,0,4,4
TraesCS2A02G062200,6,2,4,4
TraesCS2A02G091000,5,1,4,4
TraesCS2A02G156800,5,1,4,4
TraesCS2A02G200300,4,0,4,4
TraesCS2A02G242900,4,0,4,4
TraesCS2A02G291500,5,1,4,4
TraesCS2A02G493500,5,1,4,4
TraesCS2A02G497700,8,4,4,4
TraesCS2A02G527100,4,0,4,4
TraesCS2A02G532000,5,1,4,4
TraesCS2A02G545500,4,0,4,4
TraesCS2B02G098400,9,5,4,4
TraesCS2B02G098600,6,2,4,4
TraesCS2B02G184700,5,1,4,4
TraesCS2B02G211100,5,1,4,4
TraesCS2B02G245900,4,0,4,4
TraesCS2B02G348200,4,0,4,4
TraesCS2B02G370200,5,1,4,4
TraesCS2B02G383100,5,1,4,4
TraesCS2B02G394300,5,1,4,4
TraesCS2B02G402200,5,1,4,4
TraesCS2B02G484200,5,1,4,4
TraesCS2B02G513800,5,1,4,4
TraesCS2D02G074200,11,7,4,4
TraesCS2D02G081900,11,7,4,4
TraesCS2D02G115500,5,1,4,4
TraesCS2D02G225400,6,2,4,4
TraesCS2D02G242600,4,0,4,4
TraesCS2D02G403600,6,2,4,4
TraesCS2D02G463000,5,1,4,4
TraesCS2D02G502400,5,1,4,4
TraesCS2D02G515500,5,1,4,4
TraesCS2D02G521500,5,1,4,4
TraesCS2D02G593400,5,1,4,4
TraesCS3A02G159900,4,0,4,4
TraesCS3A02G196600,4,0,4,4
TraesCS3A02G209900,5,1,4,4
TraesCS3A02G244100,4,0,4,4
TraesCS3A02G258900,4,0,4,4
TraesCS3A02G329200,5,1,4,4
TraesCS3A02G391400,5,1,4,4
TraesCS3A02G467700,5,1,4,4
TraesCS3B02G055200,7,3,4,4
TraesCS3B02G194100,5,1,4,4
TraesCS3B02G208200,4,0,4,4
TraesCS3B02G227800,5,1,4,4
TraesCS3B02G262800,24,20,4,4
TraesCS3B02G286600,29,25,4,4
TraesCS3B02G432700,5,1,4,4
TraesCS3B02G475019,57,53,4,4
TraesCS3B02G531300,5,1,4,4
TraesCS3D02G004100,24,20,4,4
TraesCS3D02G051000,4,0,4,4
TraesCS3D02G111000,5,1,4,4
TraesCS3D02G192800,4,0,4,4
TraesCS3D02G212300,4,0,4,4
TraesCS3D02G216400,5,1,4,4
TraesCS3D02G270300,7,3,4,4
TraesCS3D02G273600,4,0,4,4
TraesCS3D02G298800,6,2,4,4
TraesCS3D02G355100,5,1,4,4
TraesCS3D02G387200,4,0,4,4
TraesCS3D02G491400,4,0,4,4
TraesCS3D02G519000,4,0,4,4
TraesCS4A02G130800,4,0,4,4
TraesCS4A02G252800,5,1,4,4
TraesCS4A02G267500,5,1,4,4
TraesCS4A02G290600,4,0,4,4
TraesCS4A02G337800,5,1,4,4
TraesCS4A02G430000,16,12,4,4
TraesCS4A02G472400,5,1,4,4
TraesCS4B02G155400,4,0,4,4
TraesCS4B02G212200,4,0,4,4
TraesCS4B02G232500,5,1,4,4
TraesCS4B02G301700,4,0,4,4
TraesCS4B02G311100,5,1,4,4
TraesCS4B02G344100,4,0,4,4
TraesCS4D02G171700,5,1,4,4
TraesCS4D02G188700,4,0,4,4
TraesCS4D02G272200,13,9,4,4
TraesCS4D02G289500,5,1,4,4
TraesCS5A02G010100,4,0,4,4
TraesCS5A02G098200,4,0,4,4
TraesCS5A02G141400,4,0,4,4
TraesCS5A02G302600,5,1,4,4
TraesCS5A02G401500,4,0,4,4
TraesCS5B02G143300,4,0,4,4
TraesCS5B02G166000,4,0,4,4
TraesCS5B02G267900,5,1,4,4
TraesCS5B02G305900,5,1,4,4
TraesCS5B02G382100,4,0,4,4
TraesCS5B02G392900,4,0,4,4
TraesCS5B02G549400,5,1,4,4
TraesCS5D02G019600,5,1,4,4
TraesCS5D02G024300,4,0,4,4
TraesCS5D02G108500,4,0,4,4
TraesCS5D02G188800,4,0,4,4
TraesCS5D02G221900,5,1,4,4
TraesCS5D02G242700,5,1,4,4
TraesCS5D02G403400,4,0,4,4
TraesCS5D02G405800,5,1,4,4
TraesCS5D02G503800,4,0,4,4
TraesCS5D02G516500,8,4,4,4
TraesCS5D02G536400,17,13,4,4
TraesCS6A02G111700,16,12,4,4
TraesCS6A02G171800,4,0,4,4
TraesCS6A02G218000,4,0,4,4
TraesCS6A02G235000,4,0,4,4
TraesCS6A02G278000,4,0,4,4
TraesCS6A02G380500,4,0,4,4
TraesCS6B02G121600,7,3,4,4
TraesCS6B02G133300,4,0,4,4
TraesCS6B02G199700,4,0,4,4
TraesCS6B02G199900,4,0,4,4
TraesCS6B02G287600,5,1,4,4
TraesCS6B02G342000,4,0,4,4
TraesCS6D02G161200,4,0,4,4
TraesCS6D02G281600,5,1,4,4
TraesCS6D02G294600,4,0,4,4
TraesCS6D02G339200,5,1,4,4
TraesCS7A02G157200,4,0,4,4
TraesCS7A02G379600,4,0,4,4
TraesCS7A02G390500,4,0,4,4
TraesCS7A02G473000,5,1,4,4
TraesCS7A02G479600,5,1,4,4
TraesCS7B02G030000,4,0,4,4
TraesCS7B02G064000,5,1,4,4
TraesCS7B02G068100,5,1,4,4
TraesCS7B02G093200,6,2,4,4
TraesCS7B02G135700,5,1,4,4
TraesCS7B02G178000,4,0,4,4
TraesCS7B02G290900,4,0,4,4
TraesCS7B02G320100,5,1,4,4
TraesCS7B02G388300,5,1,4,4
TraesCS7D02G087600,4,0,4,4
TraesCS7D02G150000,4,0,4,4
TraesCS7D02G171300,5,1,4,4
TraesCS7D02G245500,5,1,4,4
TraesCS7D02G260900,4,0,4,4
TraesCS7D02G287900,5,1,4,4
TraesCSU02G027400,5,1,4,4
TraesCS2B02G178300,5,2,3,3
TraesCS2B02G487800,4,1,3,3
TraesCS4A02G053000,3,0,3,3
TraesCS4D02G251500,3,0,3,3
TraesCS5D02G496300,3,0,3,3
TraesCS7D02G388100,5,2,3,3
TraesCS1A02G314300,3,0,3,3
TraesCS1D02G223600,4,1,3,3
TraesCS2D02G412200,4,1,3,3
TraesCS3B02G115400,4,1,3,3
TraesCS6B02G334700,3,0,3,3
TraesCS7A02G252000,4,1,3,3
TraesCS5B02G422000,4,1,3,3
TraesCS3B02G470700,3,0,3,3
TraesCS1A02G097300,3,0,3,3
TraesCS5D02G508800,3,0,3,3
TraesCS3A02G423200,3,0,3,3
TraesCS3B02G272500,3,0,3,3
TraesCS3D02G244700,3,0,3,3
TraesCS5A02G267500,4,1,3,3
TraesCS5A02G488700,3,0,3,3
TraesCS5B02G255900,4,1,3,3
TraesCS7D02G463100,4,1,3,3
TraesCS4B02G028500,4,1,3,3
TraesCS1A02G262500,4,1,3,3
TraesCS4B02G268800,3,0,3,3
TraesCS7A02G257400,3,0,3,3
TraesCS1A02G258400,3,0,3,3
TraesCS2A02G151700,4,1,3,3
TraesCS4A02G138100,4,1,3,3
TraesCS4D02G163600,3,0,3,3
TraesCS3B02G392600,5,2,3,3
TraesCS3D02G403100,4,1,3,3
TraesCS4B02G043100,3,0,3,3
TraesCS4B02G141300,3,0,3,3
TraesCS7A02G014200,3,0,3,3
TraesCS6A02G269600,5,2,3,3
TraesCS7A02G049100,5,2,3,3
TraesCS4B02G235300,4,1,3,3
TraesCS6B02G321100,4,1,3,3
TraesCS1A02G375600,5,2,3,3
TraesCS4B02G239700,3,0,3,3
TraesCS5B02G236400,5,2,3,3
TraesCS6D02G083800,3,0,3,3
TraesCS1A02G264300,3,0,3,3
TraesCS3B02G157500,4,1,3,3
TraesCS4D02G245200,3,0,3,3
TraesCS1B02G325200,4,1,3,3
TraesCS2B02G514500,3,0,3,3
TraesCS4D02G100800,3,0,3,3
TraesCS6A02G031600,4,1,3,3
TraesCS6B02G028000,3,0,3,3
TraesCS6B02G052800,3,0,3,3
TraesCS6B02G078100,3,0,3,3
TraesCS7B02G088500,3,0,3,3
TraesCS7D02G184000,4,1,3,3
TraesCS2A02G381900,3,0,3,3
TraesCS3A02G257800,4,1,3,3
TraesCS3B02G391900,3,0,3,3
TraesCS4D02G175000,3,0,3,3
TraesCS5B02G157300,4,1,3,3
TraesCS5B02G330100,4,1,3,3
TraesCS5D02G234800,4,1,3,3
TraesCS7B02G204800,8,5,3,3
TraesCS7B02G372500,4,1,3,3
TraesCS7D02G300000,4,1,3,3
TraesCS2A02G102000,6,3,3,3
TraesCS2B02G355600,3,0,3,3
TraesCS6A02G108300,14,11,3,3
TraesCS7A02G263100,6,3,3,3
TraesCS3B02G560400,8,5,3,3
TraesCS2D02G079600,3,0,3,3
TraesCS4D02G112800,3,0,3,3
TraesCS6D02G207100,5,2,3,3
TraesCS6D02G098500,4,1,3,3
TraesCS7A02G208000,4,1,3,3
TraesCS1B02G461600,4,1,3,3
TraesCS7A02G297900,4,1,3,3
TraesCS3A02G400400,4,1,3,3
TraesCS3B02G433400,4,1,3,3
TraesCS2B02G141800,4,1,3,3
TraesCS3D02G371600,4,1,3,3
TraesCS6D02G121500,3,0,3,3
TraesCS7D02G091500,4,1,3,3
TraesCS1D02G429900,4,1,3,3
TraesCS2A02G433000,4,1,3,3
TraesCS5D02G162100,3,0,3,3
TraesCS1A02G079700,3,0,3,3
TraesCS1A02G102600,3,0,3,3
TraesCS1A02G102700,3,0,3,3
TraesCS1A02G219900,4,1,3,3
TraesCS1A02G221800,3,0,3,3
TraesCS1A02G230600,3,0,3,3
TraesCS1A02G257200,4,1,3,3
TraesCS1A02G273900,7,4,3,3
TraesCS1A02G349100,3,0,3,3
TraesCS1A02G386000,3,0,3,3
TraesCS1A02G442300,3,0,3,3
TraesCS1B02G010900,27,24,3,3
TraesCS1B02G066900,19,16,3,3
TraesCS1B02G116200,4,1,3,3
TraesCS1B02G199600,3,0,3,3
TraesCS1B02G202800,3,0,3,3
TraesCS1B02G235600,3,0,3,3
TraesCS1B02G237100,4,1,3,3
TraesCS1B02G286800,5,2,3,3
TraesCS1B02G296600,6,3,3,3
TraesCS1B02G329600,3,0,3,3
TraesCS1B02G411700,3,0,3,3
TraesCS1B02G478700,5,2,3,3
TraesCS1D02G001000,37,34,3,3
TraesCS1D02G002200,3,0,3,3
TraesCS1D02G053800,5,2,3,3
TraesCS1D02G089400,3,0,3,3
TraesCS1D02G122800,4,1,3,3
TraesCS1D02G141700,3,0,3,3
TraesCS1D02G194700,4,1,3,3
TraesCS1D02G195700,5,2,3,3
TraesCS1D02G196000,6,3,3,3
TraesCS1D02G223500,3,0,3,3
TraesCS1D02G294500,6,3,3,3
TraesCS1D02G325200,4,1,3,3
TraesCS1D02G400500,3,0,3,3
TraesCS1D02G424500,19,16,3,3
TraesCS2A02G063100,5,2,3,3
TraesCS2A02G144400,3,0,3,3
TraesCS2A02G195900,3,0,3,3
TraesCS2A02G205500,18,15,3,3
TraesCS2A02G272100,4,1,3,3
TraesCS2A02G291100,4,1,3,3
TraesCS2A02G299900,3,0,3,3
TraesCS2A02G334000,4,1,3,3
TraesCS2A02G352000,4,1,3,3
TraesCS2A02G456100,4,1,3,3
TraesCS2A02G492400,4,1,3,3
TraesCS2A02G496900,3,0,3,3
TraesCS2A02G543100,4,1,3,3
TraesCS2A02G586500,6,3,3,3
TraesCS2B02G105000,4,1,3,3
TraesCS2B02G130900,4,1,3,3
TraesCS2B02G133300,3,0,3,3
TraesCS2B02G169300,4,1,3,3
TraesCS2B02G185800,4,1,3,3
TraesCS2B02G201800,4,1,3,3
TraesCS2B02G281500,3,0,3,3
TraesCS2B02G282300,4,1,3,3
TraesCS2B02G294500,3,0,3,3
TraesCS2B02G356300,3,0,3,3
TraesCS2B02G376200,3,0,3,3
TraesCS2B02G382700,3,0,3,3
TraesCS2B02G386200,3,0,3,3
TraesCS2B02G406700,6,3,3,3
TraesCS2B02G463300,5,2,3,3
TraesCS2B02G471000,6,3,3,3
TraesCS2B02G505700,4,1,3,3
TraesCS2B02G534600,4,1,3,3
TraesCS2B02G554800,3,0,3,3
TraesCS2D02G061000,6,3,3,3
TraesCS2D02G061400,9,6,3,3
TraesCS2D02G112300,3,0,3,3
TraesCS2D02G114800,4,1,3,3
TraesCS2D02G133900,4,1,3,3
TraesCS2D02G148300,3,0,3,3
TraesCS2D02G163900,4,1,3,3
TraesCS2D02G168800,4,1,3,3
TraesCS2D02G276900,3,0,3,3
TraesCS2D02G362200,3,0,3,3
TraesCS2D02G390600,3,0,3,3
TraesCS2D02G421200,3,0,3,3
TraesCS3A02G232100,4,1,3,3
TraesCS3A02G237000,24,21,3,3
TraesCS3A02G238500,3,0,3,3
TraesCS3A02G250700,3,0,3,3
TraesCS3A02G275800,3,0,3,3
TraesCS3A02G322600,6,3,3,3
TraesCS3A02G490000,3,0,3,3
TraesCS3A02G497200,7,4,3,3
TraesCS3B02G059500,8,5,3,3
TraesCS3B02G077500,5,2,3,3
TraesCS3B02G091800,4,1,3,3
TraesCS3B02G126300,4,1,3,3
TraesCS3B02G128400,4,1,3,3
TraesCS3B02G291700,5,2,3,3
TraesCS3B02G300600,4,1,3,3
TraesCS3B02G352800,3,0,3,3
TraesCS3B02G393200,4,1,3,3
TraesCS3B02G421800,3,0,3,3
TraesCS3B02G491000,3,0,3,3
TraesCS3B02G524400,25,22,3,3
TraesCS3B02G531400,4,1,3,3
TraesCS3B02G533400,4,1,3,3
TraesCS3B02G554300,3,0,3,3
TraesCS3B02G557300,4,1,3,3
TraesCS3B02G562600,4,1,3,3
TraesCS3B02G590000,4,1,3,3
TraesCS3D02G077500,4,1,3,3
TraesCS3D02G110700,3,0,3,3
TraesCS3D02G113400,3,0,3,3
TraesCS3D02G129200,3,0,3,3
TraesCS3D02G131000,4,1,3,3
TraesCS3D02G174800,3,0,3,3
TraesCS3D02G192700,4,1,3,3
TraesCS3D02G254100,25,22,3,3
TraesCS3D02G289300,4,1,3,3
TraesCS3D02G348500,3,0,3,3
TraesCS3D02G382800,4,1,3,3
TraesCS3D02G388500,4,1,3,3
TraesCS3D02G438200,3,0,3,3
TraesCS3D02G453400,4,1,3,3
TraesCS3D02G462600,4,1,3,3
TraesCS3D02G485900,3,0,3,3
TraesCS3D02G524000,3,0,3,3
TraesCS4A02G052200,3,0,3,3
TraesCS4A02G058200,3,0,3,3
TraesCS4A02G060100,3,0,3,3
TraesCS4A02G081400,4,1,3,3
TraesCS4A02G099800,3,0,3,3
TraesCS4A02G147500,3,0,3,3
TraesCS4A02G238100,3,0,3,3
TraesCS4A02G298300,5,2,3,3
TraesCS4A02G397000,4,1,3,3
TraesCS4B02G015300,4,1,3,3
TraesCS4B02G047900,4,1,3,3
TraesCS4B02G071800,3,0,3,3
TraesCS4B02G077600,4,1,3,3
TraesCS4B02G085400,4,1,3,3
TraesCS4B02G137200,4,1,3,3
TraesCS4B02G234300,5,2,3,3
TraesCS4B02G273500,3,0,3,3
TraesCS4B02G380200,4,1,3,3
TraesCS4D02G055900,4,1,3,3
TraesCS4D02G070600,3,0,3,3
TraesCS4D02G103000,4,1,3,3
TraesCS4D02G127100,4,1,3,3
TraesCS4D02G148800,5,2,3,3
TraesCS4D02G155900,3,0,3,3
TraesCS4D02G186500,3,0,3,3
TraesCS4D02G232300,3,0,3,3
TraesCS4D02G236500,4,1,3,3
TraesCS4D02G238400,3,0,3,3
TraesCS4D02G243000,3,0,3,3
TraesCS4D02G260100,3,0,3,3
TraesCS5A02G048900,4,1,3,3
TraesCS5A02G126900,3,0,3,3
TraesCS5A02G142800,3,0,3,3
TraesCS5A02G184400,3,0,3,3
TraesCS5A02G195600,4,1,3,3
TraesCS5A02G248500,3,0,3,3
TraesCS5A02G305400,4,1,3,3
TraesCS5A02G434900,3,0,3,3
TraesCS5A02G486000,3,0,3,3
TraesCS5A02G486100,3,0,3,3
TraesCS5B02G008700,3,0,3,3
TraesCS5B02G049500,4,1,3,3
TraesCS5B02G065700,7,4,3,3
TraesCS5B02G066900,4,1,3,3
TraesCS5B02G078800,4,1,3,3
TraesCS5B02G158800,3,0,3,3
TraesCS5B02G178700,5,2,3,3
TraesCS5B02G187800,4,1,3,3
TraesCS5B02G195700,3,0,3,3
TraesCS5B02G313700,5,2,3,3
TraesCS5B02G323400,3,0,3,3
TraesCS5B02G362500,6,3,3,3
TraesCS5B02G489300,3,0,3,3
TraesCS5B02G496600,3,0,3,3
TraesCS5B02G501000,4,1,3,3
TraesCS5D02G005700,5,2,3,3
TraesCS5D02G172700,3,0,3,3
TraesCS5D02G218100,5,2,3,3
TraesCS5D02G222700,4,1,3,3
TraesCS5D02G312400,4,1,3,3
TraesCS5D02G340000,4,1,3,3
TraesCS5D02G499900,3,0,3,3
TraesCS5D02G521400,21,18,3,3
TraesCS5D02G543600,3,0,3,3
TraesCS6A02G036100,3,0,3,3
TraesCS6A02G084400,3,0,3,3
TraesCS6A02G121500,3,0,3,3
TraesCS6A02G180600,4,1,3,3
TraesCS6A02G298300,4,1,3,3
TraesCS6A02G342800,3,0,3,3
TraesCS6A02G347800,4,1,3,3
TraesCS6A02G365700,4,1,3,3
TraesCS6A02G392000,4,1,3,3
TraesCS6A02G418800,3,0,3,3
TraesCS6B02G138700,4,1,3,3
TraesCS6B02G163200,5,2,3,3
TraesCS6B02G210500,4,1,3,3
TraesCS6B02G273000,4,1,3,3
TraesCS6B02G277000,3,0,3,3
TraesCS6B02G303100,3,0,3,3
TraesCS6B02G306300,5,2,3,3
TraesCS6B02G313300,3,0,3,3
TraesCS6B02G337600,3,0,3,3
TraesCS6B02G348200,4,1,3,3
TraesCS6B02G467600,7,4,3,3
TraesCS6D02G018400,3,0,3,3
TraesCS6D02G266300,4,1,3,3
TraesCS6D02G281900,3,0,3,3
TraesCS6D02G322300,4,1,3,3
TraesCS6D02G354000,17,14,3,3
TraesCS6D02G374200,4,1,3,3
TraesCS7A02G019200,5,2,3,3
TraesCS7A02G088500,3,0,3,3
TraesCS7A02G105100,4,1,3,3
TraesCS7A02G215700,4,1,3,3
TraesCS7A02G236800,3,0,3,3
TraesCS7A02G260000,4,1,3,3
TraesCS7A02G353700,5,2,3,3
TraesCS7A02G393600,5,2,3,3
TraesCS7A02G430500,3,0,3,3
TraesCS7A02G432000,4,1,3,3
TraesCS7A02G453600,3,0,3,3
TraesCS7B02G067500,3,0,3,3
TraesCS7B02G085200,4,1,3,3
TraesCS7B02G135600,4,1,3,3
TraesCS7B02G138100,5,2,3,3
TraesCS7B02G182400,3,0,3,3
TraesCS7B02G203900,5,2,3,3
TraesCS7B02G222400,4,1,3,3
TraesCS7B02G247500,4,1,3,3
TraesCS7B02G275300,3,0,3,3
TraesCS7B02G287200,6,3,3,3
TraesCS7B02G455500,3,0,3,3
TraesCS7D02G033200,26,23,3,3
TraesCS7D02G077100,3,0,3,3
TraesCS7D02G087700,3,0,3,3
TraesCS7D02G087800,3,0,3,3
TraesCS7D02G094400,3,0,3,3
TraesCS7D02G240800,4,1,3,3
TraesCS7D02G262900,3,0,3,3
TraesCS7D02G282500,3,0,3,3
TraesCS7D02G381600,4,1,3,3
TraesCS7D02G400600,3,0,3,3
TraesCS7D02G426000,4,1,3,3
TraesCS7D02G428200,6,3,3,3
TraesCS7D02G431300,6,3,3,3
TraesCS7D02G535400,3,0,3,3
TraesCS7D02G546700,3,0,3,3
TraesCSU02G025700,3,0,3,3
TraesCSU02G122500,3,0,3,3
TraesCSU02G134900,3,0,3,3
TraesCS2B02G168900,2,0,2,2
TraesCS3A02G405100,5,3,2,2
TraesCS3B02G319400,4,2,2,2
TraesCS4D02G299700,3,1,2,2
TraesCSU02G075300,3,1,2,2
TraesCS1B02G233300,3,1,2,2
TraesCS2D02G414600,2,0,2,2
TraesCS3A02G099200,2,0,2,2
TraesCS3A02G379900,2,0,2,2
TraesCS3B02G293000,2,0,2,2
TraesCS4A02G011600,16,14,2,2
TraesCS6D02G285400,2,0,2,2
TraesCS1B02G173700,2,0,2,2
TraesCS6B02G141300,2,0,2,2
TraesCS4A02G067300,2,0,2,2
TraesCS3D02G428700,3,1,2,2
TraesCS2D02G351900,2,0,2,2
TraesCS4B02G045700,3,1,2,2
TraesCS4D02G046200,3,1,2,2
TraesCS1D02G336600,3,1,2,2
TraesCS6A02G287700,2,0,2,2
TraesCS2A02G561400,2,0,2,2
TraesCS2A02G199900,2,0,2,2
TraesCS2D02G207800,2,0,2,2
TraesCS4A02G082400,3,1,2,2
TraesCS5B02G142300,2,0,2,2
TraesCS2D02G179600,3,1,2,2
TraesCS5B02G047100,2,0,2,2
TraesCS1A02G310700,3,1,2,2
TraesCS5A02G256500,3,1,2,2
TraesCS5D02G265000,5,3,2,2
TraesCS7B02G135000,4,2,2,2
TraesCS1A02G327100,2,0,2,2
TraesCS1A02G262400,2,0,2,2
TraesCS3A02G042900,3,1,2,2
TraesCS3D02G037800,3,1,2,2
TraesCS3B02G441600,3,1,2,2
TraesCS4B02G141400,2,0,2,2
TraesCS6D02G238900,6,4,2,2
TraesCS2A02G204500,2,0,2,2
TraesCS1B02G275000,3,1,2,2
TraesCS1D02G262700,2,0,2,2
TraesCS1B02G263200,3,1,2,2
TraesCS1D02G251800,2,0,2,2
TraesCS1D02G420700,3,1,2,2
TraesCS4B02G103900,3,1,2,2
TraesCS5A02G239900,4,2,2,2
TraesCS5B02G241500,3,1,2,2
TraesCS6B02G027700,3,1,2,2
TraesCS7A02G182800,5,3,2,2
TraesCS1A02G275800,10,8,2,2
TraesCS1A02G420500,2,0,2,2
TraesCS1B02G236900,5,3,2,2
TraesCS2B02G478700,4,2,2,2
TraesCS3B02G400200,3,1,2,2
TraesCS3D02G214200,3,1,2,2
TraesCS3D02G257800,3,1,2,2
TraesCS4A02G217800,3,1,2,2
TraesCS5B02G226100,3,1,2,2
TraesCS5D02G007000,4,2,2,2
TraesCS6A02G236700,3,1,2,2
TraesCS7A02G306100,3,1,2,2
TraesCS3B02G439600,5,3,2,2
TraesCS5A02G049100,2,0,2,2
TraesCS7D02G210600,2,0,2,2
TraesCS5A02G349500,2,0,2,2
TraesCS2D02G507200,3,1,2,2
TraesCS4B02G065300,3,1,2,2
TraesCS4A02G162500,3,1,2,2
TraesCS5D02G404400,3,1,2,2
TraesCS6D02G136200,2,0,2,2
TraesCS7B02G240000,2,0,2,2
TraesCS3D02G543400,2,0,2,2
TraesCS1A02G005368,44,42,2,2
TraesCS1A02G045300,2,0,2,2
TraesCS1A02G068400,2,0,2,2
TraesCS1A02G125300,2,0,2,2
TraesCS1A02G192300,2,0,2,2
TraesCS1A02G193000,3,1,2,2
TraesCS1A02G317200,3,1,2,2
TraesCS1A02G350000,2,0,2,2
TraesCS1A02G372400,3,1,2,2
TraesCS1A02G391200,3,1,2,2
TraesCS1A02G425200,2,0,2,2
TraesCS1A02G439700,2,0,2,2
TraesCS1B02G111300,2,0,2,2
TraesCS1B02G133400,5,3,2,2
TraesCS1B02G188000,3,1,2,2
TraesCS1B02G250600,3,1,2,2
TraesCS1B02G352500,2,0,2,2
TraesCS1D02G056200,2,0,2,2
TraesCS1D02G106200,4,2,2,2
TraesCS1D02G141800,2,0,2,2
TraesCS1D02G143800,2,0,2,2
TraesCS1D02G161000,2,0,2,2
TraesCS1D02G168500,2,0,2,2
TraesCS1D02G185000,3,1,2,2
TraesCS1D02G204200,3,1,2,2
TraesCS1D02G211800,5,3,2,2
TraesCS1D02G231000,2,0,2,2
TraesCS1D02G242000,3,1,2,2
TraesCS1D02G252800,3,1,2,2
TraesCS1D02G393800,3,1,2,2
TraesCS2A02G030100,2,0,2,2
TraesCS2A02G061900,5,3,2,2
TraesCS2A02G107000,3,1,2,2
TraesCS2A02G114000,3,1,2,2
TraesCS2A02G155500,3,1,2,2
TraesCS2A02G170300,2,0,2,2
TraesCS2A02G198000,7,5,2,2
TraesCS2A02G209000,3,1,2,2
TraesCS2A02G249900,2,0,2,2
TraesCS2A02G282300,3,1,2,2
TraesCS2A02G283000,34,32,2,2
TraesCS2A02G312900,26,24,2,2
TraesCS2A02G377900,3,1,2,2
TraesCS2A02G398900,4,2,2,2
TraesCS2A02G475900,2,0,2,2
TraesCS2A02G489600,5,3,2,2
TraesCS2B02G026200,3,1,2,2
TraesCS2B02G110300,3,1,2,2
TraesCS2B02G127600,2,0,2,2
TraesCS2B02G148000,3,1,2,2
TraesCS2B02G183300,3,1,2,2
TraesCS2B02G201700,2,0,2,2
TraesCS2B02G221800,2,0,2,2
TraesCS2B02G237900,2,0,2,2
TraesCS2B02G240600,2,0,2,2
TraesCS2B02G246800,2,0,2,2
TraesCS2B02G298500,5,3,2,2
TraesCS2B02G308900,2,0,2,2
TraesCS2B02G356900,3,1,2,2
TraesCS2B02G361900,2,0,2,2
TraesCS2B02G381600,3,1,2,2
TraesCS2B02G391400,40,38,2,2
TraesCS2B02G428300,3,1,2,2
TraesCS2B02G468800,2,0,2,2
TraesCS2B02G587500,4,2,2,2
TraesCS2D02G101500,2,0,2,2
TraesCS2D02G115700,2,0,2,2
TraesCS2D02G158400,2,0,2,2
TraesCS2D02G185200,3,1,2,2
TraesCS2D02G206000,2,0,2,2
TraesCS2D02G279200,2,0,2,2
TraesCS2D02G324100,3,1,2,2
TraesCS2D02G381000,4,2,2,2
TraesCS2D02G394500,3,1,2,2
TraesCS2D02G410800,3,1,2,2
TraesCS2D02G426700,2,0,2,2
TraesCS2D02G487000,3,1,2,2
TraesCS2D02G527700,2,0,2,2
TraesCS2D02G561700,3,1,2,2
TraesCS3A02G120900,2,0,2,2
TraesCS3A02G121000,17,15,2,2
TraesCS3A02G158800,3,1,2,2
TraesCS3A02G191100,3,1,2,2
TraesCS3A02G216100,3,1,2,2
TraesCS3A02G240000,3,1,2,2
TraesCS3A02G336100,3,1,2,2
TraesCS3A02G339600,5,3,2,2
TraesCS3A02G426800,2,0,2,2
TraesCS3B02G126900,3,1,2,2
TraesCS3B02G259900,2,0,2,2
TraesCS3B02G274100,3,1,2,2
TraesCS3B02G293600,3,1,2,2
TraesCS3B02G343000,3,1,2,2
TraesCS3B02G385100,3,1,2,2
TraesCS3B02G431000,3,1,2,2
TraesCS3B02G488600,3,1,2,2
TraesCS3B02G520700,2,0,2,2
TraesCS3B02G610600,2,0,2,2
TraesCS3D02G201300,2,0,2,2
TraesCS3D02G207000,2,0,2,2
TraesCS3D02G235200,5,3,2,2
TraesCS3D02G235600,2,0,2,2
TraesCS3D02G252300,4,2,2,2
TraesCS3D02G298400,3,1,2,2
TraesCS3D02G327800,2,0,2,2
TraesCS3D02G407300,2,0,2,2
TraesCS3D02G465600,2,0,2,2
TraesCS3D02G467300,3,1,2,2
TraesCS3D02G533000,2,0,2,2
TraesCS3D02G539900,3,1,2,2
TraesCS4A02G015700,2,0,2,2
TraesCS4A02G089700,2,0,2,2
TraesCS4A02G110600,3,1,2,2
TraesCS4A02G119700,3,1,2,2
TraesCS4A02G164000,3,1,2,2
TraesCS4A02G187600,5,3,2,2
TraesCS4A02G207900,2,0,2,2
TraesCS4A02G243200,2,0,2,2
TraesCS4A02G246500,4,2,2,2
TraesCS4A02G272000,3,1,2,2
TraesCS4A02G274600,3,1,2,2
TraesCS4A02G294100,2,0,2,2
TraesCS4A02G323800,2,0,2,2
TraesCS4A02G324000,3,1,2,2
TraesCS4B02G040900,3,1,2,2
TraesCS4B02G155800,3,1,2,2
TraesCS4B02G187400,2,0,2,2
TraesCS4B02G210700,3,1,2,2
TraesCS4B02G227600,3,1,2,2
TraesCS4B02G380000,3,1,2,2
TraesCS4D02G066300,2,0,2,2
TraesCS4D02G110200,4,2,2,2
TraesCS4D02G129300,3,1,2,2
TraesCS4D02G143800,2,0,2,2
TraesCS4D02G174800,2,0,2,2
TraesCS4D02G213300,2,0,2,2
TraesCS4D02G288600,3,1,2,2
TraesCS4D02G293900,2,0,2,2
TraesCS5A02G009800,2,0,2,2
TraesCS5A02G072500,2,0,2,2
TraesCS5A02G143900,2,0,2,2
TraesCS5A02G168400,2,0,2,2
TraesCS5A02G195900,2,0,2,2
TraesCS5A02G268700,3,1,2,2
TraesCS5A02G276200,6,4,2,2
TraesCS5A02G301400,3,1,2,2
TraesCS5A02G373000,3,1,2,2
TraesCS5A02G396300,4,2,2,2
TraesCS5A02G429500,3,1,2,2
TraesCS5A02G459900,2,0,2,2
TraesCS5B02G022800,2,0,2,2
TraesCS5B02G161700,5,3,2,2
TraesCS5B02G176500,2,0,2,2
TraesCS5B02G200000,2,0,2,2
TraesCS5B02G232200,3,1,2,2
TraesCS5B02G235400,2,0,2,2
TraesCS5B02G284000,2,0,2,2
TraesCS5B02G302900,3,1,2,2
TraesCS5B02G317600,2,0,2,2
TraesCS5B02G325100,21,19,2,2
TraesCS5B02G401700,2,0,2,2
TraesCS5B02G478500,3,1,2,2
TraesCS5B02G482500,4,2,2,2
TraesCS5B02G530500,13,11,2,2
TraesCS5B02G531100,3,1,2,2
TraesCS5D02G017200,2,0,2,2
TraesCS5D02G085200,2,0,2,2
TraesCS5D02G125300,2,0,2,2
TraesCS5D02G153500,3,1,2,2
TraesCS5D02G169500,3,1,2,2
TraesCS5D02G200700,21,19,2,2
TraesCS5D02G211100,2,0,2,2
TraesCS5D02G385100,3,1,2,2
TraesCS5D02G439400,2,0,2,2
TraesCS5D02G516000,3,1,2,2
TraesCS6A02G043400,2,0,2,2
TraesCS6A02G121300,3,1,2,2
TraesCS6A02G147300,3,1,2,2
TraesCS6A02G259800,2,0,2,2
TraesCS6A02G265800,4,2,2,2
TraesCS6A02G379200,2,0,2,2
TraesCS6A02G386800,2,0,2,2
TraesCS6A02G387800,2,0,2,2
TraesCS6A02G415931,5,3,2,2
TraesCS6B02G022400,2,0,2,2
TraesCS6B02G026900,4,2,2,2
TraesCS6B02G191000,2,0,2,2
TraesCS6B02G198400,4,2,2,2
TraesCS6B02G213800,2,0,2,2
TraesCS6B02G215100,3,1,2,2
TraesCS6B02G238800,4,2,2,2
TraesCS6B02G248100,2,0,2,2
TraesCS6B02G275300,4,2,2,2
TraesCS6B02G336900,3,1,2,2
TraesCS6D02G018500,2,0,2,2
TraesCS6D02G022800,3,1,2,2
TraesCS6D02G090900,2,0,2,2
TraesCS6D02G091300,2,0,2,2
TraesCS6D02G216600,2,0,2,2
TraesCS6D02G289100,3,1,2,2
TraesCS6D02G323000,2,0,2,2
TraesCS6D02G354200,2,0,2,2
TraesCS7A02G134000,5,3,2,2
TraesCS7A02G148100,2,0,2,2
TraesCS7A02G209800,7,5,2,2
TraesCS7A02G212000,3,1,2,2
TraesCS7A02G376500,2,0,2,2
TraesCS7A02G428300,2,0,2,2
TraesCS7A02G439900,2,0,2,2
TraesCS7A02G478600,3,1,2,2
TraesCS7A02G514600,2,0,2,2
TraesCS7A02G518500,3,1,2,2
TraesCS7B02G044200,3,1,2,2
TraesCS7B02G079500,2,0,2,2
TraesCS7B02G083800,3,1,2,2
TraesCS7B02G117700,3,1,2,2
TraesCS7B02G122600,3,1,2,2
TraesCS7B02G137400,3,1,2,2
TraesCS7B02G159800,3,1,2,2
TraesCS7B02G169800,2,0,2,2
TraesCS7B02G170400,2,0,2,2
TraesCS7B02G177600,3,1,2,2
TraesCS7B02G191300,10,8,2,2
TraesCS7B02G198500,8,6,2,2
TraesCS7B02G276300,2,0,2,2
TraesCS7B02G474500,3,1,2,2
TraesCS7D02G026500,4,2,2,2
TraesCS7D02G041100,2,0,2,2
TraesCS7D02G055000,10,8,2,2
TraesCS7D02G081900,2,0,2,2
TraesCS7D02G088500,2,0,2,2
TraesCS7D02G124400,3,1,2,2
TraesCS7D02G180800,2,0,2,2
TraesCS7D02G215500,2,0,2,2
TraesCS7D02G232600,2,0,2,2
TraesCS7D02G324200,2,0,2,2
TraesCS7D02G337800,3,1,2,2
TraesCS7D02G363100,2,0,2,2
TraesCS7D02G378500,3,1,2,2
TraesCS7D02G390400,3,1,2,2
TraesCS7D02G424300,4,2,2,2
TraesCSU02G057800,3,1,2,2
TraesCSU02G080300,2,0,2,2
TraesCSU02G121900,3,1,2,2
TraesCS1D02G078100,1,0,1,1
TraesCS5D02G514900,3,2,1,1
TraesCS1A02G242800,1,0,1,1
TraesCS1B02G256000,30,29,1,1
TraesCS2A02G503100,1,0,1,1
TraesCS2B02G434100,3,2,1,1
TraesCS2B02G572500,1,0,1,1
TraesCS3A02G259900,1,0,1,1
TraesCS5B02G315500,2,1,1,1
TraesCS5B02G344200,1,0,1,1
TraesCS6A02G306300,1,0,1,1
TraesCS6D02G161300,2,1,1,1
TraesCS7A02G128800,1,0,1,1
TraesCS7D02G170600,7,6,1,1
TraesCS2B02G519200,1,0,1,1
TraesCS2B02G578500,2,1,1,1
TraesCS2D02G491200,2,1,1,1
TraesCS3D02G166700,1,0,1,1
TraesCS6A02G113000,1,0,1,1
TraesCS7B02G138900,1,0,1,1
TraesCS4D02G078800,2,1,1,1
TraesCS1A02G083000,1,0,1,1
TraesCS3A02G436100,3,2,1,1
TraesCS6B02G462100,3,2,1,1
TraesCS2B02G118000,1,0,1,1
TraesCS6D02G236700,1,0,1,1
TraesCS2A02G561200,1,0,1,1
TraesCS6D02G221600,1,0,1,1
TraesCS7D02G226400,1,0,1,1
TraesCS3D02G426700,2,1,1,1
TraesCS1B02G297900,1,0,1,1
TraesCS7A02G214700,4,3,1,1
TraesCS7B02G121900,10,9,1,1
TraesCS2A02G172500,2,1,1,1
TraesCS4B02G290400,2,1,1,1
TraesCS1D02G262500,2,1,1,1
TraesCS4D02G268100,1,0,1,1
TraesCS3A02G174900,2,1,1,1
TraesCS3B02G204600,1,0,1,1
TraesCS4B02G320500,1,0,1,1
TraesCS2B02G277300,1,0,1,1
TraesCS2D02G259200,1,0,1,1
TraesCS5B02G151800,1,0,1,1
TraesCS2D02G156800,2,1,1,1
TraesCS4B02G159600,1,0,1,1
TraesCS4D02G266400,1,0,1,1
TraesCS4D02G360200,1,0,1,1
TraesCS5B02G417000,1,0,1,1
TraesCS2B02G458400,1,0,1,1
TraesCS4A02G040600,2,1,1,1
TraesCS5A02G375800,1,0,1,1
TraesCS1A02G087700,1,0,1,1
TraesCS5A02G227100,2,1,1,1
TraesCS5B02G225700,2,1,1,1
TraesCS5D02G234600,2,1,1,1
TraesCS1A02G219200,1,0,1,1
TraesCS6D02G237000,2,1,1,1
TraesCS7A02G270100,3,2,1,1
TraesCS7B02G168300,2,1,1,1
TraesCS6D02G014600,1,0,1,1
TraesCS1A02G251800,1,0,1,1
TraesCS1A02G313400,1,0,1,1
TraesCS2B02G267000,4,3,1,1
TraesCS2D02G528700,3,2,1,1
TraesCS6B02G059500,3,2,1,1
TraesCS6B02G333200,3,2,1,1
TraesCS7B02G144700,1,0,1,1
TraesCS1A02G096800,1,0,1,1
TraesCS1A02G218800,2,1,1,1
TraesCS1B02G122500,1,0,1,1
TraesCS2A02G370400,1,0,1,1
TraesCS3A02G108000,2,1,1,1
TraesCS3A02G187800,1,0,1,1
TraesCS3A02G336500,1,0,1,1
TraesCS3B02G128500,2,1,1,1
TraesCS3D02G329400,1,0,1,1
TraesCS3D02G360500,2,1,1,1
TraesCS4A02G131700,2,1,1,1
TraesCS5B02G086900,2,1,1,1
TraesCS6A02G261100,1,0,1,1
TraesCS2D02G336300,2,1,1,1
TraesCS1A02G263700,1,0,1,1
TraesCS2D02G100700,1,0,1,1
TraesCS3B02G092800,8,7,1,1
TraesCS3D02G401200,2,1,1,1
TraesCS7D02G263800,2,1,1,1
TraesCS4A02G200200,1,0,1,1
TraesCS4D02G199600,2,1,1,1
TraesCS6B02G253900,2,1,1,1
TraesCS2A02G292700,1,0,1,1
TraesCS2B02G309100,1,0,1,1
TraesCS2D02G290500,1,0,1,1
TraesCS3D02G408000,1,0,1,1
TraesCS2A02G169300,2,1,1,1
TraesCS2B02G195600,2,1,1,1
TraesCS2D02G176800,2,1,1,1
TraesCS7A02G422900,1,0,1,1
TraesCS2D02G122900,1,0,1,1
TraesCS4B02G166400,1,0,1,1
TraesCS6B02G300200,2,1,1,1
TraesCS2B02G289000,2,1,1,1
TraesCS2D02G269200,1,0,1,1
TraesCS3D02G242500,2,1,1,1
TraesCS5A02G059100,1,0,1,1
TraesCS5A02G156700,1,0,1,1
TraesCS7A02G343000,1,0,1,1
TraesCS7D02G336400,1,0,1,1
TraesCS7D02G345700,2,1,1,1
TraesCS1A02G005500,2,1,1,1
TraesCS1A02G007500,2,1,1,1
TraesCS1A02G015300,3,2,1,1
TraesCS1A02G176800,1,0,1,1
TraesCS1A02G181900,4,3,1,1
TraesCS1A02G205100,1,0,1,1
TraesCS1A02G227300,1,0,1,1
TraesCS1A02G241100,1,0,1,1
TraesCS1A02G253400,6,5,1,1
TraesCS1A02G259100,1,0,1,1
TraesCS1A02G259800,2,1,1,1
TraesCS1A02G270700,2,1,1,1
TraesCS1A02G274100,3,2,1,1
TraesCS1A02G308300,2,1,1,1
TraesCS1A02G351300,1,0,1,1
TraesCS1A02G355200,2,1,1,1
TraesCS1A02G409800,1,0,1,1
TraesCS1A02G418300,1,0,1,1
TraesCS1A02G442500,1,0,1,1
TraesCS1B02G042300,1,0,1,1
TraesCS1B02G177900,1,0,1,1
TraesCS1B02G182400,1,0,1,1
TraesCS1B02G191200,2,1,1,1
TraesCS1B02G209200,1,0,1,1
TraesCS1B02G253000,1,0,1,1
TraesCS1B02G261200,1,0,1,1
TraesCS1B02G268100,1,0,1,1
TraesCS1B02G316300,1,0,1,1
TraesCS1B02G321700,1,0,1,1
TraesCS1B02G352200,2,1,1,1
TraesCS1B02G392700,28,27,1,1
TraesCS1B02G427700,2,1,1,1
TraesCS1D02G030600,2,1,1,1
TraesCS1D02G079600,2,1,1,1
TraesCS1D02G127000,1,0,1,1
TraesCS1D02G225400,3,2,1,1
TraesCS1D02G227500,2,1,1,1
TraesCS1D02G330500,1,0,1,1
TraesCS1D02G335400,1,0,1,1
TraesCS1D02G368200,2,1,1,1
TraesCS1D02G375600,7,6,1,1
TraesCS1D02G382100,2,1,1,1
TraesCS1D02G397200,1,0,1,1
TraesCS1D02G405900,1,0,1,1
TraesCS1D02G408500,1,0,1,1
TraesCS2A02G017000,1,0,1,1
TraesCS2A02G062000,1,0,1,1
TraesCS2A02G063000,1,0,1,1
TraesCS2A02G071700,2,1,1,1
TraesCS2A02G076300,3,2,1,1
TraesCS2A02G112000,1,0,1,1
TraesCS2A02G132600,2,1,1,1
TraesCS2A02G155200,1,0,1,1
TraesCS2A02G157800,2,1,1,1
TraesCS2A02G192100,2,1,1,1
TraesCS2A02G215600,1,0,1,1
TraesCS2A02G218500,1,0,1,1
TraesCS2A02G228600,1,0,1,1
TraesCS2A02G274700,2,1,1,1
TraesCS2A02G281200,1,0,1,1
TraesCS2A02G305000,1,0,1,1
TraesCS2A02G324200,2,1,1,1
TraesCS2A02G386700,3,2,1,1
TraesCS2A02G394600,1,0,1,1
TraesCS2A02G398800,1,0,1,1
TraesCS2A02G402500,1,0,1,1
TraesCS2A02G411200,2,1,1,1
TraesCS2A02G413800,3,2,1,1
TraesCS2A02G468500,1,0,1,1
TraesCS2A02G500400,2,1,1,1
TraesCS2A02G532400,1,0,1,1
TraesCS2A02G552700,2,1,1,1
TraesCS2A02G554900,1,0,1,1
TraesCS2A02G573500,1,0,1,1
TraesCS2B02G075300,5,4,1,1
TraesCS2B02G075700,1,0,1,1
TraesCS2B02G075800,1,0,1,1
TraesCS2B02G230800,1,0,1,1
TraesCS2B02G266600,1,0,1,1
TraesCS2B02G289200,2,1,1,1
TraesCS2B02G304000,1,0,1,1
TraesCS2B02G317100,1,0,1,1
TraesCS2B02G321000,1,0,1,1
TraesCS2B02G350500,2,1,1,1
TraesCS2B02G401500,4,3,1,1
TraesCS2B02G408500,1,0,1,1
TraesCS2B02G415600,2,1,1,1
TraesCS2B02G425100,1,0,1,1
TraesCS2B02G491400,1,0,1,1
TraesCS2B02G529500,3,2,1,1
TraesCS2B02G554200,1,0,1,1
TraesCS2B02G583200,1,0,1,1
TraesCS2D02G082100,1,0,1,1
TraesCS2D02G087300,2,1,1,1
TraesCS2D02G088800,1,0,1,1
TraesCS2D02G090200,4,3,1,1
TraesCS2D02G093500,2,1,1,1
TraesCS2D02G171500,2,1,1,1
TraesCS2D02G216100,1,0,1,1
TraesCS2D02G369800,7,6,1,1
TraesCS2D02G374700,2,1,1,1
TraesCS2D02G392300,2,1,1,1
TraesCS2D02G400300,3,2,1,1
TraesCS2D02G412800,1,0,1,1
TraesCS2D02G456400,4,3,1,1
TraesCS2D02G468600,1,0,1,1
TraesCS2D02G476000,2,1,1,1
TraesCS2D02G478200,2,1,1,1
TraesCS2D02G532600,1,0,1,1
TraesCS3A02G065000,2,1,1,1
TraesCS3A02G096300,2,1,1,1
TraesCS3A02G104100,2,1,1,1
TraesCS3A02G113100,2,1,1,1
TraesCS3A02G115900,2,1,1,1
TraesCS3A02G128900,1,0,1,1
TraesCS3A02G134600,2,1,1,1
TraesCS3A02G182500,1,0,1,1
TraesCS3A02G238400,2,1,1,1
TraesCS3A02G270500,1,0,1,1
TraesCS3A02G284800,2,1,1,1
TraesCS3A02G446200,3,2,1,1
TraesCS3A02G449200,2,1,1,1
TraesCS3B02G239800,1,0,1,1
TraesCS3B02G308100,1,0,1,1
TraesCS3B02G309600,1,0,1,1
TraesCS3B02G387300,1,0,1,1
TraesCS3B02G388700,1,0,1,1
TraesCS3B02G410000,2,1,1,1
TraesCS3B02G471500,1,0,1,1
TraesCS3B02G477400,1,0,1,1
TraesCS3B02G481300,4,3,1,1
TraesCS3D02G115000,1,0,1,1
TraesCS3D02G124800,7,6,1,1
TraesCS3D02G193200,2,1,1,1
TraesCS3D02G221900,2,1,1,1
TraesCS3D02G351900,1,0,1,1
TraesCS3D02G387500,1,0,1,1
TraesCS3D02G389300,1,0,1,1
TraesCS3D02G403300,3,2,1,1
TraesCS3D02G436000,2,1,1,1
TraesCS3D02G440200,1,0,1,1
TraesCS3D02G504200,1,0,1,1
TraesCS3D02G520100,1,0,1,1
TraesCS4A02G008100,1,0,1,1
TraesCS4A02G015500,2,1,1,1
TraesCS4A02G043500,1,0,1,1
TraesCS4A02G050800,1,0,1,1
TraesCS4A02G056500,8,7,1,1
TraesCS4A02G100700,1,0,1,1
TraesCS4A02G102100,2,1,1,1
TraesCS4A02G103000,1,0,1,1
TraesCS4A02G112800,4,3,1,1
TraesCS4A02G136000,1,0,1,1
TraesCS4A02G162800,1,0,1,1
TraesCS4A02G178800,2,1,1,1
TraesCS4A02G186500,2,1,1,1
TraesCS4A02G202200,1,0,1,1
TraesCS4A02G202300,1,0,1,1
TraesCS4A02G237600,1,0,1,1
TraesCS4A02G247500,1,0,1,1
TraesCS4A02G281800,1,0,1,1
TraesCS4A02G340400,1,0,1,1
TraesCS4A02G453500,8,7,1,1
TraesCS4B02G010900,4,3,1,1
TraesCS4B02G051300,2,1,1,1
TraesCS4B02G055000,2,1,1,1
TraesCS4B02G067400,1,0,1,1
TraesCS4B02G105300,1,0,1,1
TraesCS4B02G172800,1,0,1,1
TraesCS4B02G276100,7,6,1,1
TraesCS4B02G288300,1,0,1,1
TraesCS4B02G288400,1,0,1,1
TraesCS4B02G329500,1,0,1,1
TraesCS4D02G021400,1,0,1,1
TraesCS4D02G038200,1,0,1,1
TraesCS4D02G038300,2,1,1,1
TraesCS4D02G040000,2,1,1,1
TraesCS4D02G063000,1,0,1,1
TraesCS4D02G075000,3,2,1,1
TraesCS4D02G078200,1,0,1,1
TraesCS4D02G142600,2,1,1,1
TraesCS4D02G171200,1,0,1,1
TraesCS4D02G184800,1,0,1,1
TraesCS4D02G192700,2,1,1,1
TraesCS4D02G213100,1,0,1,1
TraesCS4D02G220400,1,0,1,1
TraesCS4D02G225300,1,0,1,1
TraesCS4D02G251700,1,0,1,1
TraesCS5A02G018600,1,0,1,1
TraesCS5A02G045300,1,0,1,1
TraesCS5A02G079400,1,0,1,1
TraesCS5A02G098900,2,1,1,1
TraesCS5A02G113400,1,0,1,1
TraesCS5A02G182800,1,0,1,1
TraesCS5A02G201200,1,0,1,1
TraesCS5A02G247000,1,0,1,1
TraesCS5A02G262000,1,0,1,1
TraesCS5A02G360000,1,0,1,1
TraesCS5A02G380500,1,0,1,1
TraesCS5A02G491800,2,1,1,1
TraesCS5A02G522100,2,1,1,1
TraesCS5B02G078500,1,0,1,1
TraesCS5B02G081100,14,13,1,1
TraesCS5B02G084800,1,0,1,1
TraesCS5B02G100200,1,0,1,1
TraesCS5B02G125700,1,0,1,1
TraesCS5B02G126000,2,1,1,1
TraesCS5B02G131500,2,1,1,1
TraesCS5B02G133400,1,0,1,1
TraesCS5B02G137400,1,0,1,1
TraesCS5B02G166600,1,0,1,1
TraesCS5B02G173300,2,1,1,1
TraesCS5B02G181100,1,0,1,1
TraesCS5B02G182000,1,0,1,1
TraesCS5B02G260100,3,2,1,1
TraesCS5B02G272400,1,0,1,1
TraesCS5B02G290600,1,0,1,1
TraesCS5B02G304400,1,0,1,1
TraesCS5B02G388900,2,1,1,1
TraesCS5B02G401200,1,0,1,1
TraesCS5B02G405400,1,0,1,1
TraesCS5B02G467700,1,0,1,1
TraesCS5B02G523600,1,0,1,1
TraesCS5B02G564200,3,2,1,1
TraesCS5D02G028100,1,0,1,1
TraesCS5D02G096000,2,1,1,1
TraesCS5D02G128800,1,0,1,1
TraesCS5D02G139900,1,0,1,1
TraesCS5D02G144700,1,0,1,1
TraesCS5D02G169100,1,0,1,1
TraesCS5D02G195400,1,0,1,1
TraesCS5D02G209900,2,1,1,1
TraesCS5D02G255200,2,1,1,1
TraesCS5D02G282600,3,2,1,1
TraesCS5D02G299000,1,0,1,1
TraesCS5D02G365300,1,0,1,1
TraesCS5D02G390300,1,0,1,1
TraesCS6A02G018600,2,1,1,1
TraesCS6A02G078200,1,0,1,1
TraesCS6A02G224800,2,1,1,1
TraesCS6A02G266000,1,0,1,1
TraesCS6A02G268000,3,2,1,1
TraesCS6A02G282700,1,0,1,1
TraesCS6A02G286400,2,1,1,1
TraesCS6A02G286500,3,2,1,1
TraesCS6A02G323200,3,2,1,1
TraesCS6A02G340500,2,1,1,1
TraesCS6A02G369800,1,0,1,1
TraesCS6A02G397400,1,0,1,1
TraesCS6B02G018500,2,1,1,1
TraesCS6B02G040800,1,0,1,1
TraesCS6B02G132100,2,1,1,1
TraesCS6B02G143000,1,0,1,1
TraesCS6B02G210400,1,0,1,1
TraesCS6B02G233400,1,0,1,1
TraesCS6B02G259900,1,0,1,1
TraesCS6B02G278600,1,0,1,1
TraesCS6B02G292100,1,0,1,1
TraesCS6B02G296400,1,0,1,1
TraesCS6B02G354000,1,0,1,1
TraesCS6B02G398800,1,0,1,1
TraesCS6B02G444800,1,0,1,1
TraesCS6D02G026400,1,0,1,1
TraesCS6D02G042500,1,0,1,1
TraesCS6D02G146900,3,2,1,1
TraesCS6D02G162700,2,1,1,1
TraesCS6D02G259500,2,1,1,1
TraesCS6D02G381700,1,0,1,1
TraesCS7A02G009400,5,4,1,1
TraesCS7A02G079100,1,0,1,1
TraesCS7A02G092800,1,0,1,1
TraesCS7A02G093300,4,3,1,1
TraesCS7A02G097100,2,1,1,1
TraesCS7A02G103500,1,0,1,1
TraesCS7A02G188200,1,0,1,1
TraesCS7A02G242600,1,0,1,1
TraesCS7A02G244000,1,0,1,1
TraesCS7A02G292200,1,0,1,1
TraesCS7A02G312600,2,1,1,1
TraesCS7A02G330000,1,0,1,1
TraesCS7A02G359700,1,0,1,1
TraesCS7A02G427700,2,1,1,1
TraesCS7A02G462900,2,1,1,1
TraesCS7A02G510700,2,1,1,1
TraesCS7A02G553000,1,0,1,1
TraesCS7B02G009300,1,0,1,1
TraesCS7B02G109100,3,2,1,1
TraesCS7B02G167100,1,0,1,1
TraesCS7B02G207100,2,1,1,1
TraesCS7B02G208700,1,0,1,1
TraesCS7B02G308000,1,0,1,1
TraesCS7B02G354800,1,0,1,1
TraesCS7B02G483100,2,1,1,1
TraesCS7B02G484200,1,0,1,1
TraesCS7D02G088200,1,0,1,1
TraesCS7D02G097800,3,2,1,1
TraesCS7D02G106000,1,0,1,1
TraesCS7D02G121200,1,0,1,1
TraesCS7D02G179200,1,0,1,1
TraesCS7D02G199800,1,0,1,1
TraesCS7D02G244500,1,0,1,1
TraesCS7D02G324400,1,0,1,1
TraesCS7D02G384600,2,1,1,1
TraesCS7D02G409500,2,1,1,1
TraesCS7D02G423700,1,0,1,1
TraesCS7D02G425600,4,3,1,1
TraesCS7D02G435400,1,0,1,1
TraesCS7D02G438400,1,0,1,1
TraesCS7D02G477000,1,0,1,1
TraesCS7D02G492100,2,1,1,1
TraesCS7D02G494300,3,2,1,1
TraesCS7D02G508600,1,0,1,1
TraesCSU02G095400,1,0,1,1
TraesCSU02G130400,2,1,1,1
TraesCSU02G143200,1,0,1,1
TraesCS7B02G406600,0,0,0,0
TraesCS1A02G075800,0,0,0,0
TraesCS1B02G312900,0,0,0,0
TraesCS2A02G144100,0,0,0,0
TraesCS2A02G204300,0,0,0,0
TraesCS2D02G105300,0,0,0,0
TraesCS4A02G214700,0,0,0,0
TraesCS4A02G241900,0,0,0,0
TraesCS4A02G283000,0,0,0,0
TraesCS4A02G357600,0,0,0,0
TraesCS4A02G358000,0,0,0,0
TraesCS4B02G073200,0,0,0,0
TraesCS4B02G101400,0,0,0,0
TraesCS4D02G071900,0,0,0,0
TraesCS5A02G090100,0,0,0,0
TraesCS5A02G127100,0,0,0,0
TraesCS5A02G438600,1,1,0,0
TraesCS5A02G482700,0,0,0,0
TraesCS5B02G073800,1,1,0,0
TraesCS5B02G095900,0,0,0,0
TraesCS5B02G365800,0,0,0,0
TraesCS5B02G495900,0,0,0,0
TraesCS5D02G076800,0,0,0,0
TraesCS5D02G077900,0,0,0,0
TraesCS5D02G102200,0,0,0,0
TraesCS5D02G515000,0,0,0,0
TraesCS5D02G515100,0,0,0,0
TraesCS6A02G213000,0,0,0,0
TraesCS6B02G440000,0,0,0,0
TraesCS6D02G194700,0,0,0,0
TraesCS7A02G062700,0,0,0,0
TraesCS7D02G020700,0,0,0,0
TraesCS1A02G220000,0,0,0,0
TraesCS1B02G254300,0,0,0,0
TraesCS1B02G282300,1,1,0,0
TraesCS1B02G326600,0,0,0,0
TraesCS1D02G221500,0,0,0,0
TraesCS1D02G230900,0,0,0,0
TraesCS1D02G242800,1,1,0,0
TraesCS2A02G415100,0,0,0,0
TraesCS2A02G415300,0,0,0,0
TraesCS2A02G514200,0,0,0,0
TraesCS2A02G542700,1,1,0,0
TraesCS2B02G127800,0,0,0,0
TraesCS2B02G436100,0,0,0,0
TraesCS2B02G448100,0,0,0,0
TraesCS2B02G542300,0,0,0,0
TraesCS2D02G425700,0,0,0,0
TraesCS2D02G503900,0,0,0,0
TraesCS2D02G515800,0,0,0,0
TraesCS2D02G543900,2,2,0,0
TraesCS3B02G412500,1,1,0,0
TraesCS3D02G099500,1,1,0,0
TraesCS3D02G321700,1,1,0,0
TraesCS3D02G372900,2,2,0,0
TraesCS4B02G299700,1,1,0,0
TraesCS4D02G002400,0,0,0,0
TraesCS5A02G141700,0,0,0,0
TraesCS6B02G199800,0,0,0,0
TraesCS6B02G274200,0,0,0,0
TraesCS6D02G225500,0,0,0,0
TraesCS7A02G158000,0,0,0,0
TraesCS7A02G264100,0,0,0,0
TraesCS7B02G186900,0,0,0,0
TraesCS7D02G127600,1,1,0,0
TraesCS7D02G158500,0,0,0,0
TraesCS7D02G292500,0,0,0,0
TraesCS1A02G334900,0,0,0,0
TraesCS1B02G347900,0,0,0,0
TraesCS1D02G155100,0,0,0,0
TraesCS1D02G337400,0,0,0,0
TraesCS2D02G376600,0,0,0,0
TraesCS3A02G246000,0,0,0,0
TraesCS3A02G292400,0,0,0,0
TraesCS3A02G442000,0,0,0,0
TraesCS3A02G449300,0,0,0,0
TraesCS3B02G190100,0,0,0,0
TraesCS3B02G327000,0,0,0,0
TraesCS3B02G475800,0,0,0,0
TraesCS3B02G486000,0,0,0,0
TraesCS3D02G245400,1,1,0,0
TraesCS3D02G292100,0,0,0,0
TraesCS3D02G434700,0,0,0,0
TraesCS6B02G167100,0,0,0,0
TraesCS6B02G258800,0,0,0,0
TraesCS7A02G160800,0,0,0,0
TraesCS7A02G446900,0,0,0,0
TraesCS7B02G316600,1,1,0,0
TraesCS7B02G363100,0,0,0,0
TraesCS7D02G161900,0,0,0,0
TraesCS7D02G449900,0,0,0,0
TraesCS7D02G463000,1,1,0,0
TraesCS2D02G245500,0,0,0,0
TraesCS6A02G189700,0,0,0,0
TraesCS6A02G279200,0,0,0,0
TraesCS6B02G218500,0,0,0,0
TraesCS6B02G308000,0,0,0,0
TraesCS6D02G180000,0,0,0,0
TraesCS6D02G259600,0,0,0,0
TraesCS7A02G566000,0,0,0,0
TraesCS2D02G270100,0,0,0,0
TraesCS4B02G224600,0,0,0,0
TraesCS4A02G074300,0,0,0,0
TraesCS4B02G230700,0,0,0,0
TraesCS4D02G231900,0,0,0,0
TraesCS2A02G187800,0,0,0,0
TraesCS4D02G006100,0,0,0,0
TraesCS6A02G085800,0,0,0,0
TraesCS6B02G116400,0,0,0,0
TraesCS1B02G100400,0,0,0,0
TraesCS1A02G193200,0,0,0,0
TraesCS1B02G113100,0,0,0,0
TraesCS3A02G158600,0,0,0,0
TraesCS3A02G204800,0,0,0,0
TraesCS3A02G252900,0,0,0,0
TraesCS3B02G185400,0,0,0,0
TraesCS3D02G166300,0,0,0,0
TraesCS3D02G210600,0,0,0,0
TraesCS3D02G434900,0,0,0,0
TraesCS4A02G060200,0,0,0,0
TraesCS4D02G056900,0,0,0,0
TraesCS6B02G411300,0,0,0,0
TraesCS6D02G341200,0,0,0,0
TraesCS6D02G357700,0,0,0,0
TraesCS7A02G245800,0,0,0,0
TraesCS7A02G311800,5,5,0,0
TraesCS7A02G340300,0,0,0,0
TraesCS7A02G543300,0,0,0,0
TraesCS7B02G145800,0,0,0,0
TraesCS7D02G308300,0,0,0,0
TraesCS7D02G347900,0,0,0,0
TraesCS7D02G529200,0,0,0,0
TraesCS2A02G251100,1,1,0,0
TraesCS3B02G164500,0,0,0,0
TraesCS3D02G146900,0,0,0,0
TraesCS5B02G032000,1,1,0,0
TraesCS5B02G516200,0,0,0,0
TraesCS5D02G040100,1,1,0,0
TraesCS6D02G397000,1,1,0,0
TraesCS7B02G125500,0,0,0,0
TraesCS2A02G353900,1,1,0,0
TraesCS2B02G372000,0,0,0,0
TraesCS6A02G150900,0,0,0,0
TraesCS6A02G218900,0,0,0,0
TraesCS7A02G218600,0,0,0,0
TraesCS7D02G220300,0,0,0,0
TraesCS1A02G334100,0,0,0,0
TraesCS2A02G100800,0,0,0,0
TraesCS2A02G225900,0,0,0,0
TraesCS2A02G402200,0,0,0,0
TraesCS2A02G591200,0,0,0,0
TraesCS2B02G249200,0,0,0,0
TraesCS2B02G420400,0,0,0,0
TraesCS2B02G592600,1,1,0,0
TraesCS2D02G100300,0,0,0,0
TraesCS2D02G231600,0,0,0,0
TraesCS2D02G399500,0,0,0,0
TraesCS2D02G563000,0,0,0,0
TraesCS2D02G563100,0,0,0,0
TraesCS3A02G189600,0,0,0,0
TraesCS3A02G532000,0,0,0,0
TraesCS3D02G193100,0,0,0,0
TraesCS3D02G537400,0,0,0,0
TraesCS5B02G249800,0,0,0,0
TraesCS6B02G270100,0,0,0,0
TraesCS1A02G340900,0,0,0,0
TraesCS1B02G126600,1,1,0,0
TraesCS1D02G106100,1,1,0,0
TraesCS2A02G388300,0,0,0,0
TraesCS2A02G561300,0,0,0,0
TraesCS2D02G390000,0,0,0,0
TraesCS2D02G568600,0,0,0,0
TraesCS3A02G274900,0,0,0,0
TraesCS3B02G308500,0,0,0,0
TraesCS3D02G274600,0,0,0,0
TraesCS3D02G544000,0,0,0,0
TraesCS5B02G117700,0,0,0,0
TraesCS6B02G412300,0,0,0,0
TraesCS6D02G358700,0,0,0,0
TraesCS2D02G205100,0,0,0,0
TraesCS5A02G025900,1,1,0,0
TraesCS1A02G445600,0,0,0,0
TraesCS1B02G444500,0,0,0,0
TraesCS1B02G480400,0,0,0,0
TraesCS1D02G453900,0,0,0,0
TraesCS2A02G102300,0,0,0,0
TraesCS2A02G143700,0,0,0,0
TraesCS2A02G488000,0,0,0,0
TraesCS2B02G227500,0,0,0,0
TraesCS2B02G324300,0,0,0,0
TraesCS2D02G147300,0,0,0,0
TraesCS2D02G306100,0,0,0,0
TraesCS3A02G178700,0,0,0,0
TraesCS3A02G246800,0,0,0,0
TraesCS3B02G205900,0,0,0,0
TraesCS3B02G237800,0,0,0,0
TraesCS3D02G177700,2,2,0,0
TraesCS3D02G231200,0,0,0,0
TraesCS4B02G037000,0,0,0,0
TraesCS4B02G124600,0,0,0,0
TraesCS4D02G034300,0,0,0,0
TraesCS4D02G222000,0,0,0,0
TraesCS5A02G121100,0,0,0,0
TraesCS5A02G423300,0,0,0,0
TraesCS5B02G502600,0,0,0,0
TraesCS5D02G148600,0,0,0,0
TraesCS5D02G431900,0,0,0,0
TraesCS5D02G503700,0,0,0,0
TraesCS6A02G282000,0,0,0,0
TraesCS6B02G194300,0,0,0,0
TraesCS6B02G310500,0,0,0,0
TraesCS6D02G262500,0,0,0,0
TraesCS7A02G228200,0,0,0,0
TraesCS7A02G402300,0,0,0,0
TraesCS7B02G187100,0,0,0,0
TraesCS2A02G163000,0,0,0,0
TraesCS4B02G306300,0,0,0,0
TraesCS4D02G304500,0,0,0,0
TraesCS1A02G411700,0,0,0,0
TraesCS1B02G442000,0,0,0,0
TraesCS1D02G287500,0,0,0,0
TraesCS1D02G419500,0,0,0,0
TraesCS2A02G173500,0,0,0,0
TraesCS3A02G352900,0,0,0,0
TraesCS3B02G017400,0,0,0,0
TraesCS3B02G385600,0,0,0,0
TraesCS3D02G347000,0,0,0,0
TraesCS2B02G198700,1,1,0,0
TraesCS4D02G289600,1,1,0,0
TraesCS5A02G043300,0,0,0,0
TraesCS5D02G052200,0,0,0,0
TraesCS6A02G335400,1,1,0,0
TraesCS6D02G315300,1,1,0,0
TraesCS4D02G007000,0,0,0,0
TraesCS1B02G322000,0,0,0,0
TraesCS1D02G310200,0,0,0,0
TraesCS6A02G157900,0,0,0,0
TraesCS1B02G340500,0,0,0,0
TraesCS1D02G329200,0,0,0,0
TraesCS3A02G304800,0,0,0,0
TraesCS3D02G297000,0,0,0,0
TraesCS4A02G284600,0,0,0,0
TraesCS4D02G026100,0,0,0,0
TraesCS5B02G062400,0,0,0,0
TraesCS7B02G242300,0,0,0,0
TraesCS6A02G069500,0,0,0,0
TraesCS2A02G031800,0,0,0,0
TraesCS2A02G297400,0,0,0,0
TraesCS2D02G031400,0,0,0,0
TraesCS2D02G295300,0,0,0,0
TraesCS4A02G036000,0,0,0,0
TraesCS6A02G195500,0,0,0,0
TraesCS6B02G233700,0,0,0,0
TraesCS6B02G341900,0,0,0,0
TraesCS6D02G182600,0,0,0,0
TraesCS7A02G238500,0,0,0,0
TraesCS7B02G103500,0,0,0,0
TraesCS7D02G199600,0,0,0,0
TraesCS2A02G099900,0,0,0,0
TraesCS2B02G116900,0,0,0,0
TraesCS4A02G129400,0,0,0,0
TraesCS5A02G265700,0,0,0,0
TraesCS5B02G265400,0,0,0,0
TraesCS7A02G246100,0,0,0,0
TraesCS7D02G244600,0,0,0,0
TraesCS3A02G461400,0,0,0,0
TraesCS3A02G174400,1,1,0,0
TraesCS4B02G109700,1,1,0,0
TraesCS4B02G129700,0,0,0,0
TraesCS4D02G317000,0,0,0,0
TraesCS5B02G452800,0,0,0,0
TraesCS5D02G454900,0,0,0,0
TraesCS7B02G156300,0,0,0,0
TraesCS7D02G259600,0,0,0,0
TraesCS2A02G116100,1,1,0,0
TraesCS2D02G119100,0,0,0,0
TraesCS3A02G161000,0,0,0,0
TraesCS3A02G361800,0,0,0,0
TraesCS3B02G394200,0,0,0,0
TraesCS3D02G531900,0,0,0,0
TraesCS5B02G201900,0,0,0,0
TraesCS6B02G424600,0,0,0,0
TraesCS6D02G011600,0,0,0,0
TraesCS6D02G370300,0,0,0,0
TraesCS3B02G119900,0,0,0,0
TraesCS3B02G200500,1,1,0,0
TraesCS4B02G044100,0,0,0,0
TraesCS4D02G041600,0,0,0,0
TraesCS6A02G329300,0,0,0,0
TraesCS6B02G360100,0,0,0,0
TraesCS6D02G308200,0,0,0,0
TraesCS7B02G074000,1,1,0,0
TraesCS7D02G170000,1,1,0,0
TraesCS1A02G209400,0,0,0,0
TraesCS1D02G212800,0,0,0,0
TraesCS2A02G214400,0,0,0,0
TraesCS2B02G217500,0,0,0,0
TraesCS2D02G198200,0,0,0,0
TraesCS3A02G360300,0,0,0,0
TraesCS3B02G262400,0,0,0,0
TraesCS3D02G220100,0,0,0,0
TraesCS4A02G039000,0,0,0,0
TraesCS4A02G176200,0,0,0,0
TraesCS4A02G176300,1,1,0,0
TraesCS4A02G176400,0,0,0,0
TraesCS4A02G260600,0,0,0,0
TraesCS4A02G271000,0,0,0,0
TraesCS4B02G141500,0,0,0,0
TraesCS4B02G266700,0,0,0,0
TraesCS4D02G136300,0,0,0,0
TraesCS5A02G139000,0,0,0,0
TraesCS5A02G409800,0,0,0,0
TraesCS5A02G481300,0,0,0,0
TraesCS5B02G326400,0,0,0,0
TraesCS5B02G494500,0,0,0,0
TraesCS5D02G092000,0,0,0,0
TraesCS6D02G229400,0,0,0,0
TraesCS7A02G059000,0,0,0,0
TraesCS7D02G174100,6,6,0,0
TraesCS2A02G238700,0,0,0,0
TraesCS2A02G435100,0,0,0,0
TraesCS2D02G435200,0,0,0,0
TraesCS4D02G020300,2,2,0,0
TraesCS4D02G059600,0,0,0,0
TraesCS7A02G165600,0,0,0,0
TraesCS2B02G147300,0,0,0,0
TraesCS2D02G127700,0,0,0,0
TraesCS3B02G273900,0,0,0,0
TraesCS3D02G114300,0,0,0,0
TraesCS3D02G245800,0,0,0,0
TraesCS4B02G385200,0,0,0,0
TraesCS4D02G359600,0,0,0,0
TraesCS5A02G043400,1,1,0,0
TraesCS5A02G549700,0,0,0,0
TraesCS5B02G047200,1,1,0,0
TraesCS5B02G378000,1,1,0,0
TraesCS5D02G052300,1,1,0,0
TraesCS1B02G351300,0,0,0,0
TraesCS1D02G341000,0,0,0,0
TraesCS3B02G307000,0,0,0,0
TraesCS5D02G149400,0,0,0,0
TraesCS4D02G303500,0,0,0,0
TraesCS5D02G235300,0,0,0,0
TraesCS6A02G290800,1,1,0,0
TraesCS1B02G208400,0,0,0,0
TraesCS2D02G473700,1,1,0,0
TraesCS3A02G305300,0,0,0,0
TraesCS3B02G331200,0,0,0,0
TraesCS3D02G296500,0,0,0,0
TraesCS5A02G314400,0,0,0,0
TraesCS5D02G320600,1,1,0,0
TraesCS7D02G305200,0,0,0,0
TraesCS2D02G195100,0,0,0,0
TraesCS5A02G437900,0,0,0,0
TraesCS7D02G270600,2,2,0,0
TraesCS2A02G089300,0,0,0,0
TraesCS2B02G232000,1,1,0,0
TraesCS2B02G419600,0,0,0,0
TraesCS2D02G087400,0,0,0,0
TraesCS3A02G289200,0,0,0,0
TraesCS3B02G314600,0,0,0,0
TraesCS3B02G323800,0,0,0,0
TraesCS3B02G438900,0,0,0,0
TraesCS3D02G280600,0,0,0,0
TraesCS3D02G289000,0,0,0,0
TraesCS4B02G385800,1,1,0,0
TraesCS4D02G239600,0,0,0,0
TraesCS5A02G314700,1,1,0,0
TraesCS5A02G383800,0,0,0,0
TraesCS5D02G321000,1,1,0,0
TraesCS6A02G098800,0,0,0,0
TraesCS6B02G127000,1,1,0,0
TraesCS6A02G017400,0,0,0,0
TraesCS3A02G434900,0,0,0,0
TraesCS3D02G427900,0,0,0,0
TraesCS1A02G199600,0,0,0,0
TraesCS1A02G262700,2,2,0,0
TraesCS1D02G264500,0,0,0,0
TraesCS2A02G174300,0,0,0,0
TraesCS2B02G200800,0,0,0,0
TraesCS2D02G181400,0,0,0,0
TraesCS3D02G284200,0,0,0,0
TraesCS4B02G245700,0,0,0,0
TraesCS4B02G346700,0,0,0,0
TraesCS4D02G341700,0,0,0,0
TraesCS5A02G391800,0,0,0,0
TraesCS6A02G158100,0,0,0,0
TraesCS6A02G259000,0,0,0,0
TraesCS6A02G313800,0,0,0,0
TraesCS6B02G286400,0,0,0,0
TraesCS6D02G147400,0,0,0,0
TraesCS6D02G293200,0,0,0,0
TraesCS7D02G261600,0,0,0,0
TraesCS1A02G252300,0,0,0,0
TraesCS1B02G399400,0,0,0,0
TraesCS1D02G068000,0,0,0,0
TraesCS1D02G323800,0,0,0,0
TraesCS2A02G189200,0,0,0,0
TraesCS2A02G525900,0,0,0,0
TraesCS2B02G122000,0,0,0,0
TraesCS2D02G255600,0,0,0,0
TraesCS2D02G488800,0,0,0,0
TraesCS3A02G073600,0,0,0,0
TraesCS3B02G538400,0,0,0,0
TraesCS3D02G073400,0,0,0,0
TraesCS4A02G023900,0,0,0,0
TraesCS4A02G390500,0,0,0,0
TraesCS4D02G079700,0,0,0,0
TraesCS4D02G278100,0,0,0,0
TraesCS5B02G365700,0,0,0,0
TraesCS5B02G425900,0,0,0,0
TraesCS5D02G489600,0,0,0,0
TraesCS6A02G016000,0,0,0,0
TraesCS6A02G035600,0,0,0,0
TraesCS6A02G304600,0,0,0,0
TraesCS6B02G021900,0,0,0,0
TraesCS6B02G022900,0,0,0,0
TraesCS6B02G023200,0,0,0,0
TraesCS6B02G023600,0,0,0,0
TraesCS6B02G024000,0,0,0,0
TraesCS6B02G024400,0,0,0,0
TraesCS6B02G024800,0,0,0,0
TraesCS6B02G025100,0,0,0,0
TraesCS6B02G025700,0,0,0,0
TraesCS6B02G025800,0,0,0,0
TraesCS6B02G029100,0,0,0,0
TraesCS6B02G037100,0,0,0,0
TraesCS6B02G059600,0,0,0,0
TraesCS6B02G077200,0,0,0,0
TraesCS6B02G090000,0,0,0,0
TraesCS6B02G219200,0,0,0,0
TraesCS6B02G244200,0,0,0,0
TraesCS6B02G297700,0,0,0,0
TraesCS6B02G376100,0,0,0,0
TraesCS6D02G018200,0,0,0,0
TraesCS6D02G018800,0,0,0,0
TraesCS6D02G018900,0,0,0,0
TraesCS6D02G019000,0,0,0,0
TraesCS6D02G019700,0,0,0,0
TraesCS6D02G020200,1,1,0,0
TraesCS6D02G020800,0,0,0,0
TraesCS6D02G021600,0,0,0,0
TraesCS6D02G022100,3,3,0,0
TraesCS6D02G037000,0,0,0,0
TraesCS6D02G043300,0,0,0,0
TraesCS6D02G067800,0,0,0,0
TraesCS6D02G283900,0,0,0,0
TraesCS7A02G183200,0,0,0,0
TraesCS7B02G087500,0,0,0,0
TraesCS7B02G087800,0,0,0,0
TraesCS7B02G087900,0,0,0,0
TraesCS7B02G362000,0,0,0,0
TraesCS7D02G185400,0,0,0,0
TraesCS7D02G248600,0,0,0,0
TraesCS1B02G318800,0,0,0,0
TraesCS2B02G583800,0,0,0,0
TraesCS3A02G105800,0,0,0,0
TraesCS7A02G017600,0,0,0,0
TraesCS7D02G146500,0,0,0,0
TraesCS7D02G540700,0,0,0,0
TraesCS1A02G129300,0,0,0,0
TraesCS1A02G268800,0,0,0,0
TraesCS1A02G278900,0,0,0,0
TraesCS1A02G284000,0,0,0,0
TraesCS1A02G309200,0,0,0,0
TraesCS1B02G086600,0,0,0,0
TraesCS1B02G287700,0,0,0,0
TraesCS1B02G293300,0,0,0,0
TraesCS1D02G125400,0,0,0,0
TraesCS1D02G268900,1,1,0,0
TraesCS1D02G278200,0,0,0,0
TraesCS1D02G308600,0,0,0,0
TraesCS2A02G152700,0,0,0,0
TraesCS2A02G158900,0,0,0,0
TraesCS2A02G445500,0,0,0,0
TraesCS2B02G183100,0,0,0,0
TraesCS2B02G184500,0,0,0,0
TraesCS2D02G165900,0,0,0,0
TraesCS2D02G324800,0,0,0,0
TraesCS2D02G337400,0,0,0,0
TraesCS2D02G378400,0,0,0,0
TraesCS2D02G444200,0,0,0,0
TraesCS3A02G056000,0,0,0,0
TraesCS3A02G200300,1,1,0,0
TraesCS3A02G211500,0,0,0,0
TraesCS3A02G365200,0,0,0,0
TraesCS3A02G384400,0,0,0,0
TraesCS3B02G241900,0,0,0,0
TraesCS3D02G056100,0,0,0,0
TraesCS3D02G107800,0,0,0,0
TraesCS3D02G108000,0,0,0,0
TraesCS3D02G109800,0,0,0,0
TraesCS3D02G111100,1,1,0,0
TraesCS3D02G161100,1,1,0,0
TraesCS3D02G353500,0,0,0,0
TraesCS3D02G368000,0,0,0,0
TraesCS4A02G261600,0,0,0,0
TraesCS4A02G452600,0,0,0,0
TraesCS4B02G053000,0,0,0,0
TraesCS4B02G172900,0,0,0,0
TraesCS4B02G231300,0,0,0,0
TraesCS4D02G053300,0,0,0,0
TraesCS4D02G093900,0,0,0,0
TraesCS4D02G142900,1,1,0,0
TraesCS5A02G159600,0,0,0,0
TraesCS5A02G178500,0,0,0,0
TraesCS5A02G291400,0,0,0,0
TraesCS5D02G128200,0,0,0,0
TraesCS5D02G128700,0,0,0,0
TraesCS5D02G164600,0,0,0,0
TraesCS5D02G183000,0,0,0,0
TraesCS5D02G274400,0,0,0,0
TraesCS5D02G335700,0,0,0,0
TraesCS6B02G201700,0,0,0,0
TraesCS6B02G266800,0,0,0,0
TraesCS6D02G156700,0,0,0,0
TraesCS6D02G162900,0,0,0,0
TraesCS6D02G245900,0,0,0,0
TraesCS7A02G036100,0,0,0,0
TraesCS7A02G145200,0,0,0,0
TraesCS7A02G247200,0,0,0,0
TraesCS7A02G299800,0,0,0,0
TraesCS7B02G127800,0,0,0,0
TraesCS7B02G187400,1,1,0,0
TraesCS7B02G206300,0,0,0,0
TraesCS7B02G284400,0,0,0,0
TraesCS7B02G385700,0,0,0,0
TraesCS7D02G245800,0,0,0,0
TraesCS7D02G295400,0,0,0,0
TraesCS7D02G300100,0,0,0,0
TraesCS7D02G302800,0,0,0,0
TraesCS7D02G458000,0,0,0,0
TraesCS7D02G514800,0,0,0,0
TraesCSU02G069000,1,1,0,0
TraesCS1B02G274300,0,0,0,0
TraesCS1D02G263800,0,0,0,0
TraesCS2A02G325900,1,1,0,0
TraesCS2B02G067400,0,0,0,0
TraesCS2B02G355300,1,1,0,0
TraesCS2B02G376900,0,0,0,0
TraesCS2B02G616900,0,0,0,0
TraesCS2D02G100900,1,1,0,0
TraesCS2D02G334800,0,0,0,0
TraesCS2D02G567000,0,0,0,0
TraesCS3A02G078400,2,2,0,0
TraesCS3A02G245900,0,0,0,0
TraesCS3A02G438900,0,0,0,0
TraesCS3B02G273600,1,1,0,0
TraesCS3B02G472800,0,0,0,0
TraesCS3D02G183900,0,0,0,0
TraesCS3D02G245500,1,1,0,0
TraesCS4A02G499900,0,0,0,0
TraesCS4B02G098200,0,0,0,0
TraesCS4B02G174000,0,0,0,0
TraesCS4D02G094400,0,0,0,0
TraesCS5A02G468300,0,0,0,0
TraesCS5D02G111300,0,0,0,0
TraesCS6A02G208900,0,0,0,0
TraesCS6A02G378500,0,0,0,0
TraesCS6A02G406700,0,0,0,0
TraesCS6B02G451300,0,0,0,0
TraesCS6D02G140200,0,0,0,0
TraesCS6D02G390200,0,0,0,0
TraesCS7B02G196900,0,0,0,0
TraesCSU02G135000,0,0,0,0
TraesCSU02G137200,0,0,0,0
TraesCS2B02G469000,0,0,0,0
TraesCS3D02G505000,1,1,0,0
TraesCS6A02G264400,1,1,0,0
TraesCS7B02G180100,1,1,0,0
TraesCS4B02G115100,0,0,0,0
TraesCS4B02G198700,0,0,0,0
TraesCS4B02G162200,0,0,0,0
TraesCS7A02G264800,0,0,0,0
TraesCS7B02G162700,0,0,0,0
TraesCS7D02G265600,0,0,0,0
TraesCS2B02G422400,0,0,0,0
TraesCS3A02G159600,0,0,0,0
TraesCS3A02G167700,0,0,0,0
TraesCS3B02G190300,0,0,0,0
TraesCS3D02G173800,0,0,0,0
TraesCS5D02G355900,0,0,0,0
TraesCS1A02G255300,0,0,0,0
TraesCS3D02G425800,0,0,0,0
TraesCS4A02G359500,0,0,0,0
TraesCS5B02G512800,0,0,0,0
TraesCS5D02G513300,0,0,0,0
TraesCS6B02G183400,0,0,0,0
TraesCS6D02G145200,0,0,0,0
TraesCS7B02G142200,0,0,0,0
TraesCS4A02G157100,0,0,0,0
TraesCS4D02G154500,0,0,0,0
TraesCS1D02G436500,1,1,0,0
TraesCS5D02G124700,2,2,0,0
TraesCS3A02G491500,1,1,0,0
TraesCS2A02G039500,0,0,0,0
TraesCS2B02G052300,0,0,0,0
TraesCS3A02G413600,0,0,0,0
TraesCS3A02G413700,0,0,0,0
TraesCS3B02G448000,0,0,0,0
TraesCS3B02G448100,0,0,0,0
TraesCS6A02G107300,0,0,0,0
TraesCS6B02G135800,0,0,0,0
TraesCS6D02G095400,0,0,0,0
TraesCS4A02G249400,1,1,0,0
TraesCS5A02G204900,0,0,0,0
TraesCS5B02G203400,0,0,0,0
TraesCS5D02G211200,0,0,0,0
TraesCS6D02G108700,0,0,0,0
TraesCS7A02G423100,0,0,0,0
TraesCS1A02G273100,0,0,0,0
TraesCS1A02G333900,0,0,0,0
TraesCS1B02G347200,0,0,0,0
TraesCS1D02G273200,0,0,0,0
TraesCS1D02G336400,0,0,0,0
TraesCS2A02G120900,0,0,0,0
TraesCS2A02G574000,0,0,0,0
TraesCS3A02G378300,0,0,0,0
TraesCS3B02G411000,0,0,0,0
TraesCS5B02G123800,0,0,0,0
TraesCS6A02G272800,1,1,0,0
TraesCS7A02G326400,0,0,0,0
TraesCS7B02G227000,0,0,0,0
TraesCS3B02G326500,0,0,0,0
TraesCS3D02G291600,0,0,0,0
TraesCS6A02G131700,0,0,0,0
TraesCS7A02G095300,1,1,0,0
TraesCS1B02G453300,1,1,0,0
TraesCS1B02G088900,0,0,0,0
TraesCS2A02G182700,0,0,0,0
TraesCS2A02G270200,2,2,0,0
TraesCS2B02G217400,0,0,0,0
TraesCS3A02G347500,0,0,0,0
TraesCS3B02G199000,0,0,0,0
TraesCS3B02G379200,0,0,0,0
TraesCS3D02G029100,0,0,0,0
TraesCS3D02G173300,0,0,0,0
TraesCS3D02G341100,0,0,0,0
TraesCS4A02G246000,0,0,0,0
TraesCS4B02G165900,0,0,0,0
TraesCS4D02G068200,0,0,0,0
TraesCS4D02G151700,0,0,0,0
TraesCS5A02G104900,0,0,0,0
TraesCS5A02G344100,0,0,0,0
TraesCS5A02G381000,0,0,0,0
TraesCS5B02G154900,0,0,0,0
TraesCS5D02G070700,0,0,0,0
TraesCS5D02G071800,0,0,0,0
TraesCS5D02G116100,0,0,0,0
TraesCS5D02G190700,1,1,0,0
TraesCS5D02G390800,1,1,0,0
TraesCS6A02G146900,1,1,0,0
TraesCS6B02G175100,1,1,0,0
TraesCS7B02G185400,0,0,0,0
TraesCS7D02G287200,0,0,0,0
TraesCS7D02G124300,0,0,0,0
TraesCS3A02G538000,0,0,0,0
TraesCS3B02G603400,0,0,0,0
TraesCS4A02G182900,0,0,0,0
TraesCS1A02G022500,0,0,0,0
TraesCS1A02G027700,0,0,0,0
TraesCS1A02G035800,0,0,0,0
TraesCS1A02G040600,0,0,0,0
TraesCS1A02G044500,0,0,0,0
TraesCS1A02G045400,0,0,0,0
TraesCS1A02G050800,0,0,0,0
TraesCS1A02G056500,0,0,0,0
TraesCS1A02G065400,0,0,0,0
TraesCS1A02G066400,0,0,0,0
TraesCS1A02G091400,0,0,0,0
TraesCS1A02G107300,0,0,0,0
TraesCS1A02G108000,0,0,0,0
TraesCS1A02G112400,0,0,0,0
TraesCS1A02G121200,0,0,0,0
TraesCS1A02G136800,0,0,0,0
TraesCS1A02G141900,1,1,0,0
TraesCS1A02G143100,0,0,0,0
TraesCS1A02G143500,0,0,0,0
TraesCS1A02G154700,0,0,0,0
TraesCS1A02G157600,0,0,0,0
TraesCS1A02G158700,0,0,0,0
TraesCS1A02G162300,0,0,0,0
TraesCS1A02G164000,0,0,0,0
TraesCS1A02G170600,0,0,0,0
TraesCS1A02G170800,0,0,0,0
TraesCS1A02G177000,2,2,0,0
TraesCS1A02G179600,0,0,0,0
TraesCS1A02G180400,0,0,0,0
TraesCS1A02G180500,0,0,0,0
TraesCS1A02G181000,1,1,0,0
TraesCS1A02G188800,0,0,0,0
TraesCS1A02G188900,0,0,0,0
TraesCS1A02G191000,0,0,0,0
TraesCS1A02G191700,0,0,0,0
TraesCS1A02G194100,0,0,0,0
TraesCS1A02G198800,0,0,0,0
TraesCS1A02G207600,7,7,0,0
TraesCS1A02G208600,0,0,0,0
TraesCS1A02G211500,0,0,0,0
TraesCS1A02G214100,0,0,0,0
TraesCS1A02G216300,0,0,0,0
TraesCS1A02G220900,0,0,0,0
TraesCS1A02G225000,0,0,0,0
TraesCS1A02G226100,0,0,0,0
TraesCS1A02G242100,0,0,0,0
TraesCS1A02G243100,0,0,0,0
TraesCS1A02G250100,0,0,0,0
TraesCS1A02G259200,0,0,0,0
TraesCS1A02G261400,0,0,0,0
TraesCS1A02G279100,0,0,0,0
TraesCS1A02G280700,0,0,0,0
TraesCS1A02G285000,0,0,0,0
TraesCS1A02G294400,1,1,0,0
TraesCS1A02G297100,0,0,0,0
TraesCS1A02G303300,0,0,0,0
TraesCS1A02G306100,0,0,0,0
TraesCS1A02G330100,0,0,0,0
TraesCS1A02G333700,0,0,0,0
TraesCS1A02G340400,0,0,0,0
TraesCS1A02G341400,0,0,0,0
TraesCS1A02G349000,0,0,0,0
TraesCS1A02G355500,0,0,0,0
TraesCS1A02G359400,0,0,0,0
TraesCS1A02G363300,0,0,0,0
TraesCS1A02G369700,0,0,0,0
TraesCS1A02G369900,0,0,0,0
TraesCS1A02G374900,0,0,0,0
TraesCS1A02G385400,0,0,0,0
TraesCS1A02G387900,0,0,0,0
TraesCS1A02G392300,1,1,0,0
TraesCS1A02G393800,0,0,0,0
TraesCS1A02G429200,0,0,0,0
TraesCS1A02G436500,0,0,0,0
TraesCS1B02G002300,0,0,0,0
TraesCS1B02G046800,0,0,0,0
TraesCS1B02G057900,0,0,0,0
TraesCS1B02G066400,0,0,0,0
TraesCS1B02G069200,0,0,0,0
TraesCS1B02G080100,0,0,0,0
TraesCS1B02G102700,0,0,0,0
TraesCS1B02G105000,0,0,0,0
TraesCS1B02G126800,0,0,0,0
TraesCS1B02G135100,0,0,0,0
TraesCS1B02G141900,0,0,0,0
TraesCS1B02G152000,1,1,0,0
TraesCS1B02G164700,0,0,0,0
TraesCS1B02G165500,0,0,0,0
TraesCS1B02G169100,0,0,0,0
TraesCS1B02G180200,0,0,0,0
TraesCS1B02G184400,0,0,0,0
TraesCS1B02G189700,0,0,0,0
TraesCS1B02G196400,0,0,0,0
TraesCS1B02G196600,0,0,0,0
TraesCS1B02G199100,0,0,0,0
TraesCS1B02G200900,0,0,0,0
TraesCS1B02G205800,1,1,0,0
TraesCS1B02G207300,0,0,0,0
TraesCS1B02G213400,0,0,0,0
TraesCS1B02G213800,0,0,0,0
TraesCS1B02G218700,0,0,0,0
TraesCS1B02G219200,0,0,0,0
TraesCS1B02G220900,0,0,0,0
TraesCS1B02G221200,0,0,0,0
TraesCS1B02G227200,0,0,0,0
TraesCS1B02G228000,0,0,0,0
TraesCS1B02G229200,0,0,0,0
TraesCS1B02G234100,0,0,0,0
TraesCS1B02G234600,0,0,0,0
TraesCS1B02G238200,0,0,0,0
TraesCS1B02G240900,0,0,0,0
TraesCS1B02G244100,1,1,0,0
TraesCS1B02G244400,0,0,0,0
TraesCS1B02G258600,0,0,0,0
TraesCS1B02G269800,0,0,0,0
TraesCS1B02G271700,0,0,0,0
TraesCS1B02G287500,2,2,0,0
TraesCS1B02G288000,0,0,0,0
TraesCS1B02G295500,0,0,0,0
TraesCS1B02G321600,0,0,0,0
TraesCS1B02G336400,0,0,0,0
TraesCS1B02G339000,0,0,0,0
TraesCS1B02G346700,0,0,0,0
TraesCS1B02G350600,0,0,0,0
TraesCS1B02G352700,0,0,0,0
TraesCS1B02G360700,0,0,0,0
TraesCS1B02G378100,0,0,0,0
TraesCS1B02G392400,0,0,0,0
TraesCS1B02G396000,0,0,0,0
TraesCS1B02G410800,1,1,0,0
TraesCS1B02G414600,0,0,0,0
TraesCS1B02G422400,0,0,0,0
TraesCS1B02G423600,0,0,0,0
TraesCS1B02G432300,0,0,0,0
TraesCS1B02G437700,0,0,0,0
TraesCS1B02G465800,0,0,0,0
TraesCS1B02G472600,0,0,0,0
TraesCS1B02G480200,0,0,0,0
TraesCS1D02G029900,0,0,0,0
TraesCS1D02G050000,6,6,0,0
TraesCS1D02G053900,0,0,0,0
TraesCS1D02G057200,0,0,0,0
TraesCS1D02G067500,0,0,0,0
TraesCS1D02G069800,0,0,0,0
TraesCS1D02G077900,0,0,0,0
TraesCS1D02G081400,0,0,0,0
TraesCS1D02G088000,0,0,0,0
TraesCS1D02G089500,0,0,0,0
TraesCS1D02G094600,0,0,0,0
TraesCS1D02G097000,9,9,0,0
TraesCS1D02G115200,0,0,0,0
TraesCS1D02G126800,1,1,0,0
TraesCS1D02G153600,0,0,0,0
TraesCS1D02G155900,1,1,0,0
TraesCS1D02G156000,0,0,0,0
TraesCS1D02G156100,0,0,0,0
TraesCS1D02G160300,0,0,0,0
TraesCS1D02G161800,0,0,0,0
TraesCS1D02G165600,1,1,0,0
TraesCS1D02G171800,0,0,0,0
TraesCS1D02G175000,0,0,0,0
TraesCS1D02G176700,0,0,0,0
TraesCS1D02G178600,0,0,0,0
TraesCS1D02G184100,0,0,0,0
TraesCS1D02G194400,0,0,0,0
TraesCS1D02G202200,0,0,0,0
TraesCS1D02G202500,0,0,0,0
TraesCS1D02G205700,0,0,0,0
TraesCS1D02G208400,0,0,0,0
TraesCS1D02G218200,2,2,0,0
TraesCS1D02G220100,0,0,0,0
TraesCS1D02G224300,0,0,0,0
TraesCS1D02G242900,0,0,0,0
TraesCS1D02G250200,0,0,0,0
TraesCS1D02G252500,0,0,0,0
TraesCS1D02G256500,1,1,0,0
TraesCS1D02G260600,0,0,0,0
TraesCS1D02G262200,0,0,0,0
TraesCS1D02G266900,0,0,0,0
TraesCS1D02G272300,0,0,0,0
TraesCS1D02G272800,0,0,0,0
TraesCS1D02G284000,0,0,0,0
TraesCS1D02G295000,0,0,0,0
TraesCS1D02G298100,0,0,0,0
TraesCS1D02G304000,1,1,0,0
TraesCS1D02G305300,0,0,0,0
TraesCS1D02G307700,0,0,0,0
TraesCS1D02G308300,0,0,0,0
TraesCS1D02G308400,0,0,0,0
TraesCS1D02G312600,2,2,0,0
TraesCS1D02G313700,0,0,0,0
TraesCS1D02G315600,0,0,0,0
TraesCS1D02G331400,0,0,0,0
TraesCS1D02G340400,0,0,0,0
TraesCS1D02G352200,0,0,0,0
TraesCS1D02G386400,0,0,0,0
TraesCS1D02G393000,0,0,0,0
TraesCS1D02G405800,2,2,0,0
TraesCS1D02G407800,0,0,0,0
TraesCS1D02G410900,0,0,0,0
TraesCS1D02G417100,1,1,0,0
TraesCS1D02G417300,1,1,0,0
TraesCS1D02G425400,0,0,0,0
TraesCS1D02G426100,0,0,0,0
TraesCS1D02G432300,0,0,0,0
TraesCS2A02G017100,2,2,0,0
TraesCS2A02G062800,1,1,0,0
TraesCS2A02G074700,1,1,0,0
TraesCS2A02G075200,3,3,0,0
TraesCS2A02G101800,0,0,0,0
TraesCS2A02G102100,0,0,0,0
TraesCS2A02G104100,1,1,0,0
TraesCS2A02G105300,0,0,0,0
TraesCS2A02G139200,0,0,0,0
TraesCS2A02G140400,0,0,0,0
TraesCS2A02G146800,0,0,0,0
TraesCS2A02G149700,0,0,0,0
TraesCS2A02G150000,0,0,0,0
TraesCS2A02G154800,0,0,0,0
TraesCS2A02G161700,2,2,0,0
TraesCS2A02G163200,0,0,0,0
TraesCS2A02G164600,0,0,0,0
TraesCS2A02G167500,0,0,0,0
TraesCS2A02G171000,0,0,0,0
TraesCS2A02G179600,0,0,0,0
TraesCS2A02G182200,0,0,0,0
TraesCS2A02G198500,0,0,0,0
TraesCS2A02G211200,0,0,0,0
TraesCS2A02G213000,0,0,0,0
TraesCS2A02G222600,0,0,0,0
TraesCS2A02G225600,0,0,0,0
TraesCS2A02G231900,0,0,0,0
TraesCS2A02G235500,0,0,0,0
TraesCS2A02G237600,1,1,0,0
TraesCS2A02G238000,0,0,0,0
TraesCS2A02G238200,0,0,0,0
TraesCS2A02G245500,0,0,0,0
TraesCS2A02G246200,0,0,0,0
TraesCS2A02G246600,0,0,0,0
TraesCS2A02G247800,1,1,0,0
TraesCS2A02G248200,0,0,0,0
TraesCS2A02G248300,0,0,0,0
TraesCS2A02G248400,0,0,0,0
TraesCS2A02G249700,0,0,0,0
TraesCS2A02G255600,0,0,0,0
TraesCS2A02G259400,0,0,0,0
TraesCS2A02G268800,0,0,0,0
TraesCS2A02G275000,0,0,0,0
TraesCS2A02G277900,0,0,0,0
TraesCS2A02G326200,0,0,0,0
TraesCS2A02G331000,1,1,0,0
TraesCS2A02G336000,0,0,0,0
TraesCS2A02G336600,0,0,0,0
TraesCS2A02G338000,0,0,0,0
TraesCS2A02G348500,0,0,0,0
TraesCS2A02G353800,0,0,0,0
TraesCS2A02G354500,0,0,0,0
TraesCS2A02G357500,0,0,0,0
TraesCS2A02G357900,0,0,0,0
TraesCS2A02G364300,0,0,0,0
TraesCS2A02G376300,0,0,0,0
TraesCS2A02G377400,12,12,0,0
TraesCS2A02G378300,1,1,0,0
TraesCS2A02G378400,0,0,0,0
TraesCS2A02G380200,0,0,0,0
TraesCS2A02G387200,0,0,0,0
TraesCS2A02G396500,0,0,0,0
TraesCS2A02G396800,1,1,0,0
TraesCS2A02G405800,0,0,0,0
TraesCS2A02G424700,0,0,0,0
TraesCS2A02G430100,0,0,0,0
TraesCS2A02G437200,1,1,0,0
TraesCS2A02G448200,4,4,0,0
TraesCS2A02G449600,10,10,0,0
TraesCS2A02G455000,0,0,0,0
TraesCS2A02G479900,0,0,0,0
TraesCS2A02G500200,0,0,0,0
TraesCS2A02G527600,0,0,0,0
TraesCS2A02G530800,0,0,0,0
TraesCS2A02G532200,1,1,0,0
TraesCS2A02G546600,1,1,0,0
TraesCS2A02G548200,0,0,0,0
TraesCS2A02G553400,0,0,0,0
TraesCS2A02G575500,0,0,0,0
TraesCS2A02G576400,0,0,0,0
TraesCS2A02G589200,0,0,0,0
TraesCS2B02G023800,0,0,0,0
TraesCS2B02G041600,0,0,0,0
TraesCS2B02G042700,0,0,0,0
TraesCS2B02G048100,0,0,0,0
TraesCS2B02G058800,0,0,0,0
TraesCS2B02G074400,0,0,0,0
TraesCS2B02G113100,0,0,0,0
TraesCS2B02G113800,0,0,0,0
TraesCS2B02G119200,0,0,0,0
TraesCS2B02G140600,0,0,0,0
TraesCS2B02G141300,0,0,0,0
TraesCS2B02G141900,0,0,0,0
TraesCS2B02G144300,0,0,0,0
TraesCS2B02G152700,0,0,0,0
TraesCS2B02G163300,0,0,0,0
TraesCS2B02G164300,0,0,0,0
TraesCS2B02G166400,0,0,0,0
TraesCS2B02G177100,0,0,0,0
TraesCS2B02G178400,0,0,0,0
TraesCS2B02G182300,0,0,0,0
TraesCS2B02G182500,0,0,0,0
TraesCS2B02G187200,0,0,0,0
TraesCS2B02G206300,0,0,0,0
TraesCS2B02G206500,0,0,0,0
TraesCS2B02G208800,0,0,0,0
TraesCS2B02G209300,0,0,0,0
TraesCS2B02G209900,0,0,0,0
TraesCS2B02G222400,0,0,0,0
TraesCS2B02G226000,0,0,0,0
TraesCS2B02G227700,0,0,0,0
TraesCS2B02G232600,0,0,0,0
TraesCS2B02G241600,0,0,0,0
TraesCS2B02G242800,0,0,0,0
TraesCS2B02G245700,0,0,0,0
TraesCS2B02G247900,0,0,0,0
TraesCS2B02G257800,0,0,0,0
TraesCS2B02G263900,0,0,0,0
TraesCS2B02G268700,0,0,0,0
TraesCS2B02G268800,0,0,0,0
TraesCS2B02G276500,0,0,0,0
TraesCS2B02G279400,0,0,0,0
TraesCS2B02G288700,0,0,0,0
TraesCS2B02G290400,1,1,0,0
TraesCS2B02G291600,0,0,0,0
TraesCS2B02G292000,0,0,0,0
TraesCS2B02G295300,0,0,0,0
TraesCS2B02G296100,0,0,0,0
TraesCS2B02G298800,1,1,0,0
TraesCS2B02G302900,0,0,0,0
TraesCS2B02G304400,1,1,0,0
TraesCS2B02G311600,0,0,0,0
TraesCS2B02G311700,0,0,0,0
TraesCS2B02G317000,0,0,0,0
TraesCS2B02G321800,0,0,0,0
TraesCS2B02G324100,0,0,0,0
TraesCS2B02G334500,0,0,0,0
TraesCS2B02G346300,0,0,0,0
TraesCS2B02G354700,2,2,0,0
TraesCS2B02G363000,0,0,0,0
TraesCS2B02G364200,0,0,0,0
TraesCS2B02G376500,0,0,0,0
TraesCS2B02G399300,0,0,0,0
TraesCS2B02G404700,0,0,0,0
TraesCS2B02G407500,0,0,0,0
TraesCS2B02G408900,0,0,0,0
TraesCS2B02G415400,0,0,0,0
TraesCS2B02G419000,0,0,0,0
TraesCS2B02G423100,0,0,0,0
TraesCS2B02G423600,0,0,0,0
TraesCS2B02G423900,0,0,0,0
TraesCS2B02G435000,5,5,0,0
TraesCS2B02G435300,0,0,0,0
TraesCS2B02G435700,0,0,0,0
TraesCS2B02G444400,0,0,0,0
TraesCS2B02G446400,0,0,0,0
TraesCS2B02G470900,1,1,0,0
TraesCS2B02G475200,0,0,0,0
TraesCS2B02G486800,0,0,0,0
TraesCS2B02G503300,1,1,0,0
TraesCS2B02G528800,0,0,0,0
TraesCS2B02G529800,0,0,0,0
TraesCS2B02G530300,0,0,0,0
TraesCS2B02G542100,0,0,0,0
TraesCS2B02G570300,1,1,0,0
TraesCS2B02G576100,1,1,0,0
TraesCS2B02G579800,0,0,0,0
TraesCS2B02G596600,1,1,0,0
TraesCS2B02G630100,0,0,0,0
TraesCS2D02G009600,0,0,0,0
TraesCS2D02G015500,0,0,0,0
TraesCS2D02G034400,1,1,0,0
TraesCS2D02G036100,0,0,0,0
TraesCS2D02G060000,0,0,0,0
TraesCS2D02G068400,0,0,0,0
TraesCS2D02G069300,0,0,0,0
TraesCS2D02G075000,11,11,0,0
TraesCS2D02G077200,0,0,0,0
TraesCS2D02G087500,0,0,0,0
TraesCS2D02G100500,0,0,0,0
TraesCS2D02G104400,0,0,0,0
TraesCS2D02G112600,0,0,0,0
TraesCS2D02G117900,0,0,0,0
TraesCS2D02G128900,0,0,0,0
TraesCS2D02G150500,0,0,0,0
TraesCS2D02G156700,0,0,0,0
TraesCS2D02G158600,0,0,0,0
TraesCS2D02G162800,0,0,0,0
TraesCS2D02G167300,1,1,0,0
TraesCS2D02G173000,2,2,0,0
TraesCS2D02G197200,0,0,0,0
TraesCS2D02G206500,0,0,0,0
TraesCS2D02G209300,0,0,0,0
TraesCS2D02G218800,0,0,0,0
TraesCS2D02G228600,0,0,0,0
TraesCS2D02G229900,0,0,0,0
TraesCS2D02G239000,0,0,0,0
TraesCS2D02G264300,0,0,0,0
TraesCS2D02G267800,0,0,0,0
TraesCS2D02G272500,0,0,0,0
TraesCS2D02G274900,0,0,0,0
TraesCS2D02G290300,0,0,0,0
TraesCS2D02G303600,0,0,0,0
TraesCS2D02G312900,0,0,0,0
TraesCS2D02G320100,0,0,0,0
TraesCS2D02G323200,0,0,0,0
TraesCS2D02G328200,2,2,0,0
TraesCS2D02G328400,0,0,0,0
TraesCS2D02G338700,1,1,0,0
TraesCS2D02G341900,0,0,0,0
TraesCS2D02G343000,0,0,0,0
TraesCS2D02G344100,0,0,0,0
TraesCS2D02G344700,0,0,0,0
TraesCS2D02G345400,0,0,0,0
TraesCS2D02G356600,0,0,0,0
TraesCS2D02G358100,0,0,0,0
TraesCS2D02G360800,0,0,0,0
TraesCS2D02G368300,0,0,0,0
TraesCS2D02G370800,33,33,0,0
TraesCS2D02G373900,1,1,0,0
TraesCS2D02G375900,1,1,0,0
TraesCS2D02G383500,4,4,0,0
TraesCS2D02G383900,0,0,0,0
TraesCS2D02G384600,0,0,0,0
TraesCS2D02G393100,0,0,0,0
TraesCS2D02G393600,0,0,0,0
TraesCS2D02G404600,2,2,0,0
TraesCS2D02G407200,10,10,0,0
TraesCS2D02G413100,0,0,0,0
TraesCS2D02G413400,0,0,0,0
TraesCS2D02G415100,0,0,0,0
TraesCS2D02G417200,0,0,0,0
TraesCS2D02G419500,0,0,0,0
TraesCS2D02G424200,0,0,0,0
TraesCS2D02G438700,0,0,0,0
TraesCS2D02G453200,1,1,0,0
TraesCS2D02G459200,0,0,0,0
TraesCS2D02G461500,1,1,0,0
TraesCS2D02G465700,0,0,0,0
TraesCS2D02G467300,0,0,0,0
TraesCS2D02G497400,0,0,0,0
TraesCS2D02G499600,0,0,0,0
TraesCS2D02G512100,1,1,0,0
TraesCS2D02G515400,0,0,0,0
TraesCS2D02G525500,0,0,0,0
TraesCS2D02G530100,0,0,0,0
TraesCS2D02G530400,0,0,0,0
TraesCS2D02G544200,0,0,0,0
TraesCS2D02G544300,1,1,0,0
TraesCS2D02G552000,0,0,0,0
TraesCS2D02G559000,0,0,0,0
TraesCS2D02G578500,0,0,0,0
TraesCS2D02G593900,1,1,0,0
TraesCS2D02G599700,2,2,0,0
TraesCS2D02G601800,1,1,0,0
TraesCS3A02G002300,0,0,0,0
TraesCS3A02G024900,0,0,0,0
TraesCS3A02G038400,0,0,0,0
TraesCS3A02G045400,0,0,0,0
TraesCS3A02G047700,0,0,0,0
TraesCS3A02G072600,0,0,0,0
TraesCS3A02G075700,0,0,0,0
TraesCS3A02G077000,0,0,0,0
TraesCS3A02G081100,0,0,0,0
TraesCS3A02G091900,0,0,0,0
TraesCS3A02G097400,0,0,0,0
TraesCS3A02G108900,0,0,0,0
TraesCS3A02G109100,0,0,0,0
TraesCS3A02G113000,19,19,0,0
TraesCS3A02G119500,0,0,0,0
TraesCS3A02G130100,1,1,0,0
TraesCS3A02G132100,0,0,0,0
TraesCS3A02G132600,0,0,0,0
TraesCS3A02G133400,0,0,0,0
TraesCS3A02G140600,0,0,0,0
TraesCS3A02G141800,1,1,0,0
TraesCS3A02G145600,0,0,0,0
TraesCS3A02G147500,0,0,0,0
TraesCS3A02G152300,0,0,0,0
TraesCS3A02G156600,0,0,0,0
TraesCS3A02G159500,0,0,0,0
TraesCS3A02G175200,0,0,0,0
TraesCS3A02G177000,0,0,0,0
TraesCS3A02G182400,1,1,0,0
TraesCS3A02G182900,0,0,0,0
TraesCS3A02G185300,1,1,0,0
TraesCS3A02G189300,0,0,0,0
TraesCS3A02G200600,0,0,0,0
TraesCS3A02G209400,0,0,0,0
TraesCS3A02G214000,1,1,0,0
TraesCS3A02G226200,1,1,0,0
TraesCS3A02G226500,0,0,0,0
TraesCS3A02G233900,0,0,0,0
TraesCS3A02G235300,1,1,0,0
TraesCS3A02G239100,0,0,0,0
TraesCS3A02G241600,0,0,0,0
TraesCS3A02G246600,0,0,0,0
TraesCS3A02G258300,0,0,0,0
TraesCS3A02G266300,0,0,0,0
TraesCS3A02G272900,0,0,0,0
TraesCS3A02G274000,0,0,0,0
TraesCS3A02G278100,0,0,0,0
TraesCS3A02G280600,0,0,0,0
TraesCS3A02G288600,0,0,0,0
TraesCS3A02G303000,0,0,0,0
TraesCS3A02G306700,0,0,0,0
TraesCS3A02G308100,0,0,0,0
TraesCS3A02G310200,2,2,0,0
TraesCS3A02G310400,0,0,0,0
TraesCS3A02G320100,0,0,0,0
TraesCS3A02G324200,0,0,0,0
TraesCS3A02G336800,0,0,0,0
TraesCS3A02G342500,0,0,0,0
TraesCS3A02G356500,0,0,0,0
TraesCS3A02G359400,0,0,0,0
TraesCS3A02G360800,0,0,0,0
TraesCS3A02G363100,0,0,0,0
TraesCS3A02G366400,0,0,0,0
TraesCS3A02G368400,0,0,0,0
TraesCS3A02G369800,0,0,0,0
TraesCS3A02G371500,0,0,0,0
TraesCS3A02G385300,1,1,0,0
TraesCS3A02G386800,0,0,0,0
TraesCS3A02G394100,0,0,0,0
TraesCS3A02G395900,0,0,0,0
TraesCS3A02G396500,0,0,0,0
TraesCS3A02G407400,0,0,0,0
TraesCS3A02G407700,0,0,0,0
TraesCS3A02G408700,0,0,0,0
TraesCS3A02G410600,0,0,0,0
TraesCS3A02G443800,0,0,0,0
TraesCS3A02G458400,1,1,0,0
TraesCS3A02G467900,0,0,0,0
TraesCS3A02G469400,0,0,0,0
TraesCS3A02G471700,0,0,0,0
TraesCS3A02G476000,0,0,0,0
TraesCS3A02G477100,0,0,0,0
TraesCS3A02G482300,0,0,0,0
TraesCS3A02G484300,1,1,0,0
TraesCS3A02G492900,0,0,0,0
TraesCS3A02G521600,0,0,0,0
TraesCS3A02G525000,0,0,0,0
TraesCS3A02G536400,0,0,0,0
TraesCS3B02G000300,0,0,0,0
TraesCS3B02G014900,0,0,0,0
TraesCS3B02G017500,0,0,0,0
TraesCS3B02G018600,0,0,0,0
TraesCS3B02G022300,0,0,0,0
TraesCS3B02G024900,0,0,0,0
TraesCS3B02G031100,1,1,0,0
TraesCS3B02G032000,0,0,0,0
TraesCS3B02G052400,0,0,0,0
TraesCS3B02G052900,0,0,0,0
TraesCS3B02G070700,0,0,0,0
TraesCS3B02G091200,0,0,0,0
TraesCS3B02G091900,0,0,0,0
TraesCS3B02G096000,0,0,0,0
TraesCS3B02G109600,0,0,0,0
TraesCS3B02G112100,0,0,0,0
TraesCS3B02G120600,0,0,0,0
TraesCS3B02G148100,0,0,0,0
TraesCS3B02G150300,8,8,0,0
TraesCS3B02G151100,0,0,0,0
TraesCS3B02G155700,0,0,0,0
TraesCS3B02G158600,0,0,0,0
TraesCS3B02G166100,0,0,0,0
TraesCS3B02G172400,1,1,0,0
TraesCS3B02G176500,0,0,0,0
TraesCS3B02G179400,0,0,0,0
TraesCS3B02G183200,0,0,0,0
TraesCS3B02G191900,0,0,0,0
TraesCS3B02G208100,0,0,0,0
TraesCS3B02G208500,0,0,0,0
TraesCS3B02G210900,1,1,0,0
TraesCS3B02G212400,0,0,0,0
TraesCS3B02G212500,0,0,0,0
TraesCS3B02G212800,0,0,0,0
TraesCS3B02G222900,0,0,0,0
TraesCS3B02G230900,0,0,0,0
TraesCS3B02G233500,0,0,0,0
TraesCS3B02G234200,0,0,0,0
TraesCS3B02G243000,4,4,0,0
TraesCS3B02G245800,1,1,0,0
TraesCS3B02G257900,1,1,0,0
TraesCS3B02G266600,0,0,0,0
TraesCS3B02G273800,0,0,0,0
TraesCS3B02G281200,0,0,0,0
TraesCS3B02G281800,0,0,0,0
TraesCS3B02G299800,0,0,0,0
TraesCS3B02G301700,0,0,0,0
TraesCS3B02G312400,0,0,0,0
TraesCS3B02G313600,0,0,0,0
TraesCS3B02G316200,0,0,0,0
TraesCS3B02G319100,0,0,0,0
TraesCS3B02G323400,0,0,0,0
TraesCS3B02G356600,1,1,0,0
TraesCS3B02G357200,0,0,0,0
TraesCS3B02G367900,0,0,0,0
TraesCS3B02G368700,0,0,0,0
TraesCS3B02G371900,0,0,0,0
TraesCS3B02G382000,0,0,0,0
TraesCS3B02G383800,0,0,0,0
TraesCS3B02G386700,0,0,0,0
TraesCS3B02G390900,0,0,0,0
TraesCS3B02G392000,0,0,0,0
TraesCS3B02G400000,0,0,0,0
TraesCS3B02G401500,0,0,0,0
TraesCS3B02G401800,0,0,0,0
TraesCS3B02G402800,1,1,0,0
TraesCS3B02G417700,0,0,0,0
TraesCS3B02G421700,0,0,0,0
TraesCS3B02G423300,0,0,0,0
TraesCS3B02G427500,0,0,0,0
TraesCS3B02G427900,0,0,0,0
TraesCS3B02G434700,0,0,0,0
TraesCS3B02G437200,0,0,0,0
TraesCS3B02G441700,0,0,0,0
TraesCS3B02G443900,1,1,0,0
TraesCS3B02G448500,0,0,0,0
TraesCS3B02G449200,0,0,0,0
TraesCS3B02G461100,1,1,0,0
TraesCS3B02G463000,0,0,0,0
TraesCS3B02G467900,0,0,0,0
TraesCS3B02G492300,0,0,0,0
TraesCS3B02G498200,0,0,0,0
TraesCS3B02G506600,0,0,0,0
TraesCS3B02G506800,0,0,0,0
TraesCS3B02G518400,0,0,0,0
TraesCS3B02G519600,0,0,0,0
TraesCS3B02G520300,0,0,0,0
TraesCS3B02G532000,0,0,0,0
TraesCS3B02G535900,0,0,0,0
TraesCS3B02G546200,0,0,0,0
TraesCS3B02G587700,0,0,0,0
TraesCS3B02G592300,0,0,0,0
TraesCS3B02G595900,0,0,0,0
TraesCS3B02G611600,1,1,0,0
TraesCS3D02G016100,0,0,0,0
TraesCS3D02G041300,0,0,0,0
TraesCS3D02G082900,0,0,0,0
TraesCS3D02G089000,2,2,0,0
TraesCS3D02G092000,0,0,0,0
TraesCS3D02G139200,0,0,0,0
TraesCS3D02G140600,0,0,0,0
TraesCS3D02G141700,0,0,0,0
TraesCS3D02G145600,0,0,0,0
TraesCS3D02G149000,0,0,0,0
TraesCS3D02G180000,0,0,0,0
TraesCS3D02G181200,0,0,0,0
TraesCS3D02G182300,0,0,0,0
TraesCS3D02G185600,0,0,0,0
TraesCS3D02G186900,0,0,0,0
TraesCS3D02G194500,0,0,0,0
TraesCS3D02G207200,0,0,0,0
TraesCS3D02G218100,1,1,0,0
TraesCS3D02G219700,1,1,0,0
TraesCS3D02G238800,0,0,0,0
TraesCS3D02G244900,0,0,0,0
TraesCS3D02G247300,0,0,0,0
TraesCS3D02G258500,0,0,0,0
TraesCS3D02G259000,0,0,0,0
TraesCS3D02G266200,0,0,0,0
TraesCS3D02G266400,0,0,0,0
TraesCS3D02G268900,0,0,0,0
TraesCS3D02G269700,0,0,0,0
TraesCS3D02G275600,0,0,0,0
TraesCS3D02G288600,0,0,0,0
TraesCS3D02G300300,0,0,0,0
TraesCS3D02G302600,0,0,0,0
TraesCS3D02G307900,0,0,0,0
TraesCS3D02G310600,0,0,0,0
TraesCS3D02G312900,0,0,0,0
TraesCS3D02G317200,0,0,0,0
TraesCS3D02G317300,0,0,0,0
TraesCS3D02G324300,0,0,0,0
TraesCS3D02G327300,0,0,0,0
TraesCS3D02G329800,0,0,0,0
TraesCS3D02G331300,0,0,0,0
TraesCS3D02G348000,0,0,0,0
TraesCS3D02G352100,0,0,0,0
TraesCS3D02G356600,0,0,0,0
TraesCS3D02G356900,2,2,0,0
TraesCS3D02G361300,0,0,0,0
TraesCS3D02G367400,0,0,0,0
TraesCS3D02G368300,0,0,0,0
TraesCS3D02G375000,0,0,0,0
TraesCS3D02G377100,0,0,0,0
TraesCS3D02G381400,0,0,0,0
TraesCS3D02G381600,0,0,0,0
TraesCS3D02G383700,0,0,0,0
TraesCS3D02G387900,0,0,0,0
TraesCS3D02G391800,0,0,0,0
TraesCS3D02G398600,0,0,0,0
TraesCS3D02G402400,12,12,0,0
TraesCS3D02G403800,0,0,0,0
TraesCS3D02G410000,0,0,0,0
TraesCS3D02G422700,0,0,0,0
TraesCS3D02G441000,3,3,0,0
TraesCS3D02G450800,0,0,0,0
TraesCS3D02G451200,0,0,0,0
TraesCS3D02G453000,0,0,0,0
TraesCS3D02G457400,0,0,0,0
TraesCS3D02G460500,0,0,0,0
TraesCS3D02G463300,0,0,0,0
TraesCS3D02G497500,0,0,0,0
TraesCS3D02G519200,0,0,0,0
TraesCS3D02G520000,0,0,0,0
TraesCS3D02G523600,0,0,0,0
TraesCS3D02G523700,0,0,0,0
TraesCS3D02G525700,0,0,0,0
TraesCS3D02G529400,0,0,0,0
TraesCS3D02G530300,1,1,0,0
TraesCS3D02G530600,0,0,0,0
TraesCS4A02G003700,0,0,0,0
TraesCS4A02G010000,0,0,0,0
TraesCS4A02G010500,0,0,0,0
TraesCS4A02G012900,0,0,0,0
TraesCS4A02G013700,0,0,0,0
TraesCS4A02G014000,0,0,0,0
TraesCS4A02G045000,0,0,0,0
TraesCS4A02G048900,0,0,0,0
TraesCS4A02G051500,0,0,0,0
TraesCS4A02G053700,0,0,0,0
TraesCS4A02G057800,1,1,0,0
TraesCS4A02G073300,0,0,0,0
TraesCS4A02G076200,0,0,0,0
TraesCS4A02G078400,0,0,0,0
TraesCS4A02G115300,0,0,0,0
TraesCS4A02G131800,0,0,0,0
TraesCS4A02G145800,2,2,0,0
TraesCS4A02G148800,0,0,0,0
TraesCS4A02G156500,0,0,0,0
TraesCS4A02G162000,1,1,0,0
TraesCS4A02G162300,0,0,0,0
TraesCS4A02G164100,0,0,0,0
TraesCS4A02G174700,0,0,0,0
TraesCS4A02G198200,0,0,0,0
TraesCS4A02G199500,0,0,0,0
TraesCS4A02G199600,0,0,0,0
TraesCS4A02G200700,0,0,0,0
TraesCS4A02G206500,0,0,0,0
TraesCS4A02G217500,0,0,0,0
TraesCS4A02G219900,0,0,0,0
TraesCS4A02G230600,0,0,0,0
TraesCS4A02G250800,0,0,0,0
TraesCS4A02G258600,0,0,0,0
TraesCS4A02G266900,0,0,0,0
TraesCS4A02G267200,0,0,0,0
TraesCS4A02G267300,3,3,0,0
TraesCS4A02G269600,0,0,0,0
TraesCS4A02G270900,0,0,0,0
TraesCS4A02G275500,0,0,0,0
TraesCS4A02G279800,0,0,0,0
TraesCS4A02G282500,0,0,0,0
TraesCS4A02G296700,0,0,0,0
TraesCS4A02G299300,0,0,0,0
TraesCS4A02G320000,0,0,0,0
TraesCS4A02G325500,0,0,0,0
TraesCS4A02G325800,0,0,0,0
TraesCS4A02G336200,0,0,0,0
TraesCS4A02G361600,0,0,0,0
TraesCS4A02G375200,0,0,0,0
TraesCS4A02G382500,0,0,0,0
TraesCS4A02G392300,0,0,0,0
TraesCS4A02G399700,0,0,0,0
TraesCS4A02G402300,0,0,0,0
TraesCS4A02G404800,0,0,0,0
TraesCS4A02G472100,0,0,0,0
TraesCS4A02G481700,0,0,0,0
TraesCS4B02G018900,0,0,0,0
TraesCS4B02G023600,0,0,0,0
TraesCS4B02G031500,0,0,0,0
TraesCS4B02G038700,0,0,0,0
TraesCS4B02G041800,0,0,0,0
TraesCS4B02G049300,0,0,0,0
TraesCS4B02G049800,1,1,0,0
TraesCS4B02G054200,0,0,0,0
TraesCS4B02G064100,0,0,0,0
TraesCS4B02G070000,1,1,0,0
TraesCS4B02G070800,0,0,0,0
TraesCS4B02G071500,1,1,0,0
TraesCS4B02G080400,0,0,0,0
TraesCS4B02G092600,0,0,0,0
TraesCS4B02G099100,0,0,0,0
TraesCS4B02G105800,0,0,0,0
TraesCS4B02G106500,5,5,0,0
TraesCS4B02G107400,5,5,0,0
TraesCS4B02G115800,0,0,0,0
TraesCS4B02G132200,0,0,0,0
TraesCS4B02G137100,0,0,0,0
TraesCS4B02G142300,0,0,0,0
TraesCS4B02G151200,1,1,0,0
TraesCS4B02G153900,0,0,0,0
TraesCS4B02G160100,0,0,0,0
TraesCS4B02G161900,0,0,0,0
TraesCS4B02G167200,0,0,0,0
TraesCS4B02G172000,0,0,0,0
TraesCS4B02G172700,0,0,0,0
TraesCS4B02G180500,0,0,0,0
TraesCS4B02G185400,0,0,0,0
TraesCS4B02G189500,2,2,0,0
TraesCS4B02G192300,0,0,0,0
TraesCS4B02G196300,0,0,0,0
TraesCS4B02G197300,0,0,0,0
TraesCS4B02G207600,0,0,0,0
TraesCS4B02G208500,0,0,0,0
TraesCS4B02G210400,0,0,0,0
TraesCS4B02G211600,0,0,0,0
TraesCS4B02G212300,0,0,0,0
TraesCS4B02G231500,0,0,0,0
TraesCS4B02G234400,1,1,0,0
TraesCS4B02G234500,0,0,0,0
TraesCS4B02G247000,0,0,0,0
TraesCS4B02G253900,4,4,0,0
TraesCS4B02G254300,0,0,0,0
TraesCS4B02G255900,0,0,0,0
TraesCS4B02G256400,0,0,0,0
TraesCS4B02G260300,0,0,0,0
TraesCS4B02G265600,1,1,0,0
TraesCS4B02G267200,1,1,0,0
TraesCS4B02G269900,0,0,0,0
TraesCS4B02G277200,1,1,0,0
TraesCS4B02G280800,0,0,0,0
TraesCS4B02G282500,0,0,0,0
TraesCS4B02G288100,0,0,0,0
TraesCS4B02G289700,1,1,0,0
TraesCS4B02G290500,0,0,0,0
TraesCS4B02G296400,1,1,0,0
TraesCS4B02G315200,0,0,0,0
TraesCS4B02G316300,0,0,0,0
TraesCS4B02G321100,0,0,0,0
TraesCS4B02G327100,0,0,0,0
TraesCS4B02G335500,0,0,0,0
TraesCS4B02G352100,0,0,0,0
TraesCS4B02G371200,1,1,0,0
TraesCS4B02G373200,0,0,0,0
TraesCS4B02G373600,0,0,0,0
TraesCS4B02G374200,0,0,0,0
TraesCS4B02G388900,0,0,0,0
TraesCS4D02G015500,0,0,0,0
TraesCS4D02G016600,0,0,0,0
TraesCS4D02G017700,0,0,0,0
TraesCS4D02G021200,0,0,0,0
TraesCS4D02G023700,0,0,0,0
TraesCS4D02G028300,0,0,0,0
TraesCS4D02G030500,0,0,0,0
TraesCS4D02G032700,0,0,0,0
TraesCS4D02G040700,0,0,0,0
TraesCS4D02G042000,0,0,0,0
TraesCS4D02G055200,1,1,0,0
TraesCS4D02G058500,0,0,0,0
TraesCS4D02G066600,0,0,0,0
TraesCS4D02G068300,2,2,0,0
TraesCS4D02G082100,0,0,0,0
TraesCS4D02G093800,0,0,0,0
TraesCS4D02G102200,0,0,0,0
TraesCS4D02G102600,1,1,0,0
TraesCS4D02G104300,0,0,0,0
TraesCS4D02G113400,0,0,0,0
TraesCS4D02G120100,0,0,0,0
TraesCS4D02G124700,0,0,0,0
TraesCS4D02G133300,0,0,0,0
TraesCS4D02G137100,0,0,0,0
TraesCS4D02G144800,0,0,0,0
TraesCS4D02G148000,0,0,0,0
TraesCS4D02G153900,0,0,0,0
TraesCS4D02G170200,0,0,0,0
TraesCS4D02G175400,0,0,0,0
TraesCS4D02G178700,0,0,0,0
TraesCS4D02G187700,0,0,0,0
TraesCS4D02G192000,1,1,0,0
TraesCS4D02G198100,0,0,0,0
TraesCS4D02G199200,1,1,0,0
TraesCS4D02G200400,0,0,0,0
TraesCS4D02G201600,0,0,0,0
TraesCS4D02G204700,1,1,0,0
TraesCS4D02G213500,0,0,0,0
TraesCS4D02G230600,0,0,0,0
TraesCS4D02G233800,0,0,0,0
TraesCS4D02G238300,0,0,0,0
TraesCS4D02G244900,0,0,0,0
TraesCS4D02G253800,0,0,0,0
TraesCS4D02G263200,0,0,0,0
TraesCS4D02G267000,1,1,0,0
TraesCS4D02G275800,1,1,0,0
TraesCS4D02G292700,1,1,0,0
TraesCS4D02G298800,0,0,0,0
TraesCS4D02G301000,0,0,0,0
TraesCS4D02G304400,0,0,0,0
TraesCS4D02G308700,1,1,0,0
TraesCS4D02G321000,0,0,0,0
TraesCS4D02G323800,0,0,0,0
TraesCS4D02G331100,0,0,0,0
TraesCS4D02G363100,0,0,0,0
TraesCS5A02G004000,0,0,0,0
TraesCS5A02G006800,0,0,0,0
TraesCS5A02G013400,1,1,0,0
TraesCS5A02G015300,0,0,0,0
TraesCS5A02G017400,0,0,0,0
TraesCS5A02G019000,2,2,0,0
TraesCS5A02G024300,0,0,0,0
TraesCS5A02G034600,0,0,0,0
TraesCS5A02G062300,0,0,0,0
TraesCS5A02G075600,2,2,0,0
TraesCS5A02G085200,0,0,0,0
TraesCS5A02G091500,0,0,0,0
TraesCS5A02G097200,0,0,0,0
TraesCS5A02G109500,0,0,0,0
TraesCS5A02G110700,0,0,0,0
TraesCS5A02G126500,0,0,0,0
TraesCS5A02G131000,0,0,0,0
TraesCS5A02G131300,0,0,0,0
TraesCS5A02G140000,0,0,0,0
TraesCS5A02G141000,0,0,0,0
TraesCS5A02G141600,0,0,0,0
TraesCS5A02G149400,0,0,0,0
TraesCS5A02G152100,0,0,0,0
TraesCS5A02G152600,0,0,0,0
TraesCS5A02G156200,0,0,0,0
TraesCS5A02G163300,0,0,0,0
TraesCS5A02G163900,0,0,0,0
TraesCS5A02G164200,1,1,0,0
TraesCS5A02G177600,0,0,0,0
TraesCS5A02G179900,0,0,0,0
TraesCS5A02G186200,0,0,0,0
TraesCS5A02G188900,0,0,0,0
TraesCS5A02G194100,0,0,0,0
TraesCS5A02G194200,1,1,0,0
TraesCS5A02G197700,1,1,0,0
TraesCS5A02G198200,0,0,0,0
TraesCS5A02G207100,1,1,0,0
TraesCS5A02G213700,0,0,0,0
TraesCS5A02G238000,0,0,0,0
TraesCS5A02G256300,0,0,0,0
TraesCS5A02G274900,0,0,0,0
TraesCS5A02G277100,0,0,0,0
TraesCS5A02G289200,0,0,0,0
TraesCS5A02G322900,0,0,0,0
TraesCS5A02G327700,0,0,0,0
TraesCS5A02G335200,1,1,0,0
TraesCS5A02G354400,0,0,0,0
TraesCS5A02G355600,0,0,0,0
TraesCS5A02G365200,1,1,0,0
TraesCS5A02G378600,0,0,0,0
TraesCS5A02G384100,0,0,0,0
TraesCS5A02G386600,0,0,0,0
TraesCS5A02G398100,0,0,0,0
TraesCS5A02G398700,0,0,0,0
TraesCS5A02G404900,1,1,0,0
TraesCS5A02G416000,0,0,0,0
TraesCS5A02G421600,0,0,0,0
TraesCS5A02G426100,0,0,0,0
TraesCS5A02G426500,0,0,0,0
TraesCS5A02G431800,0,0,0,0
TraesCS5A02G442900,0,0,0,0
TraesCS5A02G444200,0,0,0,0
TraesCS5A02G452200,0,0,0,0
TraesCS5A02G456200,0,0,0,0
TraesCS5A02G485600,0,0,0,0
TraesCS5A02G492100,1,1,0,0
TraesCS5A02G497300,0,0,0,0
TraesCS5A02G505300,0,0,0,0
TraesCS5A02G512500,0,0,0,0
TraesCS5A02G513900,1,1,0,0
TraesCS5A02G514000,0,0,0,0
TraesCS5A02G521200,0,0,0,0
TraesCS5A02G522600,0,0,0,0
TraesCS5A02G558000,1,1,0,0
TraesCS5B02G003600,0,0,0,0
TraesCS5B02G006900,0,0,0,0
TraesCS5B02G011400,1,1,0,0
TraesCS5B02G022900,0,0,0,0
TraesCS5B02G023100,0,0,0,0
TraesCS5B02G030800,0,0,0,0
TraesCS5B02G031600,0,0,0,0
TraesCS5B02G035900,2,2,0,0
TraesCS5B02G046700,0,0,0,0
TraesCS5B02G052000,0,0,0,0
TraesCS5B02G053300,1,1,0,0
TraesCS5B02G069400,0,0,0,0
TraesCS5B02G071200,0,0,0,0
TraesCS5B02G075600,0,0,0,0
TraesCS5B02G091600,0,0,0,0
TraesCS5B02G097100,0,0,0,0
TraesCS5B02G098700,0,0,0,0
TraesCS5B02G098900,0,0,0,0
TraesCS5B02G110300,0,0,0,0
TraesCS5B02G113900,0,0,0,0
TraesCS5B02G118300,0,0,0,0
TraesCS5B02G137000,0,0,0,0
TraesCS5B02G143000,1,1,0,0
TraesCS5B02G146500,0,0,0,0
TraesCS5B02G146600,0,0,0,0
TraesCS5B02G150300,0,0,0,0
TraesCS5B02G150700,0,0,0,0
TraesCS5B02G154400,0,0,0,0
TraesCS5B02G155400,0,0,0,0
TraesCS5B02G168800,0,0,0,0
TraesCS5B02G171900,0,0,0,0
TraesCS5B02G196900,0,0,0,0
TraesCS5B02G197000,0,0,0,0
TraesCS5B02G205800,0,0,0,0
TraesCS5B02G215200,0,0,0,0
TraesCS5B02G218800,0,0,0,0
TraesCS5B02G235300,1,1,0,0
TraesCS5B02G240200,0,0,0,0
TraesCS5B02G249000,0,0,0,0
TraesCS5B02G262800,0,0,0,0
TraesCS5B02G264700,1,1,0,0
TraesCS5B02G276400,0,0,0,0
TraesCS5B02G277500,0,0,0,0
TraesCS5B02G288600,0,0,0,0
TraesCS5B02G289800,0,0,0,0
TraesCS5B02G296200,0,0,0,0
TraesCS5B02G297000,0,0,0,0
TraesCS5B02G298200,0,0,0,0
TraesCS5B02G320100,0,0,0,0
TraesCS5B02G325200,0,0,0,0
TraesCS5B02G337300,0,0,0,0
TraesCS5B02G337700,0,0,0,0
TraesCS5B02G345400,0,0,0,0
TraesCS5B02G358500,0,0,0,0
TraesCS5B02G377900,0,0,0,0
TraesCS5B02G387500,0,0,0,0
TraesCS5B02G391500,1,1,0,0
TraesCS5B02G397100,0,0,0,0
TraesCS5B02G413900,1,1,0,0
TraesCS5B02G414900,0,0,0,0
TraesCS5B02G420300,0,0,0,0
TraesCS5B02G420600,0,0,0,0
TraesCS5B02G422900,0,0,0,0
TraesCS5B02G429800,0,0,0,0
TraesCS5B02G431600,0,0,0,0
TraesCS5B02G436600,1,1,0,0
TraesCS5B02G440900,0,0,0,0
TraesCS5B02G444900,0,0,0,0
TraesCS5B02G454500,0,0,0,0
TraesCS5B02G475500,0,0,0,0
TraesCS5B02G475800,0,0,0,0
TraesCS5B02G485700,0,0,0,0
TraesCS5B02G487000,0,0,0,0
TraesCS5B02G488900,0,0,0,0
TraesCS5B02G493500,0,0,0,0
TraesCS5B02G500900,0,0,0,0
TraesCS5B02G511400,0,0,0,0
TraesCS5B02G519300,0,0,0,0
TraesCS5B02G519400,0,0,0,0
TraesCS5B02G549500,0,0,0,0
TraesCS5B02G553100,1,1,0,0
TraesCS5B02G557500,0,0,0,0
TraesCS5D02G012800,0,0,0,0
TraesCS5D02G016000,0,0,0,0
TraesCS5D02G021000,0,0,0,0
TraesCS5D02G025900,0,0,0,0
TraesCS5D02G027800,0,0,0,0
TraesCS5D02G035200,3,3,0,0
TraesCS5D02G039600,0,0,0,0
TraesCS5D02G042900,0,0,0,0
TraesCS5D02G055300,0,0,0,0
TraesCS5D02G056400,0,0,0,0
TraesCS5D02G069900,0,0,0,0
TraesCS5D02G072200,0,0,0,0
TraesCS5D02G081500,0,0,0,0
TraesCS5D02G083400,0,0,0,0
TraesCS5D02G085100,0,0,0,0
TraesCS5D02G087700,0,0,0,0
TraesCS5D02G099500,0,0,0,0
TraesCS5D02G112700,0,0,0,0
TraesCS5D02G135600,0,0,0,0
TraesCS5D02G136100,0,0,0,0
TraesCS5D02G136700,1,1,0,0
TraesCS5D02G142200,0,0,0,0
TraesCS5D02G153600,0,0,0,0
TraesCS5D02G166300,0,0,0,0
TraesCS5D02G172200,0,0,0,0
TraesCS5D02G189500,0,0,0,0
TraesCS5D02G202500,0,0,0,0
TraesCS5D02G210100,0,0,0,0
TraesCS5D02G219100,0,0,0,0
TraesCS5D02G225700,0,0,0,0
TraesCS5D02G244900,2,2,0,0
TraesCS5D02G262100,0,0,0,0
TraesCS5D02G263000,0,0,0,0
TraesCS5D02G270100,0,0,0,0
TraesCS5D02G272600,0,0,0,0
TraesCS5D02G283600,6,6,0,0
TraesCS5D02G297100,0,0,0,0
TraesCS5D02G297200,0,0,0,0
TraesCS5D02G299700,0,0,0,0
TraesCS5D02G307000,0,0,0,0
TraesCS5D02G309300,1,1,0,0
TraesCS5D02G319600,1,1,0,0
TraesCS5D02G324700,0,0,0,0
TraesCS5D02G328400,0,0,0,0
TraesCS5D02G334800,0,0,0,0
TraesCS5D02G339400,0,0,0,0
TraesCS5D02G365600,0,0,0,0
TraesCS5D02G367600,0,0,0,0
TraesCS5D02G377200,0,0,0,0
TraesCS5D02G379000,0,0,0,0
TraesCS5D02G381800,0,0,0,0
TraesCS5D02G389400,0,0,0,0
TraesCS5D02G392400,0,0,0,0
TraesCS5D02G396400,0,0,0,0
TraesCS5D02G402100,0,0,0,0
TraesCS5D02G402200,0,0,0,0
TraesCS5D02G404300,0,0,0,0
TraesCS5D02G406400,0,0,0,0
TraesCS5D02G407600,0,0,0,0
TraesCS5D02G415000,1,1,0,0
TraesCS5D02G431500,2,2,0,0
TraesCS5D02G460700,0,0,0,0
TraesCS5D02G461600,0,0,0,0
TraesCS5D02G466900,0,0,0,0
TraesCS5D02G479600,0,0,0,0
TraesCS5D02G498600,0,0,0,0
TraesCS5D02G500000,4,4,0,0
TraesCS5D02G500800,0,0,0,0
TraesCS5D02G506000,0,0,0,0
TraesCS5D02G513600,0,0,0,0
TraesCS5D02G529500,0,0,0,0
TraesCS5D02G534000,0,0,0,0
TraesCS6A02G017500,1,1,0,0
TraesCS6A02G036600,0,0,0,0
TraesCS6A02G039700,0,0,0,0
TraesCS6A02G053100,0,0,0,0
TraesCS6A02G083100,1,1,0,0
TraesCS6A02G088200,0,0,0,0
TraesCS6A02G094300,0,0,0,0
TraesCS6A02G101800,0,0,0,0
TraesCS6A02G103600,0,0,0,0
TraesCS6A02G116500,0,0,0,0
TraesCS6A02G136700,0,0,0,0
TraesCS6A02G153600,0,0,0,0
TraesCS6A02G154200,0,0,0,0
TraesCS6A02G161300,0,0,0,0
TraesCS6A02G176400,0,0,0,0
TraesCS6A02G179300,0,0,0,0
TraesCS6A02G184000,0,0,0,0
TraesCS6A02G198600,0,0,0,0
TraesCS6A02G199900,0,0,0,0
TraesCS6A02G205300,0,0,0,0
TraesCS6A02G211000,0,0,0,0
TraesCS6A02G217000,0,0,0,0
TraesCS6A02G218500,0,0,0,0
TraesCS6A02G228600,1,1,0,0
TraesCS6A02G244900,0,0,0,0
TraesCS6A02G253300,0,0,0,0
TraesCS6A02G257700,0,0,0,0
TraesCS6A02G271000,0,0,0,0
TraesCS6A02G283700,1,1,0,0
TraesCS6A02G285400,0,0,0,0
TraesCS6A02G286200,1,1,0,0
TraesCS6A02G289000,0,0,0,0
TraesCS6A02G292600,0,0,0,0
TraesCS6A02G302700,0,0,0,0
TraesCS6A02G303100,0,0,0,0
TraesCS6A02G307300,0,0,0,0
TraesCS6A02G318200,1,1,0,0
TraesCS6A02G344300,0,0,0,0
TraesCS6A02G365800,2,2,0,0
TraesCS6A02G367100,0,0,0,0
TraesCS6A02G390600,0,0,0,0
TraesCS6A02G396400,0,0,0,0
TraesCS6A02G406800,0,0,0,0
TraesCS6A02G407000,0,0,0,0
TraesCS6A02G409100,0,0,0,0
TraesCS6A02G419100,0,0,0,0
TraesCS6B02G015400,2,2,0,0
TraesCS6B02G034200,0,0,0,0
TraesCS6B02G037000,0,0,0,0
TraesCS6B02G038200,1,1,0,0
TraesCS6B02G038500,0,0,0,0
TraesCS6B02G052900,0,0,0,0
TraesCS6B02G054500,0,0,0,0
TraesCS6B02G058300,0,0,0,0
TraesCS6B02G063300,0,0,0,0
TraesCS6B02G064200,0,0,0,0
TraesCS6B02G064500,0,0,0,0
TraesCS6B02G068400,0,0,0,0
TraesCS6B02G074700,0,0,0,0
TraesCS6B02G095300,1,1,0,0
TraesCS6B02G102700,0,0,0,0
TraesCS6B02G112200,0,0,0,0
TraesCS6B02G119500,0,0,0,0
TraesCS6B02G134000,0,0,0,0
TraesCS6B02G149600,0,0,0,0
TraesCS6B02G161300,0,0,0,0
TraesCS6B02G171300,0,0,0,0
TraesCS6B02G180700,0,0,0,0
TraesCS6B02G184600,0,0,0,0
TraesCS6B02G185600,0,0,0,0
TraesCS6B02G186900,0,0,0,0
TraesCS6B02G189300,0,0,0,0
TraesCS6B02G192400,0,0,0,0
TraesCS6B02G194600,0,0,0,0
TraesCS6B02G202800,0,0,0,0
TraesCS6B02G205800,0,0,0,0
TraesCS6B02G226200,0,0,0,0
TraesCS6B02G227300,0,0,0,0
TraesCS6B02G228300,0,0,0,0
TraesCS6B02G234100,0,0,0,0
TraesCS6B02G236700,0,0,0,0
TraesCS6B02G237600,0,0,0,0
TraesCS6B02G247300,0,0,0,0
TraesCS6B02G269300,0,0,0,0
TraesCS6B02G272000,0,0,0,0
TraesCS6B02G272400,1,1,0,0
TraesCS6B02G272700,0,0,0,0
TraesCS6B02G272800,0,0,0,0
TraesCS6B02G287100,0,0,0,0
TraesCS6B02G293300,0,0,0,0
TraesCS6B02G298000,1,1,0,0
TraesCS6B02G304400,0,0,0,0
TraesCS6B02G307400,0,0,0,0
TraesCS6B02G309400,0,0,0,0
TraesCS6B02G310300,0,0,0,0
TraesCS6B02G346700,0,0,0,0
TraesCS6B02G348000,0,0,0,0
TraesCS6B02G367600,0,0,0,0
TraesCS6B02G367900,0,0,0,0
TraesCS6B02G374100,0,0,0,0
TraesCS6B02G374700,0,0,0,0
TraesCS6B02G396800,0,0,0,0
TraesCS6B02G396900,0,0,0,0
TraesCS6B02G400500,0,0,0,0
TraesCS6B02G418600,0,0,0,0
TraesCS6B02G428600,0,0,0,0
TraesCS6B02G431000,0,0,0,0
TraesCS6B02G449700,2,2,0,0
TraesCS6B02G455300,0,0,0,0
TraesCS6B02G470000,0,0,0,0
TraesCS6D02G009800,2,2,0,0
TraesCS6D02G024400,0,0,0,0
TraesCS6D02G030400,0,0,0,0
TraesCS6D02G032400,1,1,0,0
TraesCS6D02G042100,0,0,0,0
TraesCS6D02G047200,1,1,0,0
TraesCS6D02G050300,0,0,0,0
TraesCS6D02G051700,0,0,0,0
TraesCS6D02G052300,0,0,0,0
TraesCS6D02G057200,0,0,0,0
TraesCS6D02G061400,0,0,0,0
TraesCS6D02G064900,0,0,0,0
TraesCS6D02G069100,0,0,0,0
TraesCS6D02G077500,0,0,0,0
TraesCS6D02G083400,0,0,0,0
TraesCS6D02G103100,0,0,0,0
TraesCS6D02G111500,0,0,0,0
TraesCS6D02G112500,0,0,0,0
TraesCS6D02G130500,0,0,0,0
TraesCS6D02G133800,0,0,0,0
TraesCS6D02G141100,0,0,0,0
TraesCS6D02G145400,0,0,0,0
TraesCS6D02G146000,0,0,0,0
TraesCS6D02G160000,0,0,0,0
TraesCS6D02G164600,0,0,0,0
TraesCS6D02G167500,0,0,0,0
TraesCS6D02G184300,0,0,0,0
TraesCS6D02G186500,1,1,0,0
TraesCS6D02G189300,0,0,0,0
TraesCS6D02G189700,0,0,0,0
TraesCS6D02G192500,0,0,0,0
TraesCS6D02G195800,0,0,0,0
TraesCS6D02G198500,0,0,0,0
TraesCS6D02G198700,0,0,0,0
TraesCS6D02G210300,0,0,0,0
TraesCS6D02G212200,1,1,0,0
TraesCS6D02G224600,2,2,0,0
TraesCS6D02G227200,0,0,0,0
TraesCS6D02G239600,0,0,0,0
TraesCS6D02G240800,0,0,0,0
TraesCS6D02G249700,0,0,0,0
TraesCS6D02G264700,0,0,0,0
TraesCS6D02G274400,0,0,0,0
TraesCS6D02G274800,0,0,0,0
TraesCS6D02G293300,0,0,0,0
TraesCS6D02G293800,0,0,0,0
TraesCS6D02G295500,0,0,0,0
TraesCS6D02G319700,0,0,0,0
TraesCS6D02G332800,0,0,0,0
TraesCS6D02G337400,0,0,0,0
TraesCS6D02G349000,0,0,0,0
TraesCS6D02G364500,1,1,0,0
TraesCS6D02G364600,0,0,0,0
TraesCS6D02G368900,0,0,0,0
TraesCS6D02G373400,0,0,0,0
TraesCS6D02G383600,0,0,0,0
TraesCS7A02G008900,1,1,0,0
TraesCS7A02G009200,0,0,0,0
TraesCS7A02G017400,0,0,0,0
TraesCS7A02G033100,0,0,0,0
TraesCS7A02G036200,1,1,0,0
TraesCS7A02G040700,0,0,0,0
TraesCS7A02G040900,0,0,0,0
TraesCS7A02G055400,0,0,0,0
TraesCS7A02G068800,0,0,0,0
TraesCS7A02G071200,0,0,0,0
TraesCS7A02G080900,0,0,0,0
TraesCS7A02G100500,0,0,0,0
TraesCS7A02G104600,0,0,0,0
TraesCS7A02G128700,0,0,0,0
TraesCS7A02G151300,0,0,0,0
TraesCS7A02G152800,0,0,0,0
TraesCS7A02G181400,0,0,0,0
TraesCS7A02G195500,0,0,0,0
TraesCS7A02G196400,0,0,0,0
TraesCS7A02G199800,0,0,0,0
TraesCS7A02G213500,0,0,0,0
TraesCS7A02G221300,0,0,0,0
TraesCS7A02G234100,13,13,0,0
TraesCS7A02G235700,0,0,0,0
TraesCS7A02G238900,1,1,0,0
TraesCS7A02G240700,0,0,0,0
TraesCS7A02G241800,1,1,0,0
TraesCS7A02G242800,0,0,0,0
TraesCS7A02G247000,0,0,0,0
TraesCS7A02G248400,0,0,0,0
TraesCS7A02G251800,0,0,0,0
TraesCS7A02G261100,0,0,0,0
TraesCS7A02G263000,0,0,0,0
TraesCS7A02G264500,3,3,0,0
TraesCS7A02G270600,1,1,0,0
TraesCS7A02G279400,0,0,0,0
TraesCS7A02G302400,0,0,0,0
TraesCS7A02G313600,0,0,0,0
TraesCS7A02G317000,0,0,0,0
TraesCS7A02G317900,1,1,0,0
TraesCS7A02G321000,0,0,0,0
TraesCS7A02G332000,0,0,0,0
TraesCS7A02G343800,0,0,0,0
TraesCS7A02G348200,0,0,0,0
TraesCS7A02G350500,1,1,0,0
TraesCS7A02G358600,1,1,0,0
TraesCS7A02G367600,0,0,0,0
TraesCS7A02G369100,0,0,0,0
TraesCS7A02G384100,0,0,0,0
TraesCS7A02G384700,0,0,0,0
TraesCS7A02G384900,0,0,0,0
TraesCS7A02G385100,0,0,0,0
TraesCS7A02G388700,2,2,0,0
TraesCS7A02G394500,0,0,0,0
TraesCS7A02G398400,0,0,0,0
TraesCS7A02G405500,0,0,0,0
TraesCS7A02G412000,0,0,0,0
TraesCS7A02G416300,1,1,0,0
TraesCS7A02G423200,0,0,0,0
TraesCS7A02G425000,0,0,0,0
TraesCS7A02G438300,1,1,0,0
TraesCS7A02G439100,0,0,0,0
TraesCS7A02G444600,0,0,0,0
TraesCS7A02G451100,0,0,0,0
TraesCS7A02G454300,1,1,0,0
TraesCS7A02G463900,0,0,0,0
TraesCS7A02G467700,0,0,0,0
TraesCS7A02G480400,0,0,0,0
TraesCS7A02G486700,0,0,0,0
TraesCS7A02G487700,0,0,0,0
TraesCS7A02G491900,0,0,0,0
TraesCS7A02G503900,0,0,0,0
TraesCS7A02G513100,0,0,0,0
TraesCS7A02G543400,0,0,0,0
TraesCS7A02G558200,0,0,0,0
TraesCS7B02G013200,1,1,0,0
TraesCS7B02G018300,0,0,0,0
TraesCS7B02G029200,0,0,0,0
TraesCS7B02G038400,0,0,0,0
TraesCS7B02G044100,0,0,0,0
TraesCS7B02G046700,1,1,0,0
TraesCS7B02G048800,0,0,0,0
TraesCS7B02G052200,1,1,0,0
TraesCS7B02G056600,0,0,0,0
TraesCS7B02G060900,0,0,0,0
TraesCS7B02G063500,0,0,0,0
TraesCS7B02G073900,0,0,0,0
TraesCS7B02G083400,0,0,0,0
TraesCS7B02G101200,0,0,0,0
TraesCS7B02G103000,0,0,0,0
TraesCS7B02G110800,0,0,0,0
TraesCS7B02G111200,0,0,0,0
TraesCS7B02G118100,3,3,0,0
TraesCS7B02G120700,0,0,0,0
TraesCS7B02G132100,0,0,0,0
TraesCS7B02G143100,0,0,0,0
TraesCS7B02G145500,0,0,0,0
TraesCS7B02G149200,0,0,0,0
TraesCS7B02G159500,0,0,0,0
TraesCS7B02G162600,1,1,0,0
TraesCS7B02G164700,0,0,0,0
TraesCS7B02G168700,0,0,0,0
TraesCS7B02G175300,0,0,0,0
TraesCS7B02G177100,0,0,0,0
TraesCS7B02G177300,1,1,0,0
TraesCS7B02G202500,0,0,0,0
TraesCS7B02G203600,2,2,0,0
TraesCS7B02G212000,1,1,0,0
TraesCS7B02G213300,0,0,0,0
TraesCS7B02G221800,0,0,0,0
TraesCS7B02G224700,0,0,0,0
TraesCS7B02G225000,0,0,0,0
TraesCS7B02G228100,0,0,0,0
TraesCS7B02G236800,0,0,0,0
TraesCS7B02G239300,0,0,0,0
TraesCS7B02G241100,1,1,0,0
TraesCS7B02G254100,1,1,0,0
TraesCS7B02G257600,0,0,0,0
TraesCS7B02G268300,7,7,0,0
TraesCS7B02G268900,0,0,0,0
TraesCS7B02G269700,0,0,0,0
TraesCS7B02G281900,1,1,0,0
TraesCS7B02G286200,0,0,0,0
TraesCS7B02G287500,0,0,0,0
TraesCS7B02G288100,0,0,0,0
TraesCS7B02G296200,0,0,0,0
TraesCS7B02G296900,1,1,0,0
TraesCS7B02G307000,0,0,0,0
TraesCS7B02G339600,0,0,0,0
TraesCS7B02G343600,0,0,0,0
TraesCS7B02G346200,0,0,0,0
TraesCS7B02G348600,0,0,0,0
TraesCS7B02G373200,0,0,0,0
TraesCS7B02G374500,0,0,0,0
TraesCS7B02G387900,0,0,0,0
TraesCS7B02G392700,0,0,0,0
TraesCS7B02G411900,0,0,0,0
TraesCS7B02G428400,0,0,0,0
TraesCS7B02G441300,0,0,0,0
TraesCS7B02G472700,0,0,0,0
TraesCS7D02G027100,0,0,0,0
TraesCS7D02G032500,2,2,0,0
TraesCS7D02G036000,0,0,0,0
TraesCS7D02G048500,0,0,0,0
TraesCS7D02G054500,0,0,0,0
TraesCS7D02G057500,0,0,0,0
TraesCS7D02G058900,0,0,0,0
TraesCS7D02G059600,1,1,0,0
TraesCS7D02G074500,0,0,0,0
TraesCS7D02G088000,0,0,0,0
TraesCS7D02G091900,0,0,0,0
TraesCS7D02G093200,0,0,0,0
TraesCS7D02G094800,0,0,0,0
TraesCS7D02G097300,1,1,0,0
TraesCS7D02G097400,0,0,0,0
TraesCS7D02G105900,0,0,0,0
TraesCS7D02G143300,0,0,0,0
TraesCS7D02G154500,0,0,0,0
TraesCS7D02G159900,0,0,0,0
TraesCS7D02G165500,0,0,0,0
TraesCS7D02G167400,0,0,0,0
TraesCS7D02G169100,0,0,0,0
TraesCS7D02G170200,0,0,0,0
TraesCS7D02G173500,0,0,0,0
TraesCS7D02G181500,1,1,0,0
TraesCS7D02G192000,0,0,0,0
TraesCS7D02G199900,1,1,0,0
TraesCS7D02G211000,0,0,0,0
TraesCS7D02G212000,0,0,0,0
TraesCS7D02G212800,1,1,0,0
TraesCS7D02G222100,0,0,0,0
TraesCS7D02G225400,0,0,0,0
TraesCS7D02G228500,0,0,0,0
TraesCS7D02G233400,0,0,0,0
TraesCS7D02G249200,0,0,0,0
TraesCS7D02G250900,0,0,0,0
TraesCS7D02G254000,0,0,0,0
TraesCS7D02G254400,0,0,0,0
TraesCS7D02G259000,0,0,0,0
TraesCS7D02G263100,0,0,0,0
TraesCS7D02G269400,1,1,0,0
TraesCS7D02G271000,0,0,0,0
TraesCS7D02G272900,0,0,0,0
TraesCS7D02G297700,0,0,0,0
TraesCS7D02G308600,0,0,0,0
TraesCS7D02G318000,0,0,0,0
TraesCS7D02G319300,0,0,0,0
TraesCS7D02G328300,2,2,0,0
TraesCS7D02G329500,0,0,0,0
TraesCS7D02G331500,0,0,0,0
TraesCS7D02G335800,0,0,0,0
TraesCS7D02G338700,0,0,0,0
TraesCS7D02G340200,0,0,0,0
TraesCS7D02G360700,0,0,0,0
TraesCS7D02G364900,0,0,0,0
TraesCS7D02G378800,0,0,0,0
TraesCS7D02G380600,0,0,0,0
TraesCS7D02G381700,0,0,0,0
TraesCS7D02G387700,0,0,0,0
TraesCS7D02G392100,0,0,0,0
TraesCS7D02G392800,0,0,0,0
TraesCS7D02G396900,0,0,0,0
TraesCS7D02G403600,0,0,0,0
TraesCS7D02G412100,0,0,0,0
TraesCS7D02G416700,0,0,0,0
TraesCS7D02G420000,0,0,0,0
TraesCS7D02G424200,0,0,0,0
TraesCS7D02G424400,0,0,0,0
TraesCS7D02G433300,0,0,0,0
TraesCS7D02G437900,0,0,0,0
TraesCS7D02G474600,0,0,0,0
TraesCS7D02G474700,0,0,0,0
TraesCS7D02G482900,0,0,0,0
TraesCS7D02G492000,0,0,0,0
TraesCS7D02G510900,0,0,0,0
TraesCS7D02G512200,0,0,0,0
TraesCS7D02G513300,0,0,0,0
TraesCS7D02G531500,1,1,0,0
TraesCS7D02G544900,0,0,0,0
TraesCSU02G007200,0,0,0,0
TraesCSU02G015200,0,0,0,0
TraesCSU02G033000,0,0,0,0
TraesCSU02G037200,0,0,0,0
TraesCSU02G053300,0,0,0,0
TraesCSU02G055900,0,0,0,0
TraesCSU02G093700,0,0,0,0
TraesCSU02G114900,0,0,0,0
TraesCSU02G116400,0,0,0,0
TraesCSU02G117300,0,0,0,0
TraesCSU02G122800,0,0,0,0
TraesCSU02G137700,0,0,0,0
TraesCSU02G140400,0,0,0,0
TraesCSU02G140900,0,0,0,0
TraesCSU02G166900,0,0,0,0
TraesCS2B02G482400,0,1,-1,1
TraesCS3A02G285500,0,1,-1,1
TraesCS3B02G452200,4,5,-1,1
TraesCS3D02G285300,0,1,-1,1
TraesCS3D02G504400,0,1,-1,1
TraesCS4A02G055500,0,1,-1,1
TraesCS4B02G073600,0,1,-1,1
TraesCS5A02G363700,0,1,-1,1
TraesCS5D02G411500,0,1,-1,1
TraesCS5D02G515200,0,1,-1,1
TraesCS6A02G176600,0,1,-1,1
TraesCS6D02G384000,0,1,-1,1
TraesCS7A02G329600,0,1,-1,1
TraesCS7B02G230100,0,1,-1,1
TraesCS7D02G326300,0,1,-1,1
TraesCS1A02G221900,0,1,-1,1
TraesCS1A02G231200,0,1,-1,1
TraesCS1A02G272300,1,2,-1,1
TraesCS2A02G288000,0,1,-1,1
TraesCS2A02G427700,0,1,-1,1
TraesCS2A02G514300,0,1,-1,1
TraesCS2B02G304800,0,1,-1,1
TraesCS2B02G531100,1,2,-1,1
TraesCS2B02G542400,0,1,-1,1
TraesCS2D02G286300,2,3,-1,1
TraesCS3A02G328000,0,1,-1,1
TraesCS3D02G260100,0,1,-1,1
TraesCS4B02G180600,1,2,-1,1
TraesCS4D02G120200,0,1,-1,1
TraesCS4D02G298600,0,1,-1,1
TraesCS5D02G150500,0,1,-1,1
TraesCS5D02G486600,0,1,-1,1
TraesCS6A02G131200,0,1,-1,1
TraesCS6A02G171900,0,1,-1,1
TraesCS6A02G181400,0,1,-1,1
TraesCS6A02G235100,0,1,-1,1
TraesCS6A02G301900,0,1,-1,1
TraesCS6A02G330500,7,8,-1,1
TraesCS6A02G343300,0,1,-1,1
TraesCS6B02G159600,0,1,-1,1
TraesCS6B02G210300,0,1,-1,1
TraesCS6B02G331000,0,1,-1,1
TraesCS6B02G375400,0,1,-1,1
TraesCS6D02G121100,0,1,-1,1
TraesCS7A02G292900,0,1,-1,1
TraesCS7A02G376300,0,1,-1,1
TraesCS7D02G372700,0,1,-1,1
TraesCS1A02G156600,0,1,-1,1
TraesCS1B02G424700,0,1,-1,1
TraesCS2A02G309300,0,1,-1,1
TraesCS2B02G326400,0,1,-1,1
TraesCS2B02G397300,0,1,-1,1
TraesCS2D02G307600,0,1,-1,1
TraesCS5A02G038300,0,1,-1,1
TraesCS5B02G039800,0,1,-1,1
TraesCS5D02G045700,0,1,-1,1
TraesCS7A02G416400,0,1,-1,1
TraesCS7A02G461700,0,1,-1,1
TraesCS7A02G475700,0,1,-1,1
TraesCS7D02G409700,0,1,-1,1
TraesCS3B02G106900,1,2,-1,1
TraesCS4B02G079900,0,1,-1,1
TraesCS4B02G361100,4,5,-1,1
TraesCS2D02G199900,0,1,-1,1
TraesCS7D02G368000,1,2,-1,1
TraesCS1D02G084200,1,2,-1,1
TraesCS2B02G273500,0,1,-1,1
TraesCS2B02G483300,2,3,-1,1
TraesCS3B02G236900,0,1,-1,1
TraesCS4D02G051600,9,10,-1,1
TraesCS5A02G376500,0,1,-1,1
TraesCS5D02G386500,0,1,-1,1
TraesCS5D02G428400,0,1,-1,1
TraesCS6A02G358400,0,1,-1,1
TraesCS6B02G295900,0,1,-1,1
TraesCS6D02G270900,0,1,-1,1
TraesCS7B02G211600,0,1,-1,1
TraesCS7B02G465400,0,1,-1,1
TraesCS2B02G265800,1,2,-1,1
TraesCS3A02G140100,0,1,-1,1
TraesCS6A02G412800,0,1,-1,1
TraesCS4A02G268500,0,1,-1,1
TraesCS5B02G163500,0,1,-1,1
TraesCS6B02G179000,0,1,-1,1
TraesCS6B02G248400,0,1,-1,1
TraesCS2A02G591000,0,1,-1,1
TraesCS2B02G592800,0,1,-1,1
TraesCS2B02G592900,0,1,-1,1
TraesCS2D02G563200,0,1,-1,1
TraesCS4D02G285100,0,1,-1,1
TraesCS1B02G353700,0,1,-1,1
TraesCS1D02G343000,0,1,-1,1
TraesCS2B02G410200,0,1,-1,1
TraesCS3A02G538400,0,1,-1,1
TraesCS3B02G603900,0,1,-1,1
TraesCS5A02G022100,0,1,-1,1
TraesCS5B02G018600,0,1,-1,1
TraesCS5A02G371500,0,1,-1,1
TraesCS5B02G025100,0,1,-1,1
TraesCS5B02G373600,0,1,-1,1
TraesCS5D02G033700,0,1,-1,1
TraesCS5D02G380900,0,1,-1,1
TraesCS1A02G397300,0,1,-1,1
TraesCS1B02G425600,0,1,-1,1
TraesCS2A02G039200,0,1,-1,1
TraesCS2A02G307700,0,1,-1,1
TraesCS2B02G051800,0,1,-1,1
TraesCS2B02G515600,0,1,-1,1
TraesCS2D02G101800,0,1,-1,1
TraesCS2D02G488300,0,1,-1,1
TraesCS3A02G179200,0,1,-1,1
TraesCS3B02G201900,0,1,-1,1
TraesCS3D02G181900,0,1,-1,1
TraesCS4A02G190800,0,1,-1,1
TraesCS4A02G276700,0,1,-1,1
TraesCS4D02G122500,0,1,-1,1
TraesCS5A02G143400,0,1,-1,1
TraesCS5B02G425300,0,1,-1,1
TraesCS5D02G119200,0,1,-1,1
TraesCS5D02G275300,0,1,-1,1
TraesCS6A02G166900,0,1,-1,1
TraesCS6A02G340600,0,1,-1,1
TraesCS6B02G372100,0,1,-1,1
TraesCS6D02G155400,0,1,-1,1
TraesCS6D02G321200,0,1,-1,1
TraesCS7A02G298900,0,1,-1,1
TraesCS7D02G294600,0,1,-1,1
TraesCS5B02G521100,0,1,-1,1
TraesCS2D02G180700,0,1,-1,1
TraesCS7A02G214500,9,10,-1,1
TraesCS4D02G033700,0,1,-1,1
TraesCS4A02G306400,0,1,-1,1
TraesCS4B02G008300,0,1,-1,1
TraesCS7A02G239500,0,1,-1,1
TraesCS7D02G237100,0,1,-1,1
TraesCS1B02G462600,0,1,-1,1
TraesCS5A02G053800,0,1,-1,1
TraesCS5D02G065300,0,1,-1,1
TraesCS6B02G093900,0,1,-1,1
TraesCS6D02G067500,0,1,-1,1
TraesCS1A02G139700,0,1,-1,1
TraesCS6D02G291000,0,1,-1,1
TraesCS2D02G099400,0,1,-1,1
TraesCS5D02G273600,0,1,-1,1
TraesCS3B02G204800,0,1,-1,1
TraesCS3B02G504100,0,1,-1,1
TraesCS1A02G019200,0,1,-1,1
TraesCS1B02G022900,0,1,-1,1
TraesCS1B02G178800,0,1,-1,1
TraesCS1D02G018400,0,1,-1,1
TraesCS2A02G317000,0,1,-1,1
TraesCS2D02G314900,0,1,-1,1
TraesCS3D02G180300,0,1,-1,1
TraesCS3D02G180400,0,1,-1,1
TraesCS4D02G107100,1,2,-1,1
TraesCS6B02G449300,0,1,-1,1
TraesCS6D02G388400,0,1,-1,1
TraesCS7A02G258700,0,1,-1,1
TraesCS3B02G191600,0,1,-1,1
TraesCS4D02G131500,0,1,-1,1
TraesCS5A02G401600,0,1,-1,1
TraesCS5B02G075300,0,1,-1,1
TraesCS5D02G081000,0,1,-1,1
TraesCS5D02G411800,0,1,-1,1
TraesCS6A02G385500,0,1,-1,1
TraesCS7D02G404100,0,1,-1,1
TraesCS2B02G176900,0,1,-1,1
TraesCS3A02G165200,0,1,-1,1
TraesCS3B02G040600,0,1,-1,1
TraesCS3D02G176400,0,1,-1,1
TraesCS5A02G234500,0,1,-1,1
TraesCS5B02G233000,0,1,-1,1
TraesCS5D02G241400,0,1,-1,1
TraesCS6A02G326000,0,1,-1,1
TraesCS6D02G305700,0,1,-1,1
TraesCS7A02G199000,0,1,-1,1
TraesCS7B02G105700,0,1,-1,1
TraesCS7D02G201700,0,1,-1,1
TraesCS3A02G233000,0,1,-1,1
TraesCS3A02G408000,0,1,-1,1
TraesCS4A02G191300,0,1,-1,1
TraesCS4D02G054000,0,1,-1,1
TraesCS4D02G122000,0,1,-1,1
TraesCS4D02G127800,0,1,-1,1
TraesCS4D02G136400,0,1,-1,1
TraesCS5D02G152700,0,1,-1,1
TraesCS5D02G332000,0,1,-1,1
TraesCS5D02G422300,0,1,-1,1
TraesCS6B02G277400,0,1,-1,1
TraesCS2D02G246600,0,1,-1,1
TraesCS4A02G255000,1,2,-1,1
TraesCS4A02G291500,3,4,-1,1
TraesCS4A02G434900,1,2,-1,1
TraesCS4B02G060000,0,1,-1,1
TraesCS6B02G296900,0,1,-1,1
TraesCS7D02G044200,1,2,-1,1
TraesCS1A02G157500,0,1,-1,1
TraesCS1A02G395600,0,1,-1,1
TraesCS3D02G141500,0,1,-1,1
TraesCS5D02G385300,0,1,-1,1
TraesCS1A02G338900,0,1,-1,1
TraesCS2D02G303900,1,2,-1,1
TraesCS5A02G142700,0,1,-1,1
TraesCS5B02G141400,0,1,-1,1
TraesCS1D02G220900,0,1,-1,1
TraesCS4B02G305300,0,1,-1,1
TraesCS5A02G199300,0,1,-1,1
TraesCS5A02G316800,0,1,-1,1
TraesCS1D02G197300,0,1,-1,1
TraesCS2A02G474000,0,1,-1,1
TraesCS2B02G497500,0,1,-1,1
TraesCS5B02G315100,0,1,-1,1
TraesCS6B02G354900,2,3,-1,1
TraesCS5D02G445100,0,1,-1,1
TraesCS2A02G401600,0,1,-1,1
TraesCS2D02G211400,0,1,-1,1
TraesCS5B02G556200,0,1,-1,1
TraesCS5D02G553300,0,1,-1,1
TraesCS7D02G388600,0,1,-1,1
TraesCS4A02G078700,0,1,-1,1
TraesCS4B02G245800,0,1,-1,1
TraesCS5A02G117500,0,1,-1,1
TraesCS5A02G391700,0,1,-1,1
TraesCS5B02G396600,0,1,-1,1
TraesCS5D02G401500,0,1,-1,1
TraesCS6A02G011700,2,3,-1,1
TraesCS6B02G186700,0,1,-1,1
TraesCS7A02G122000,0,1,-1,1
TraesCS7D02G120500,0,1,-1,1
TraesCS1B02G047700,0,1,-1,1
TraesCS1D02G252000,0,1,-1,1
TraesCS1D02G313900,0,1,-1,1
TraesCS2B02G218100,0,1,-1,1
TraesCS2D02G198500,0,1,-1,1
TraesCS4B02G279700,0,1,-1,1
TraesCS5D02G030500,0,1,-1,1
TraesCS6A02G016800,0,1,-1,1
TraesCS6A02G019600,0,1,-1,1
TraesCS6A02G021400,0,1,-1,1
TraesCS6A02G032300,0,1,-1,1
TraesCS6A02G058000,0,1,-1,1
TraesCS6A02G066800,0,1,-1,1
TraesCS6A02G214200,0,1,-1,1
TraesCS6A02G270600,0,1,-1,1
TraesCS6B02G023400,0,1,-1,1
TraesCS6B02G025600,0,1,-1,1
TraesCS6B02G027600,0,1,-1,1
TraesCS6B02G045000,0,1,-1,1
TraesCS6B02G045300,0,1,-1,1
TraesCS6B02G076900,0,1,-1,1
TraesCS6B02G333100,0,1,-1,1
TraesCS6B02G395300,0,1,-1,1
TraesCS6D02G018300,0,1,-1,1
TraesCS6D02G022000,0,1,-1,1
TraesCS6D02G025200,0,1,-1,1
TraesCS6D02G034400,0,1,-1,1
TraesCS6D02G036000,0,1,-1,1
TraesCS6D02G036100,0,1,-1,1
TraesCS6D02G036200,0,1,-1,1
TraesCS6D02G037100,0,1,-1,1
TraesCS6D02G196900,0,1,-1,1
TraesCS7A02G182600,0,1,-1,1
TraesCS7A02G460800,0,1,-1,1
TraesCS7B02G141200,0,1,-1,1
TraesCS7B02G149800,0,1,-1,1
TraesCS7D02G203000,0,1,-1,1
TraesCS7D02G252100,0,1,-1,1
TraesCSU02G029100,0,1,-1,1
TraesCSU02G118300,0,1,-1,1
TraesCS7A02G553800,0,1,-1,1
TraesCS1A02G068300,0,1,-1,1
TraesCS1A02G308100,0,1,-1,1
TraesCS1B02G232300,0,1,-1,1
TraesCS1B02G232800,0,1,-1,1
TraesCS1B02G316200,0,1,-1,1
TraesCS1B02G451500,0,1,-1,1
TraesCS1D02G283100,0,1,-1,1
TraesCS1D02G428400,0,1,-1,1
TraesCS2A02G230400,1,2,-1,1
TraesCS2A02G338200,0,1,-1,1
TraesCS2A02G441300,0,1,-1,1
TraesCS2B02G343800,0,1,-1,1
TraesCS2B02G399200,0,1,-1,1
TraesCS2B02G459800,0,1,-1,1
TraesCS2B02G466400,0,1,-1,1
TraesCS2B02G466500,0,1,-1,1
TraesCS2D02G437600,0,1,-1,1
TraesCS3A02G109300,0,1,-1,1
TraesCS3A02G153700,0,1,-1,1
TraesCS3A02G367600,0,1,-1,1
TraesCS3B02G224500,2,3,-1,1
TraesCS3B02G367500,0,1,-1,1
TraesCS3B02G407700,0,1,-1,1
TraesCS3B02G612200,1,2,-1,1
TraesCS3D02G109100,0,1,-1,1
TraesCS3D02G377300,0,1,-1,1
TraesCS3D02G432300,0,1,-1,1
TraesCS5A02G227400,0,1,-1,1
TraesCS5A02G307100,0,1,-1,1
TraesCS5A02G375400,0,1,-1,1
TraesCS5A02G450800,0,1,-1,1
TraesCS5B02G089200,3,4,-1,1
TraesCS5B02G093000,2,3,-1,1
TraesCS5B02G119800,0,1,-1,1
TraesCS5B02G307500,0,1,-1,1
TraesCS5B02G459200,0,1,-1,1
TraesCS5D02G093100,0,1,-1,1
TraesCS5D02G314000,0,1,-1,1
TraesCS5D02G460800,0,1,-1,1
TraesCS6A02G258600,0,1,-1,1
TraesCS6A02G269000,0,1,-1,1
TraesCS6B02G228500,0,1,-1,1
TraesCS6B02G296300,0,1,-1,1
TraesCS6D02G239800,0,1,-1,1
TraesCS7A02G299400,0,1,-1,1
TraesCS7A02G304600,0,1,-1,1
TraesCS7B02G188000,0,1,-1,1
TraesCS7D02G409100,0,1,-1,1
TraesCS1B02G277300,0,1,-1,1
TraesCS2A02G101400,1,2,-1,1
TraesCS2A02G326500,0,1,-1,1
TraesCS2A02G459700,0,1,-1,1
TraesCS2B02G118500,0,1,-1,1
TraesCS2D02G305300,0,1,-1,1
TraesCS3B02G208300,0,1,-1,1
TraesCS3D02G333100,0,1,-1,1
TraesCS3D02G480900,0,1,-1,1
TraesCS4B02G132500,1,2,-1,1
TraesCS5B02G480900,0,1,-1,1
TraesCS5D02G481200,0,1,-1,1
TraesCS6B02G237900,0,1,-1,1
TraesCS6D02G192400,0,1,-1,1
TraesCS7A02G464100,0,1,-1,1
TraesCS7A02G549000,2,3,-1,1
TraesCS7B02G111300,0,1,-1,1
TraesCS7B02G160900,0,1,-1,1
TraesCS7D02G451700,0,1,-1,1
TraesCS7D02G543500,13,14,-1,1
TraesCS2D02G447400,0,1,-1,1
TraesCS3B02G560600,1,2,-1,1
TraesCS6B02G291400,0,1,-1,1
TraesCS6D02G250500,0,1,-1,1
TraesCS7A02G394800,0,1,-1,1
TraesCS2A02G404500,0,1,-1,1
TraesCS2B02G370400,0,1,-1,1
TraesCS2D02G350400,0,1,-1,1
TraesCS2D02G401300,0,1,-1,1
TraesCS2D02G401400,0,1,-1,1
TraesCS4A02G230700,0,1,-1,1
TraesCS4B02G085200,0,1,-1,1
TraesCS4D02G083200,0,1,-1,1
TraesCS4D02G322400,0,1,-1,1
TraesCS5A02G497800,0,1,-1,1
TraesCS6A02G110100,0,1,-1,1
TraesCS6A02G155300,0,1,-1,1
TraesCS7A02G249100,0,1,-1,1
TraesCS7B02G115200,0,1,-1,1
TraesCS7D02G210400,0,1,-1,1
TraesCS7D02G248000,0,1,-1,1
TraesCS4A02G095200,0,1,-1,1
TraesCS4B02G163500,0,1,-1,1
TraesCS4B02G209300,0,1,-1,1
TraesCS5A02G114700,0,1,-1,1
TraesCSU02G136000,0,1,-1,1
TraesCS3B02G552400,0,1,-1,1
TraesCS5B02G319600,1,2,-1,1
TraesCS7A02G414500,0,1,-1,1
TraesCS7B02G314400,0,1,-1,1
TraesCS7D02G407600,0,1,-1,1
TraesCS2A02G506500,0,1,-1,1
TraesCS2B02G534800,0,1,-1,1
TraesCS4A02G285900,0,1,-1,1
TraesCS4B02G297100,0,1,-1,1
TraesCS4D02G295900,5,6,-1,1
TraesCS5A02G212800,0,1,-1,1
TraesCS4D02G164200,1,2,-1,1
TraesCS6D02G252800,0,1,-1,1
TraesCS1D02G338300,0,1,-1,1
TraesCS1A02G070400,0,1,-1,1
TraesCS1A02G348600,0,1,-1,1
TraesCS1D02G072900,0,1,-1,1
TraesCS1D02G351600,1,2,-1,1
TraesCS2B02G454300,0,1,-1,1
TraesCS2D02G190500,0,1,-1,1
TraesCS2D02G431000,0,1,-1,1
TraesCS3A02G167200,0,1,-1,1
TraesCS4A02G128100,0,1,-1,1
TraesCS4B02G176700,0,1,-1,1
TraesCS4D02G119700,0,1,-1,1
TraesCS4D02G178400,0,1,-1,1
TraesCS5A02G258100,0,1,-1,1
TraesCS5A02G395100,0,1,-1,1
TraesCS5B02G108500,0,1,-1,1
TraesCS5B02G257300,0,1,-1,1
TraesCS5B02G384600,0,1,-1,1
TraesCS5B02G399900,0,1,-1,1
TraesCS5D02G266300,0,1,-1,1
TraesCS5D02G349800,0,1,-1,1
TraesCS5B02G153300,0,1,-1,1
TraesCS5D02G160100,0,1,-1,1
TraesCS1A02G002500,0,1,-1,1
TraesCS1A02G016900,0,1,-1,1
TraesCS1A02G020600,0,1,-1,1
TraesCS1A02G066800,0,1,-1,1
TraesCS1A02G086900,0,1,-1,1
TraesCS1A02G106300,0,1,-1,1
TraesCS1A02G117500,0,1,-1,1
TraesCS1A02G121700,0,1,-1,1
TraesCS1A02G130900,0,1,-1,1
TraesCS1A02G134000,0,1,-1,1
TraesCS1A02G134600,0,1,-1,1
TraesCS1A02G149700,0,1,-1,1
TraesCS1A02G161400,2,3,-1,1
TraesCS1A02G164600,0,1,-1,1
TraesCS1A02G169000,0,1,-1,1
TraesCS1A02G172600,4,5,-1,1
TraesCS1A02G178200,0,1,-1,1
TraesCS1A02G181500,0,1,-1,1
TraesCS1A02G200800,0,1,-1,1
TraesCS1A02G205600,0,1,-1,1
TraesCS1A02G206300,0,1,-1,1
TraesCS1A02G215800,0,1,-1,1
TraesCS1A02G217500,0,1,-1,1
TraesCS1A02G249300,0,1,-1,1
TraesCS1A02G279900,0,1,-1,1
TraesCS1A02G297800,0,1,-1,1
TraesCS1A02G305300,0,1,-1,1
TraesCS1A02G307700,0,1,-1,1
TraesCS1A02G323900,0,1,-1,1
TraesCS1A02G333200,0,1,-1,1
TraesCS1A02G398300,1,2,-1,1
TraesCS1A02G417800,0,1,-1,1
TraesCS1A02G421000,0,1,-1,1
TraesCS1A02G423700,0,1,-1,1
TraesCS1A02G424500,1,2,-1,1
TraesCS1B02G017700,0,1,-1,1
TraesCS1B02G031100,0,1,-1,1
TraesCS1B02G040700,0,1,-1,1
TraesCS1B02G047200,0,1,-1,1
TraesCS1B02G068600,0,1,-1,1
TraesCS1B02G121600,0,1,-1,1
TraesCS1B02G160000,0,1,-1,1
TraesCS1B02G164900,0,1,-1,1
TraesCS1B02G173600,0,1,-1,1
TraesCS1B02G179700,0,1,-1,1
TraesCS1B02G194100,3,4,-1,1
TraesCS1B02G201400,0,1,-1,1
TraesCS1B02G211400,0,1,-1,1
TraesCS1B02G223100,0,1,-1,1
TraesCS1B02G230800,0,1,-1,1
TraesCS1B02G247800,0,1,-1,1
TraesCS1B02G254600,0,1,-1,1
TraesCS1B02G258900,0,1,-1,1
TraesCS1B02G262000,0,1,-1,1
TraesCS1B02G270100,0,1,-1,1
TraesCS1B02G272900,0,1,-1,1
TraesCS1B02G292800,0,1,-1,1
TraesCS1B02G300700,0,1,-1,1
TraesCS1B02G304900,0,1,-1,1
TraesCS1B02G320700,0,1,-1,1
TraesCS1B02G329500,0,1,-1,1
TraesCS1B02G337300,0,1,-1,1
TraesCS1B02G341400,0,1,-1,1
TraesCS1B02G354100,0,1,-1,1
TraesCS1B02G361400,0,1,-1,1
TraesCS1B02G362200,0,1,-1,1
TraesCS1B02G363000,0,1,-1,1
TraesCS1B02G378400,0,1,-1,1
TraesCS1B02G396200,0,1,-1,1
TraesCS1B02G426200,1,2,-1,1
TraesCS1B02G439800,1,2,-1,1
TraesCS1B02G443200,0,1,-1,1
TraesCS1B02G480100,0,1,-1,1
TraesCS1D02G042200,0,1,-1,1
TraesCS1D02G049200,0,1,-1,1
TraesCS1D02G059700,1,2,-1,1
TraesCS1D02G086400,0,1,-1,1
TraesCS1D02G088800,0,1,-1,1
TraesCS1D02G102300,0,1,-1,1
TraesCS1D02G118600,0,1,-1,1
TraesCS1D02G121000,0,1,-1,1
TraesCS1D02G125800,0,1,-1,1
TraesCS1D02G131800,0,1,-1,1
TraesCS1D02G142000,0,1,-1,1
TraesCS1D02G177400,0,1,-1,1
TraesCS1D02G219800,0,1,-1,1
TraesCS1D02G245600,0,1,-1,1
TraesCS1D02G245800,0,1,-1,1
TraesCS1D02G247500,0,1,-1,1
TraesCS1D02G281900,0,1,-1,1
TraesCS1D02G282200,0,1,-1,1
TraesCS1D02G289900,0,1,-1,1
TraesCS1D02G309100,0,1,-1,1
TraesCS1D02G322600,0,1,-1,1
TraesCS1D02G352300,0,1,-1,1
TraesCS1D02G374600,0,1,-1,1
TraesCS1D02G382300,1,2,-1,1
TraesCS1D02G397300,1,2,-1,1
TraesCS1D02G398600,0,1,-1,1
TraesCS1D02G403500,0,1,-1,1
TraesCS1D02G426000,0,1,-1,1
TraesCS1D02G435700,0,1,-1,1
TraesCS1D02G439800,0,1,-1,1
TraesCS2A02G009500,2,3,-1,1
TraesCS2A02G041400,4,5,-1,1
TraesCS2A02G061100,0,1,-1,1
TraesCS2A02G061800,1,2,-1,1
TraesCS2A02G066100,0,1,-1,1
TraesCS2A02G074000,0,1,-1,1
TraesCS2A02G090900,2,3,-1,1
TraesCS2A02G109600,0,1,-1,1
TraesCS2A02G142300,0,1,-1,1
TraesCS2A02G145700,0,1,-1,1
TraesCS2A02G157100,0,1,-1,1
TraesCS2A02G182500,0,1,-1,1
TraesCS2A02G185700,0,1,-1,1
TraesCS2A02G203900,0,1,-1,1
TraesCS2A02G208200,0,1,-1,1
TraesCS2A02G219600,4,5,-1,1
TraesCS2A02G224100,0,1,-1,1
TraesCS2A02G239900,0,1,-1,1
TraesCS2A02G245100,0,1,-1,1
TraesCS2A02G246300,0,1,-1,1
TraesCS2A02G249100,0,1,-1,1
TraesCS2A02G249600,0,1,-1,1
TraesCS2A02G256900,0,1,-1,1
TraesCS2A02G264000,0,1,-1,1
TraesCS2A02G273300,0,1,-1,1
TraesCS2A02G311200,0,1,-1,1
TraesCS2A02G322300,0,1,-1,1
TraesCS2A02G338800,1,2,-1,1
TraesCS2A02G340900,0,1,-1,1
TraesCS2A02G346000,0,1,-1,1
TraesCS2A02G346700,0,1,-1,1
TraesCS2A02G367000,1,2,-1,1
TraesCS2A02G377000,0,1,-1,1
TraesCS2A02G378900,0,1,-1,1
TraesCS2A02G386800,0,1,-1,1
TraesCS2A02G389200,0,1,-1,1
TraesCS2A02G405000,0,1,-1,1
TraesCS2A02G407500,1,2,-1,1
TraesCS2A02G429900,1,2,-1,1
TraesCS2A02G431200,0,1,-1,1
TraesCS2A02G448600,0,1,-1,1
TraesCS2A02G461600,0,1,-1,1
TraesCS2A02G478600,0,1,-1,1
TraesCS2A02G504700,0,1,-1,1
TraesCS2A02G587000,0,1,-1,1
TraesCS2B02G040100,0,1,-1,1
TraesCS2B02G053600,0,1,-1,1
TraesCS2B02G078300,0,1,-1,1
TraesCS2B02G091600,0,1,-1,1
TraesCS2B02G095100,0,1,-1,1
TraesCS2B02G108100,0,1,-1,1
TraesCS2B02G137500,0,1,-1,1
TraesCS2B02G150200,0,1,-1,1
TraesCS2B02G153700,0,1,-1,1
TraesCS2B02G194700,0,1,-1,1
TraesCS2B02G197400,0,1,-1,1
TraesCS2B02G208700,0,1,-1,1
TraesCS2B02G233300,0,1,-1,1
TraesCS2B02G236000,1,2,-1,1
TraesCS2B02G239200,0,1,-1,1
TraesCS2B02G247200,0,1,-1,1
TraesCS2B02G256200,0,1,-1,1
TraesCS2B02G266900,0,1,-1,1
TraesCS2B02G268300,0,1,-1,1
TraesCS2B02G280200,0,1,-1,1
TraesCS2B02G284200,0,1,-1,1
TraesCS2B02G285700,0,1,-1,1
TraesCS2B02G318300,0,1,-1,1
TraesCS2B02G320800,0,1,-1,1
TraesCS2B02G322400,0,1,-1,1
TraesCS2B02G332500,0,1,-1,1
TraesCS2B02G347200,0,1,-1,1
TraesCS2B02G351100,0,1,-1,1
TraesCS2B02G352000,0,1,-1,1
TraesCS2B02G364400,0,1,-1,1
TraesCS2B02G365000,0,1,-1,1
TraesCS2B02G373000,0,1,-1,1
TraesCS2B02G383700,0,1,-1,1
TraesCS2B02G407400,0,1,-1,1
TraesCS2B02G416700,0,1,-1,1
TraesCS2B02G425400,2,3,-1,1
TraesCS2B02G430500,0,1,-1,1
TraesCS2B02G432600,0,1,-1,1
TraesCS2B02G438400,0,1,-1,1
TraesCS2B02G442900,0,1,-1,1
TraesCS2B02G447800,26,27,-1,1
TraesCS2B02G453800,0,1,-1,1
TraesCS2B02G456000,0,1,-1,1
TraesCS2B02G468100,0,1,-1,1
TraesCS2B02G528100,0,1,-1,1
TraesCS2B02G532900,0,1,-1,1
TraesCS2B02G537300,0,1,-1,1
TraesCS2B02G544200,0,1,-1,1
TraesCS2B02G553300,0,1,-1,1
TraesCS2B02G579100,1,2,-1,1
TraesCS2B02G592200,0,1,-1,1
TraesCS2B02G602000,0,1,-1,1
TraesCS2D02G018800,0,1,-1,1
TraesCS2D02G095100,0,1,-1,1
TraesCS2D02G103800,1,2,-1,1
TraesCS2D02G123500,0,1,-1,1
TraesCS2D02G127500,0,1,-1,1
TraesCS2D02G139500,0,1,-1,1
TraesCS2D02G172200,0,1,-1,1
TraesCS2D02G185400,1,2,-1,1
TraesCS2D02G208100,0,1,-1,1
TraesCS2D02G218400,1,2,-1,1
TraesCS2D02G238800,0,1,-1,1
TraesCS2D02G250100,0,1,-1,1
TraesCS2D02G256200,0,1,-1,1
TraesCS2D02G263400,0,1,-1,1
TraesCS2D02G265900,0,1,-1,1
TraesCS2D02G277400,0,1,-1,1
TraesCS2D02G279300,0,1,-1,1
TraesCS2D02G283900,21,22,-1,1
TraesCS2D02G288600,0,1,-1,1
TraesCS2D02G297500,1,2,-1,1
TraesCS2D02G309200,0,1,-1,1
TraesCS2D02G309400,0,1,-1,1
TraesCS2D02G312500,0,1,-1,1
TraesCS2D02G331800,0,1,-1,1
TraesCS2D02G341400,0,1,-1,1
TraesCS2D02G383600,0,1,-1,1
TraesCS2D02G387100,0,1,-1,1
TraesCS2D02G397700,0,1,-1,1
TraesCS2D02G408700,0,1,-1,1
TraesCS2D02G432800,0,1,-1,1
TraesCS2D02G465200,0,1,-1,1
TraesCS2D02G474200,0,1,-1,1
TraesCS2D02G482100,0,1,-1,1
TraesCS2D02G499700,0,1,-1,1
TraesCS2D02G504900,0,1,-1,1
TraesCS2D02G533600,1,2,-1,1
TraesCS2D02G546500,0,1,-1,1
TraesCS2D02G547900,0,1,-1,1
TraesCS2D02G550000,0,1,-1,1
TraesCS2D02G552800,0,1,-1,1
TraesCS2D02G600100,0,1,-1,1
TraesCS3A02G023200,0,1,-1,1
TraesCS3A02G024100,0,1,-1,1
TraesCS3A02G048500,0,1,-1,1
TraesCS3A02G058100,0,1,-1,1
TraesCS3A02G090100,0,1,-1,1
TraesCS3A02G146500,0,1,-1,1
TraesCS3A02G146900,2,3,-1,1
TraesCS3A02G179000,0,1,-1,1
TraesCS3A02G195200,0,1,-1,1
TraesCS3A02G208400,0,1,-1,1
TraesCS3A02G244600,1,2,-1,1
TraesCS3A02G245500,0,1,-1,1
TraesCS3A02G268100,0,1,-1,1
TraesCS3A02G274400,0,1,-1,1
TraesCS3A02G312100,0,1,-1,1
TraesCS3A02G330600,0,1,-1,1
TraesCS3A02G340300,0,1,-1,1
TraesCS3A02G344600,0,1,-1,1
TraesCS3A02G354100,0,1,-1,1
TraesCS3A02G354800,0,1,-1,1
TraesCS3A02G357900,0,1,-1,1
TraesCS3A02G367100,0,1,-1,1
TraesCS3A02G371900,3,4,-1,1
TraesCS3A02G385500,0,1,-1,1
TraesCS3A02G394200,0,1,-1,1
TraesCS3A02G403600,0,1,-1,1
TraesCS3A02G413800,0,1,-1,1
TraesCS3A02G424800,0,1,-1,1
TraesCS3A02G441200,0,1,-1,1
TraesCS3A02G444000,0,1,-1,1
TraesCS3A02G474000,0,1,-1,1
TraesCS3A02G476700,2,3,-1,1
TraesCS3A02G514700,0,1,-1,1
TraesCS3A02G525100,0,1,-1,1
TraesCS3A02G530700,2,3,-1,1
TraesCS3B02G102500,0,1,-1,1
TraesCS3B02G102800,0,1,-1,1
TraesCS3B02G106200,2,3,-1,1
TraesCS3B02G119800,0,1,-1,1
TraesCS3B02G127700,0,1,-1,1
TraesCS3B02G131000,0,1,-1,1
TraesCS3B02G135500,0,1,-1,1
TraesCS3B02G156800,0,1,-1,1
TraesCS3B02G173400,0,1,-1,1
TraesCS3B02G182100,0,1,-1,1
TraesCS3B02G183100,1,2,-1,1
TraesCS3B02G204300,0,1,-1,1
TraesCS3B02G208000,0,1,-1,1
TraesCS3B02G219000,0,1,-1,1
TraesCS3B02G234000,0,1,-1,1
TraesCS3B02G254700,0,1,-1,1
TraesCS3B02G269500,0,1,-1,1
TraesCS3B02G280400,0,1,-1,1
TraesCS3B02G310800,1,2,-1,1
TraesCS3B02G324200,0,1,-1,1
TraesCS3B02G335900,1,2,-1,1
TraesCS3B02G349100,0,1,-1,1
TraesCS3B02G350600,0,1,-1,1
TraesCS3B02G352900,0,1,-1,1
TraesCS3B02G354000,0,1,-1,1
TraesCS3B02G365200,0,1,-1,1
TraesCS3B02G365700,0,1,-1,1
TraesCS3B02G366600,0,1,-1,1
TraesCS3B02G370200,0,1,-1,1
TraesCS3B02G390700,0,1,-1,1
TraesCS3B02G391700,0,1,-1,1
TraesCS3B02G395000,0,1,-1,1
TraesCS3B02G408000,0,1,-1,1
TraesCS3B02G413000,0,1,-1,1
TraesCS3B02G417500,0,1,-1,1
TraesCS3B02G420600,1,2,-1,1
TraesCS3B02G422900,0,1,-1,1
TraesCS3B02G425800,0,1,-1,1
TraesCS3B02G437100,0,1,-1,1
TraesCS3B02G452000,0,1,-1,1
TraesCS3B02G458600,0,1,-1,1
TraesCS3B02G470300,0,1,-1,1
TraesCS3B02G476500,0,1,-1,1
TraesCS3B02G485000,0,1,-1,1
TraesCS3B02G498700,0,1,-1,1
TraesCS3B02G499900,0,1,-1,1
TraesCS3B02G511800,0,1,-1,1
TraesCS3B02G538200,0,1,-1,1
TraesCS3B02G561200,0,1,-1,1
TraesCS3B02G584500,0,1,-1,1
TraesCS3B02G592400,0,1,-1,1
TraesCS3B02G600900,0,1,-1,1
TraesCS3D02G081000,0,1,-1,1
TraesCS3D02G109000,0,1,-1,1
TraesCS3D02G114800,0,1,-1,1
TraesCS3D02G117000,0,1,-1,1
TraesCS3D02G118300,0,1,-1,1
TraesCS3D02G119600,0,1,-1,1
TraesCS3D02G140700,1,2,-1,1
TraesCS3D02G146300,2,3,-1,1
TraesCS3D02G155400,0,1,-1,1
TraesCS3D02G175100,0,1,-1,1
TraesCS3D02G182500,0,1,-1,1
TraesCS3D02G187300,0,1,-1,1
TraesCS3D02G190600,0,1,-1,1
TraesCS3D02G204700,0,1,-1,1
TraesCS3D02G221400,0,1,-1,1
TraesCS3D02G241700,0,1,-1,1
TraesCS3D02G260700,0,1,-1,1
TraesCS3D02G272400,0,1,-1,1
TraesCS3D02G285100,0,1,-1,1
TraesCS3D02G297700,0,1,-1,1
TraesCS3D02G307800,0,1,-1,1
TraesCS3D02G313900,0,1,-1,1
TraesCS3D02G317700,0,1,-1,1
TraesCS3D02G320400,0,1,-1,1
TraesCS3D02G330300,0,1,-1,1
TraesCS3D02G345400,0,1,-1,1
TraesCS3D02G348800,0,1,-1,1
TraesCS3D02G366300,0,1,-1,1
TraesCS3D02G369200,0,1,-1,1
TraesCS3D02G375900,0,1,-1,1
TraesCS3D02G378500,0,1,-1,1
TraesCS3D02G393800,0,1,-1,1
TraesCS3D02G398800,0,1,-1,1
TraesCS3D02G407500,0,1,-1,1
TraesCS3D02G419700,0,1,-1,1
TraesCS3D02G441900,0,1,-1,1
TraesCS3D02G450900,0,1,-1,1
TraesCS3D02G471200,0,1,-1,1
TraesCS3D02G479300,0,1,-1,1
TraesCS3D02G492600,0,1,-1,1
TraesCS3D02G512700,0,1,-1,1
TraesCS3D02G522400,0,1,-1,1
TraesCS3D02G530400,0,1,-1,1
TraesCS4A02G014200,0,1,-1,1
TraesCS4A02G038500,0,1,-1,1
TraesCS4A02G059400,0,1,-1,1
TraesCS4A02G059900,0,1,-1,1
TraesCS4A02G070800,0,1,-1,1
TraesCS4A02G083100,0,1,-1,1
TraesCS4A02G099500,0,1,-1,1
TraesCS4A02G113400,0,1,-1,1
TraesCS4A02G119400,0,1,-1,1
TraesCS4A02G129600,0,1,-1,1
TraesCS4A02G156600,0,1,-1,1
TraesCS4A02G168400,0,1,-1,1
TraesCS4A02G198800,0,1,-1,1
TraesCS4A02G202100,3,4,-1,1
TraesCS4A02G208400,0,1,-1,1
TraesCS4A02G211600,0,1,-1,1
TraesCS4A02G237500,0,1,-1,1
TraesCS4A02G244600,0,1,-1,1
TraesCS4A02G245100,0,1,-1,1
TraesCS4A02G247100,0,1,-1,1
TraesCS4A02G276500,0,1,-1,1
TraesCS4A02G283100,0,1,-1,1
TraesCS4A02G312300,0,1,-1,1
TraesCS4A02G317800,0,1,-1,1
TraesCS4A02G339100,2,3,-1,1
TraesCS4A02G380200,0,1,-1,1
TraesCS4A02G392400,0,1,-1,1
TraesCS4A02G404000,0,1,-1,1
TraesCS4A02G441500,0,1,-1,1
TraesCS4A02G442300,2,3,-1,1
TraesCS4A02G456300,0,1,-1,1
TraesCS4B02G047400,0,1,-1,1
TraesCS4B02G056500,0,1,-1,1
TraesCS4B02G089800,1,2,-1,1
TraesCS4B02G100800,0,1,-1,1
TraesCS4B02G104900,0,1,-1,1
TraesCS4B02G122700,0,1,-1,1
TraesCS4B02G124800,0,1,-1,1
TraesCS4B02G126000,0,1,-1,1
TraesCS4B02G131500,0,1,-1,1
TraesCS4B02G133400,0,1,-1,1
TraesCS4B02G162900,0,1,-1,1
TraesCS4B02G205500,17,18,-1,1
TraesCS4B02G214500,0,1,-1,1
TraesCS4B02G229300,0,1,-1,1
TraesCS4B02G243200,0,1,-1,1
TraesCS4B02G244500,0,1,-1,1
TraesCS4B02G248600,0,1,-1,1
TraesCS4B02G253200,0,1,-1,1
TraesCS4B02G266000,0,1,-1,1
TraesCS4B02G273300,2,3,-1,1
TraesCS4B02G282300,1,2,-1,1
TraesCS4B02G282600,0,1,-1,1
TraesCS4B02G283800,0,1,-1,1
TraesCS4B02G289000,0,1,-1,1
TraesCS4B02G302500,0,1,-1,1
TraesCS4B02G303500,0,1,-1,1
TraesCS4B02G318000,0,1,-1,1
TraesCS4B02G318900,0,1,-1,1
TraesCS4B02G319900,0,1,-1,1
TraesCS4B02G329400,0,1,-1,1
TraesCS4B02G334900,0,1,-1,1
TraesCS4B02G353600,0,1,-1,1
TraesCS4B02G360500,0,1,-1,1
TraesCS4D02G027200,0,1,-1,1
TraesCS4D02G036500,0,1,-1,1
TraesCS4D02G039200,0,1,-1,1
TraesCS4D02G054600,0,1,-1,1
TraesCS4D02G062500,1,2,-1,1
TraesCS4D02G076000,0,1,-1,1
TraesCS4D02G081400,0,1,-1,1
TraesCS4D02G096100,0,1,-1,1
TraesCS4D02G101800,0,1,-1,1
TraesCS4D02G103300,0,1,-1,1
TraesCS4D02G119000,0,1,-1,1
TraesCS4D02G125800,0,1,-1,1
TraesCS4D02G148700,0,1,-1,1
TraesCS4D02G153700,0,1,-1,1
TraesCS4D02G156000,0,1,-1,1
TraesCS4D02G163700,0,1,-1,1
TraesCS4D02G194800,0,1,-1,1
TraesCS4D02G199400,0,1,-1,1
TraesCS4D02G205700,0,1,-1,1
TraesCS4D02G206400,27,28,-1,1
TraesCS4D02G209200,0,1,-1,1
TraesCS4D02G212200,0,1,-1,1
TraesCS4D02G238900,0,1,-1,1
TraesCS4D02G246400,1,2,-1,1
TraesCS4D02G253000,0,1,-1,1
TraesCS4D02G262900,0,1,-1,1
TraesCS4D02G273700,0,1,-1,1
TraesCS4D02G308000,0,1,-1,1
TraesCS4D02G330200,0,1,-1,1
TraesCS4D02G334300,0,1,-1,1
TraesCS4D02G357900,2,3,-1,1
TraesCS5A02G003400,0,1,-1,1
TraesCS5A02G019200,0,1,-1,1
TraesCS5A02G041100,0,1,-1,1
TraesCS5A02G090800,0,1,-1,1
TraesCS5A02G094100,0,1,-1,1
TraesCS5A02G112900,0,1,-1,1
TraesCS5A02G132900,0,1,-1,1
TraesCS5A02G138000,0,1,-1,1
TraesCS5A02G138400,0,1,-1,1
TraesCS5A02G145600,0,1,-1,1
TraesCS5A02G158000,0,1,-1,1
TraesCS5A02G165000,0,1,-1,1
TraesCS5A02G177900,0,1,-1,1
TraesCS5A02G181000,0,1,-1,1
TraesCS5A02G183100,0,1,-1,1
TraesCS5A02G186700,0,1,-1,1
TraesCS5A02G193600,1,2,-1,1
TraesCS5A02G219900,0,1,-1,1
TraesCS5A02G220600,0,1,-1,1
TraesCS5A02G237300,0,1,-1,1
TraesCS5A02G247800,0,1,-1,1
TraesCS5A02G248400,0,1,-1,1
TraesCS5A02G266000,0,1,-1,1
TraesCS5A02G268800,0,1,-1,1
TraesCS5A02G368600,0,1,-1,1
TraesCS5A02G374400,0,1,-1,1
TraesCS5A02G375500,0,1,-1,1
TraesCS5A02G400600,0,1,-1,1
TraesCS5A02G448800,0,1,-1,1
TraesCS5A02G465000,0,1,-1,1
TraesCS5A02G531900,0,1,-1,1
TraesCS5B02G008900,0,1,-1,1
TraesCS5B02G016700,0,1,-1,1
TraesCS5B02G060200,1,2,-1,1
TraesCS5B02G099700,0,1,-1,1
TraesCS5B02G105300,0,1,-1,1
TraesCS5B02G121200,0,1,-1,1
TraesCS5B02G131600,0,1,-1,1
TraesCS5B02G135800,0,1,-1,1
TraesCS5B02G150600,0,1,-1,1
TraesCS5B02G151100,0,1,-1,1
TraesCS5B02G156000,0,1,-1,1
TraesCS5B02G202200,1,2,-1,1
TraesCS5B02G228300,0,1,-1,1
TraesCS5B02G234200,0,1,-1,1
TraesCS5B02G242900,0,1,-1,1
TraesCS5B02G248800,0,1,-1,1
TraesCS5B02G259900,0,1,-1,1
TraesCS5B02G260900,0,1,-1,1
TraesCS5B02G273000,0,1,-1,1
TraesCS5B02G292200,0,1,-1,1
TraesCS5B02G330400,0,1,-1,1
TraesCS5B02G334700,0,1,-1,1
TraesCS5B02G357400,0,1,-1,1
TraesCS5B02G377600,0,1,-1,1
TraesCS5B02G377800,0,1,-1,1
TraesCS5B02G387700,0,1,-1,1
TraesCS5B02G393900,0,1,-1,1
TraesCS5B02G395300,0,1,-1,1
TraesCS5B02G399800,0,1,-1,1
TraesCS5B02G400300,0,1,-1,1
TraesCS5B02G403600,0,1,-1,1
TraesCS5B02G410100,0,1,-1,1
TraesCS5B02G453600,0,1,-1,1
TraesCS5B02G460200,0,1,-1,1
TraesCS5B02G468800,0,1,-1,1
TraesCS5B02G476800,0,1,-1,1
TraesCS5B02G488000,0,1,-1,1
TraesCS5B02G552800,1,2,-1,1
TraesCS5B02G553000,2,3,-1,1
TraesCS5D02G012900,0,1,-1,1
TraesCS5D02G024600,0,1,-1,1
TraesCS5D02G027200,0,1,-1,1
TraesCS5D02G050400,0,1,-1,1
TraesCS5D02G055400,1,2,-1,1
TraesCS5D02G065000,0,1,-1,1
TraesCS5D02G084200,3,4,-1,1
TraesCS5D02G084600,0,1,-1,1
TraesCS5D02G093000,0,1,-1,1
TraesCS5D02G122300,0,1,-1,1
TraesCS5D02G142800,0,1,-1,1
TraesCS5D02G144200,0,1,-1,1
TraesCS5D02G156700,0,1,-1,1
TraesCS5D02G170300,0,1,-1,1
TraesCS5D02G170400,0,1,-1,1
TraesCS5D02G174200,0,1,-1,1
TraesCS5D02G183300,0,1,-1,1
TraesCS5D02G202100,0,1,-1,1
TraesCS5D02G242400,1,2,-1,1
TraesCS5D02G255400,0,1,-1,1
TraesCS5D02G277400,3,4,-1,1
TraesCS5D02G277500,0,1,-1,1
TraesCS5D02G309600,0,1,-1,1
TraesCS5D02G310500,7,8,-1,1
TraesCS5D02G362600,0,1,-1,1
TraesCS5D02G388500,0,1,-1,1
TraesCS5D02G402400,0,1,-1,1
TraesCS5D02G432700,0,1,-1,1
TraesCS5D02G435700,0,1,-1,1
TraesCS5D02G435900,0,1,-1,1
TraesCS5D02G482900,0,1,-1,1
TraesCS5D02G487200,0,1,-1,1
TraesCS5D02G522100,0,1,-1,1
TraesCS5D02G529200,5,6,-1,1
TraesCS5D02G534600,0,1,-1,1
TraesCS5D02G535400,1,2,-1,1
TraesCS5D02G551400,0,1,-1,1
TraesCS5D02G568300,0,1,-1,1
TraesCS6A02G016200,0,1,-1,1
TraesCS6A02G051500,0,1,-1,1
TraesCS6A02G051600,1,2,-1,1
TraesCS6A02G090100,0,1,-1,1
TraesCS6A02G101200,0,1,-1,1
TraesCS6A02G107800,0,1,-1,1
TraesCS6A02G117900,0,1,-1,1
TraesCS6A02G133300,1,2,-1,1
TraesCS6A02G162700,0,1,-1,1
TraesCS6A02G167200,0,1,-1,1
TraesCS6A02G181500,0,1,-1,1
TraesCS6A02G185700,0,1,-1,1
TraesCS6A02G207800,0,1,-1,1
TraesCS6A02G217500,0,1,-1,1
TraesCS6A02G232300,0,1,-1,1
TraesCS6A02G252900,1,2,-1,1
TraesCS6A02G262200,0,1,-1,1
TraesCS6A02G262900,0,1,-1,1
TraesCS6A02G263900,0,1,-1,1
TraesCS6A02G285500,0,1,-1,1
TraesCS6A02G302400,0,1,-1,1
TraesCS6A02G305800,0,1,-1,1
TraesCS6A02G316200,0,1,-1,1
TraesCS6A02G333600,0,1,-1,1
TraesCS6A02G392400,0,1,-1,1
TraesCS6A02G407600,0,1,-1,1
TraesCS6A02G408300,0,1,-1,1
TraesCS6B02G026200,0,1,-1,1
TraesCS6B02G076400,0,1,-1,1
TraesCS6B02G097700,0,1,-1,1
TraesCS6B02G117600,0,1,-1,1
TraesCS6B02G185400,0,1,-1,1
TraesCS6B02G189700,0,1,-1,1
TraesCS6B02G198600,0,1,-1,1
TraesCS6B02G217400,0,1,-1,1
TraesCS6B02G231300,0,1,-1,1
TraesCS6B02G243700,0,1,-1,1
TraesCS6B02G245800,0,1,-1,1
TraesCS6B02G246000,0,1,-1,1
TraesCS6B02G270600,0,1,-1,1
TraesCS6B02G273400,0,1,-1,1
TraesCS6B02G279400,0,1,-1,1
TraesCS6B02G279600,0,1,-1,1
TraesCS6B02G297800,1,2,-1,1
TraesCS6B02G300700,0,1,-1,1
TraesCS6B02G314900,0,1,-1,1
TraesCS6B02G327800,0,1,-1,1
TraesCS6B02G347000,0,1,-1,1
TraesCS6B02G347900,0,1,-1,1
TraesCS6B02G348100,0,1,-1,1
TraesCS6B02G353800,0,1,-1,1
TraesCS6B02G383300,0,1,-1,1
TraesCS6B02G454200,0,1,-1,1
TraesCS6D02G029400,0,1,-1,1
TraesCS6D02G058700,2,3,-1,1
TraesCS6D02G059400,0,1,-1,1
TraesCS6D02G063600,0,1,-1,1
TraesCS6D02G069600,0,1,-1,1
TraesCS6D02G092200,0,1,-1,1
TraesCS6D02G104600,0,1,-1,1
TraesCS6D02G106000,0,1,-1,1
TraesCS6D02G123500,0,1,-1,1
TraesCS6D02G163100,0,1,-1,1
TraesCS6D02G165800,0,1,-1,1
TraesCS6D02G169100,14,15,-1,1
TraesCS6D02G193700,0,1,-1,1
TraesCS6D02G197800,0,1,-1,1
TraesCS6D02G238400,0,1,-1,1
TraesCS6D02G243400,0,1,-1,1
TraesCS6D02G265100,0,1,-1,1
TraesCS6D02G265500,0,1,-1,1
TraesCS6D02G272900,0,1,-1,1
TraesCS6D02G288700,0,1,-1,1
TraesCS6D02G309500,0,1,-1,1
TraesCS6D02G348900,0,1,-1,1
TraesCS6D02G357100,0,1,-1,1
TraesCS6D02G358800,0,1,-1,1
TraesCS6D02G392100,0,1,-1,1
TraesCS6D02G393500,0,1,-1,1
TraesCS7A02G002800,1,2,-1,1
TraesCS7A02G003600,0,1,-1,1
TraesCS7A02G004000,0,1,-1,1
TraesCS7A02G054900,0,1,-1,1
TraesCS7A02G092700,0,1,-1,1
TraesCS7A02G113600,1,2,-1,1
TraesCS7A02G133000,0,1,-1,1
TraesCS7A02G171900,2,3,-1,1
TraesCS7A02G206400,0,1,-1,1
TraesCS7A02G211100,0,1,-1,1
TraesCS7A02G213100,0,1,-1,1
TraesCS7A02G248800,0,1,-1,1
TraesCS7A02G281200,0,1,-1,1
TraesCS7A02G288200,0,1,-1,1
TraesCS7A02G325800,0,1,-1,1
TraesCS7A02G334200,0,1,-1,1
TraesCS7A02G384600,2,3,-1,1
TraesCS7A02G392000,0,1,-1,1
TraesCS7A02G396100,1,2,-1,1
TraesCS7A02G415900,0,1,-1,1
TraesCS7A02G419300,0,1,-1,1
TraesCS7A02G420000,0,1,-1,1
TraesCS7A02G445600,0,1,-1,1
TraesCS7A02G482100,1,2,-1,1
TraesCS7A02G529900,0,1,-1,1
TraesCS7B02G001200,0,1,-1,1
TraesCS7B02G025500,0,1,-1,1
TraesCS7B02G025800,0,1,-1,1
TraesCS7B02G036800,0,1,-1,1
TraesCS7B02G063400,0,1,-1,1
TraesCS7B02G085800,0,1,-1,1
TraesCS7B02G121000,0,1,-1,1
TraesCS7B02G123900,0,1,-1,1
TraesCS7B02G125400,0,1,-1,1
TraesCS7B02G129700,0,1,-1,1
TraesCS7B02G133800,0,1,-1,1
TraesCS7B02G140700,0,1,-1,1
TraesCS7B02G141000,0,1,-1,1
TraesCS7B02G144000,0,1,-1,1
TraesCS7B02G152800,0,1,-1,1
TraesCS7B02G179900,0,1,-1,1
TraesCS7B02G232400,0,1,-1,1
TraesCS7B02G233800,0,1,-1,1
TraesCS7B02G246500,1,2,-1,1
TraesCS7B02G247000,0,1,-1,1
TraesCS7B02G247700,0,1,-1,1
TraesCS7B02G266100,0,1,-1,1
TraesCS7B02G269900,1,2,-1,1
TraesCS7B02G274100,0,1,-1,1
TraesCS7B02G279900,0,1,-1,1
TraesCS7B02G282500,0,1,-1,1
TraesCS7B02G284500,0,1,-1,1
TraesCS7B02G286500,0,1,-1,1
TraesCS7B02G294200,0,1,-1,1
TraesCS7B02G297900,0,1,-1,1
TraesCS7B02G314500,0,1,-1,1
TraesCS7B02G322100,0,1,-1,1
TraesCS7B02G333900,0,1,-1,1
TraesCS7B02G365600,0,1,-1,1
TraesCS7B02G472800,0,1,-1,1
TraesCS7B02G483000,0,1,-1,1
TraesCS7D02G029700,0,1,-1,1
TraesCS7D02G037600,0,1,-1,1
TraesCS7D02G050000,0,1,-1,1
TraesCS7D02G072800,1,2,-1,1
TraesCS7D02G078600,0,1,-1,1
TraesCS7D02G084400,0,1,-1,1
TraesCS7D02G088800,1,2,-1,1
TraesCS7D02G092800,0,1,-1,1
TraesCS7D02G119600,0,1,-1,1
TraesCS7D02G133400,4,5,-1,1
TraesCS7D02G145400,0,1,-1,1
TraesCS7D02G152700,2,3,-1,1
TraesCS7D02G157800,1,2,-1,1
TraesCS7D02G159800,0,1,-1,1
TraesCS7D02G173400,0,1,-1,1
TraesCS7D02G187700,0,1,-1,1
TraesCS7D02G213600,0,1,-1,1
TraesCS7D02G231100,0,1,-1,1
TraesCS7D02G262400,0,1,-1,1
TraesCS7D02G292900,0,1,-1,1
TraesCS7D02G299400,0,1,-1,1
TraesCS7D02G306200,0,1,-1,1
TraesCS7D02G343900,0,1,-1,1
TraesCS7D02G376200,0,1,-1,1
TraesCS7D02G387600,0,1,-1,1
TraesCS7D02G390000,0,1,-1,1
TraesCS7D02G402100,0,1,-1,1
TraesCS7D02G414900,0,1,-1,1
TraesCS7D02G417000,0,1,-1,1
TraesCS7D02G418000,0,1,-1,1
TraesCS7D02G419200,0,1,-1,1
TraesCS7D02G422700,0,1,-1,1
TraesCS7D02G443400,0,1,-1,1
TraesCS7D02G460200,0,1,-1,1
TraesCS7D02G476000,0,1,-1,1
TraesCS7D02G507700,0,1,-1,1
TraesCS7D02G517100,0,1,-1,1
TraesCS7D02G517800,0,1,-1,1
TraesCS7D02G520300,0,1,-1,1
TraesCSU02G018100,0,1,-1,1
TraesCSU02G067400,0,1,-1,1
TraesCSU02G072700,0,1,-1,1
TraesCSU02G073400,0,1,-1,1
TraesCSU02G160200,11,12,-1,1
TraesCSU02G207700,0,1,-1,1
TraesCSU02G237800,3,4,-1,1
TraesCS3A02G417300,2,4,-2,2
TraesCS7A02G399500,1,3,-2,2
TraesCS3D02G321500,0,2,-2,2
TraesCS5A02G215900,0,2,-2,2
TraesCS6B02G361400,1,3,-2,2
TraesCS6D02G084200,1,3,-2,2
TraesCS6D02G281200,0,2,-2,2
TraesCS2D02G548900,0,2,-2,2
TraesCS3B02G273400,0,2,-2,2
TraesCS6D02G127600,0,2,-2,2
TraesCS7D02G250100,0,2,-2,2
TraesCS2D02G254400,0,2,-2,2
TraesCS6A02G114100,3,5,-2,2
TraesCS5A02G031900,0,2,-2,2
TraesCS3A02G306800,0,2,-2,2
TraesCS1B02G444400,0,2,-2,2
TraesCS1D02G405300,0,2,-2,2
TraesCS1D02G421700,0,2,-2,2
TraesCS7D02G216800,1,3,-2,2
TraesCS1D02G262400,0,2,-2,2
TraesCS6A02G311700,0,2,-2,2
TraesCS2B02G335400,0,2,-2,2
TraesCS3D02G168200,0,2,-2,2
TraesCS3D02G354100,0,2,-2,2
TraesCS5A02G511900,0,2,-2,2
TraesCS3B02G159100,0,2,-2,2
TraesCS2A02G305400,1,3,-2,2
TraesCS2B02G419200,0,2,-2,2
TraesCS2D02G399000,0,2,-2,2
TraesCS4B02G278100,0,2,-2,2
TraesCS5D02G393200,0,2,-2,2
TraesCS7B02G272500,0,2,-2,2
TraesCS4B02G351500,0,2,-2,2
TraesCS1B02G441100,0,2,-2,2
TraesCS6B02G025200,0,2,-2,2
TraesCS6B02G043100,0,2,-2,2
TraesCS6B02G045500,0,2,-2,2
TraesCS7D02G448700,0,2,-2,2
TraesCS1A02G219400,0,2,-2,2
TraesCS1B02G283000,1,3,-2,2
TraesCS2B02G252000,1,3,-2,2
TraesCS3B02G180300,0,2,-2,2
TraesCS4B02G299000,10,12,-2,2
TraesCS5A02G083100,1,3,-2,2
TraesCS5D02G095600,0,2,-2,2
TraesCS6D02G179100,0,2,-2,2
TraesCS7A02G304500,4,6,-2,2
TraesCS7A02G415800,0,2,-2,2
TraesCS2B02G119100,10,12,-2,2
TraesCS2B02G355500,0,2,-2,2
TraesCS3B02G093300,0,2,-2,2
TraesCS5A02G143100,3,5,-2,2
TraesCS5B02G054200,1,3,-2,2
TraesCS5D02G148800,0,2,-2,2
TraesCS7A02G464800,0,2,-2,2
TraesCS7D02G196300,9,11,-2,2
TraesCS2A02G352400,0,2,-2,2
TraesCS2A02G404400,0,2,-2,2
TraesCS3D02G166900,0,2,-2,2
TraesCS1B02G467100,0,2,-2,2
TraesCS2B02G359400,0,2,-2,2
TraesCS5B02G211000,0,2,-2,2
TraesCS4B02G121500,0,2,-2,2
TraesCS1A02G065700,0,2,-2,2
TraesCS1A02G011800,0,2,-2,2
TraesCS1A02G067900,0,2,-2,2
TraesCS1A02G085600,0,2,-2,2
TraesCS1A02G140900,0,2,-2,2
TraesCS1A02G157800,0,2,-2,2
TraesCS1A02G211100,0,2,-2,2
TraesCS1A02G312400,0,2,-2,2
TraesCS1A02G351800,0,2,-2,2
TraesCS1A02G361000,0,2,-2,2
TraesCS1A02G432900,0,2,-2,2
TraesCS1B02G137300,1,3,-2,2
TraesCS1B02G315000,0,2,-2,2
TraesCS1B02G323600,0,2,-2,2
TraesCS1B02G395300,1,3,-2,2
TraesCS1B02G433700,0,2,-2,2
TraesCS1B02G470800,0,2,-2,2
TraesCS1D02G113200,0,2,-2,2
TraesCS1D02G175200,9,11,-2,2
TraesCS1D02G199500,0,2,-2,2
TraesCS1D02G267700,0,2,-2,2
TraesCS2A02G089600,0,2,-2,2
TraesCS2A02G136800,0,2,-2,2
TraesCS2A02G191400,1,3,-2,2
TraesCS2A02G232800,0,2,-2,2
TraesCS2A02G267900,0,2,-2,2
TraesCS2A02G292400,0,2,-2,2
TraesCS2A02G371800,0,2,-2,2
TraesCS2A02G374400,29,31,-2,2
TraesCS2A02G459300,2,4,-2,2
TraesCS2A02G526300,0,2,-2,2
TraesCS2B02G016000,0,2,-2,2
TraesCS2B02G095900,1,3,-2,2
TraesCS2B02G107100,1,3,-2,2
TraesCS2B02G177000,0,2,-2,2
TraesCS2B02G208900,0,2,-2,2
TraesCS2B02G215300,1,3,-2,2
TraesCS2B02G245100,2,4,-2,2
TraesCS2B02G475800,0,2,-2,2
TraesCS2B02G507500,0,2,-2,2
TraesCS2B02G513900,3,5,-2,2
TraesCS2D02G031100,0,2,-2,2
TraesCS2D02G049900,0,2,-2,2
TraesCS2D02G061300,36,38,-2,2
TraesCS2D02G089000,1,3,-2,2
TraesCS2D02G153900,1,3,-2,2
TraesCS2D02G230400,0,2,-2,2
TraesCS2D02G404400,0,2,-2,2
TraesCS2D02G508400,0,2,-2,2
TraesCS2D02G525300,0,2,-2,2
TraesCS2D02G588000,0,2,-2,2
TraesCS3A02G044800,3,5,-2,2
TraesCS3A02G050800,0,2,-2,2
TraesCS3A02G091000,16,18,-2,2
TraesCS3A02G092800,10,12,-2,2
TraesCS3A02G109500,0,2,-2,2
TraesCS3A02G121700,0,2,-2,2
TraesCS3A02G145300,1,3,-2,2
TraesCS3A02G217900,0,2,-2,2
TraesCS3A02G264000,0,2,-2,2
TraesCS3A02G388000,0,2,-2,2
TraesCS3A02G391100,0,2,-2,2
TraesCS3A02G422100,0,2,-2,2
TraesCS3A02G533800,0,2,-2,2
TraesCS3B02G004700,0,2,-2,2
TraesCS3B02G085900,0,2,-2,2
TraesCS3B02G123300,0,2,-2,2
TraesCS3B02G198300,0,2,-2,2
TraesCS3B02G257800,0,2,-2,2
TraesCS3B02G558400,0,2,-2,2
TraesCS3B02G569600,0,2,-2,2
TraesCS3D02G065200,0,2,-2,2
TraesCS3D02G236600,0,2,-2,2
TraesCS3D02G276600,8,10,-2,2
TraesCS3D02G306700,0,2,-2,2
TraesCS3D02G393900,4,6,-2,2
TraesCS3D02G429700,0,2,-2,2
TraesCS3D02G438800,0,2,-2,2
TraesCS3D02G539100,0,2,-2,2
TraesCS4A02G028600,1,3,-2,2
TraesCS4A02G086600,1,3,-2,2
TraesCS4A02G114700,1,3,-2,2
TraesCS4A02G122500,0,2,-2,2
TraesCS4A02G194300,0,2,-2,2
TraesCS4A02G217100,0,2,-2,2
TraesCS4B02G024000,0,2,-2,2
TraesCS4B02G028800,0,2,-2,2
TraesCS4B02G068300,0,2,-2,2
TraesCS4B02G144000,0,2,-2,2
TraesCS4B02G175600,2,4,-2,2
TraesCS4B02G186200,0,2,-2,2
TraesCS4B02G316400,0,2,-2,2
TraesCS4D02G115200,0,2,-2,2
TraesCS4D02G136600,0,2,-2,2
TraesCS4D02G201100,0,2,-2,2
TraesCS4D02G266700,1,3,-2,2
TraesCS4D02G347700,8,10,-2,2
TraesCS5A02G128900,0,2,-2,2
TraesCS5A02G129500,1,3,-2,2
TraesCS5A02G145500,0,2,-2,2
TraesCS5A02G237400,0,2,-2,2
TraesCS5A02G258200,0,2,-2,2
TraesCS5A02G493400,0,2,-2,2
TraesCS5B02G081900,1,3,-2,2
TraesCS5B02G083600,0,2,-2,2
TraesCS5B02G157900,0,2,-2,2
TraesCS5B02G253500,0,2,-2,2
TraesCS5B02G275600,1,3,-2,2
TraesCS5B02G307600,1,3,-2,2
TraesCS5B02G384100,0,2,-2,2
TraesCS5B02G427800,0,2,-2,2
TraesCS5B02G536500,0,2,-2,2
TraesCS5B02G555400,0,2,-2,2
TraesCS5D02G031700,1,3,-2,2
TraesCS5D02G137000,1,3,-2,2
TraesCS5D02G210000,0,2,-2,2
TraesCS5D02G321300,0,2,-2,2
TraesCS5D02G328600,1,3,-2,2
TraesCS5D02G455300,1,3,-2,2
TraesCS6A02G253400,0,2,-2,2
TraesCS6A02G284200,0,2,-2,2
TraesCS6A02G300600,0,2,-2,2
TraesCS6A02G309300,0,2,-2,2
TraesCS6A02G354900,3,5,-2,2
TraesCS6A02G406100,0,2,-2,2
TraesCS6B02G024900,3,5,-2,2
TraesCS6B02G213500,0,2,-2,2
TraesCS6B02G270200,0,2,-2,2
TraesCS6B02G289900,0,2,-2,2
TraesCS6B02G304700,0,2,-2,2
TraesCS6B02G313000,0,2,-2,2
TraesCS6B02G370300,0,2,-2,2
TraesCS6D02G096900,0,2,-2,2
TraesCS6D02G147200,0,2,-2,2
TraesCS6D02G174600,0,2,-2,2
TraesCS6D02G264600,0,2,-2,2
TraesCS7A02G159000,0,2,-2,2
TraesCS7A02G177400,0,2,-2,2
TraesCS7A02G208100,0,2,-2,2
TraesCS7A02G268800,0,2,-2,2
TraesCS7A02G277600,0,2,-2,2
TraesCS7A02G356639,5,7,-2,2
TraesCS7A02G437300,0,2,-2,2
TraesCS7A02G509200,1,3,-2,2
TraesCS7A02G552000,0,2,-2,2
TraesCS7B02G129000,2,4,-2,2
TraesCS7B02G209100,0,2,-2,2
TraesCS7B02G243000,0,2,-2,2
TraesCS7B02G295600,0,2,-2,2
TraesCS7B02G337000,0,2,-2,2
TraesCS7B02G337300,2,4,-2,2
TraesCS7D02G224100,3,5,-2,2
TraesCS7D02G229400,0,2,-2,2
TraesCS7D02G385300,8,10,-2,2
TraesCS7D02G431200,0,2,-2,2
TraesCS7D02G476900,0,2,-2,2
TraesCSU02G205800,1,3,-2,2
TraesCS2D02G560000,1,4,-3,3
TraesCS1B02G076300,2,5,-3,3
TraesCS2B02G534000,0,3,-3,3
TraesCS4A02G005400,2,5,-3,3
TraesCS4D02G182100,2,5,-3,3
TraesCS5D02G320800,1,4,-3,3
TraesCS7B02G074500,0,3,-3,3
TraesCS4B02G056600,0,3,-3,3
TraesCS5A02G264800,0,3,-3,3
TraesCS7B02G026300,0,3,-3,3
TraesCS7D02G244300,0,3,-3,3
TraesCS2B02G406400,0,3,-3,3
TraesCS1A02G288500,0,3,-3,3
TraesCS7D02G338500,0,3,-3,3
TraesCS1B02G273000,0,3,-3,3
TraesCS2A02G264800,0,3,-3,3
TraesCS4A02G180900,1,4,-3,3
TraesCS5A02G153000,0,3,-3,3
TraesCS7A02G411100,1,4,-3,3
TraesCS4B02G124000,0,3,-3,3
TraesCS4D02G040400,1,4,-3,3
TraesCS5B02G243800,0,3,-3,3
TraesCS6D02G304300,0,3,-3,3
TraesCS1A02G223600,2,5,-3,3
TraesCS3D02G540600,0,3,-3,3
TraesCS5B02G004400,0,3,-3,3
TraesCS7A02G272100,0,3,-3,3
TraesCS2B02G228900,11,14,-3,3
TraesCS7B02G100300,4,7,-3,3
TraesCS7B02G364600,0,3,-3,3
TraesCS2A02G448300,2,5,-3,3
TraesCS2B02G422300,0,3,-3,3
TraesCS3B02G349300,0,3,-3,3
TraesCS1A02G094100,1,4,-3,3
TraesCS1A02G328000,4,7,-3,3
TraesCS1A02G413700,0,3,-3,3
TraesCS1B02G080300,1,4,-3,3
TraesCS1B02G368900,0,3,-3,3
TraesCS1D02G012100,33,36,-3,3
TraesCS1D02G249700,0,3,-3,3
TraesCS1D02G268600,1,4,-3,3
TraesCS1D02G349200,8,11,-3,3
TraesCS2A02G386600,1,4,-3,3
TraesCS2A02G508800,1,4,-3,3
TraesCS2A02G510800,3,6,-3,3
TraesCS2B02G121100,0,3,-3,3
TraesCS2B02G286900,0,3,-3,3
TraesCS2B02G439000,2,5,-3,3
TraesCS2D02G413000,2,5,-3,3
TraesCS2D02G420500,0,3,-3,3
TraesCS2D02G533700,0,3,-3,3
TraesCS3A02G194600,0,3,-3,3
TraesCS3B02G113100,0,3,-3,3
TraesCS3B02G212900,0,3,-3,3
TraesCS3B02G325100,1,4,-3,3
TraesCS3B02G372000,1,4,-3,3
TraesCS3B02G373800,0,3,-3,3
TraesCS3D02G036100,0,3,-3,3
TraesCS3D02G050200,0,3,-3,3
TraesCS3D02G084900,2,5,-3,3
TraesCS3D02G094800,0,3,-3,3
TraesCS3D02G223500,0,3,-3,3
TraesCS3D02G392900,1,4,-3,3
TraesCS3D02G421200,10,13,-3,3
TraesCS4A02G092700,11,14,-3,3
TraesCS4A02G210100,0,3,-3,3
TraesCS4A02G415600,0,3,-3,3
TraesCS4B02G077500,1,4,-3,3
TraesCS4B02G148300,0,3,-3,3
TraesCS4B02G391200,0,3,-3,3
TraesCS4D02G036000,0,3,-3,3
TraesCS4D02G167300,0,3,-3,3
TraesCS4D02G177500,2,5,-3,3
TraesCS4D02G190900,1,4,-3,3
TraesCS5A02G010800,0,3,-3,3
TraesCS5A02G017900,1,4,-3,3
TraesCS5A02G126400,1,4,-3,3
TraesCS5B02G088000,0,3,-3,3
TraesCS5B02G136900,0,3,-3,3
TraesCS5B02G219400,4,7,-3,3
TraesCS5B02G253600,1,4,-3,3
TraesCS5B02G317200,0,3,-3,3
TraesCS5B02G319700,1,4,-3,3
TraesCS5B02G441600,0,3,-3,3
TraesCS5D02G270300,1,4,-3,3
TraesCS5D02G373900,1,4,-3,3
TraesCS6A02G076300,0,3,-3,3
TraesCS6A02G249400,0,3,-3,3
TraesCS6A02G420700,1,4,-3,3
TraesCS6B02G066100,36,39,-3,3
TraesCS6B02G304000,1,4,-3,3
TraesCS6B02G347700,0,3,-3,3
TraesCS6B02G354400,0,3,-3,3
TraesCS6D02G264400,0,3,-3,3
TraesCS6D02G303600,1,4,-3,3
TraesCS7A02G178100,0,3,-3,3
TraesCS7A02G312200,0,3,-3,3
TraesCS7A02G314800,0,3,-3,3
TraesCS7D02G088400,0,3,-3,3
TraesCS7D02G182600,1,4,-3,3
TraesCS7D02G206400,3,6,-3,3
TraesCS7D02G328000,2,5,-3,3
TraesCS7D02G428300,0,3,-3,3
TraesCS7D02G431100,0,3,-3,3
TraesCS7D02G536500,2,5,-3,3
TraesCSU02G116300,1,4,-3,3
TraesCS3D02G157100,0,4,-4,4
TraesCS6B02G125900,1,5,-4,4
TraesCS4B02G361200,0,4,-4,4
TraesCS2A02G461700,0,4,-4,4
TraesCS3A02G442200,1,5,-4,4
TraesCS7D02G404000,0,4,-4,4
TraesCS5D02G253100,1,5,-4,4
TraesCS1D02G382900,0,4,-4,4
TraesCS7A02G250000,0,4,-4,4
TraesCS1D02G043300,1,5,-4,4
TraesCS2D02G456900,3,7,-4,4
TraesCS5D02G099100,0,4,-4,4
TraesCS2A02G101900,1,5,-4,4
TraesCS4B02G325500,0,4,-4,4
TraesCS2A02G323200,5,9,-4,4
TraesCS5D02G219300,0,4,-4,4
TraesCS1A02G070200,2,6,-4,4
TraesCS1A02G145300,0,4,-4,4
TraesCS1A02G228500,0,4,-4,4
TraesCS1A02G298400,2,6,-4,4
TraesCS1A02G332800,1,5,-4,4
TraesCS1B02G234000,0,4,-4,4
TraesCS1D02G114700,1,5,-4,4
TraesCS1D02G232700,8,12,-4,4
TraesCS1D02G252900,2,6,-4,4
TraesCS1D02G436600,4,8,-4,4
TraesCS2A02G033100,0,4,-4,4
TraesCS2A02G436200,0,4,-4,4
TraesCS2B02G106500,1,5,-4,4
TraesCS2B02G193700,0,4,-4,4
TraesCS2D02G562200,0,4,-4,4
TraesCS3B02G059300,0,4,-4,4
TraesCS3B02G141700,0,4,-4,4
TraesCS3D02G031300,0,4,-4,4
TraesCS3D02G123300,0,4,-4,4
TraesCS3D02G297600,0,4,-4,4
TraesCS3D02G446300,4,8,-4,4
TraesCS4A02G129100,1,5,-4,4
TraesCS4A02G216400,0,4,-4,4
TraesCS4B02G053900,20,24,-4,4
TraesCS4B02G106300,6,10,-4,4
TraesCS4D02G015800,1,5,-4,4
TraesCS4D02G038800,6,10,-4,4
TraesCS5A02G077600,0,4,-4,4
TraesCS5A02G269200,0,4,-4,4
TraesCS5A02G273200,0,4,-4,4
TraesCS5D02G126500,0,4,-4,4
TraesCS5D02G153000,1,5,-4,4
TraesCS5D02G392200,5,9,-4,4
TraesCS6B02G171900,6,10,-4,4
TraesCS6B02G324800,3,7,-4,4
TraesCS6D02G100500,34,38,-4,4
TraesCS7A02G169100,1,5,-4,4
TraesCS7A02G373100,0,4,-4,4
TraesCS7A02G565800,0,4,-4,4
TraesCS7B02G160000,0,4,-4,4
TraesCS7D02G076100,0,4,-4,4
TraesCS7D02G388900,0,4,-4,4
TraesCSU02G130200,1,5,-4,4
TraesCS2B02G589800,1,6,-5,5
TraesCS1D02G059200,1,6,-5,5
TraesCS2D02G506500,0,5,-5,5
TraesCS4A02G123800,1,6,-5,5
TraesCS5A02G529300,1,6,-5,5
TraesCS2D02G461700,0,5,-5,5
TraesCS5A02G538600,1,6,-5,5
TraesCS5D02G158300,9,14,-5,5
TraesCS2D02G234000,1,6,-5,5
TraesCS7B02G112400,5,10,-5,5
TraesCS7D02G130100,6,11,-5,5
TraesCS7D02G135200,1,6,-5,5
TraesCS2D02G101400,2,7,-5,5
TraesCS5A02G143200,0,5,-5,5
TraesCS1A02G444400,1,6,-5,5
TraesCS1B02G162500,0,5,-5,5
TraesCS1B02G400200,0,5,-5,5
TraesCS1D02G144200,0,5,-5,5
TraesCS1D02G200200,1,6,-5,5
TraesCS1D02G355100,2,7,-5,5
TraesCS2A02G083900,16,21,-5,5
TraesCS2D02G284000,44,49,-5,5
TraesCS2D02G377100,3,8,-5,5
TraesCS2D02G402000,1,6,-5,5
TraesCS2D02G402900,0,5,-5,5
TraesCS2D02G585300,0,5,-5,5
TraesCS3A02G122500,0,5,-5,5
TraesCS3A02G388100,0,5,-5,5
TraesCS3A02G494800,5,10,-5,5
TraesCS3B02G130500,2,7,-5,5
TraesCS3B02G140600,0,5,-5,5
TraesCS3B02G323500,0,5,-5,5
TraesCS4D02G213400,2,7,-5,5
TraesCS5B02G024900,6,11,-5,5
TraesCS5B02G128100,0,5,-5,5
TraesCS5B02G160800,0,5,-5,5
TraesCS5B02G191700,1,6,-5,5
TraesCS5B02G214100,0,5,-5,5
TraesCS7A02G180800,0,5,-5,5
TraesCS7A02G236200,1,6,-5,5
TraesCS7B02G298900,25,30,-5,5
TraesCS7D02G008900,3,8,-5,5
TraesCS7D02G088300,0,5,-5,5
TraesCS7D02G234400,1,6,-5,5
TraesCSU02G108500,43,48,-5,5
TraesCS2A02G554300,1,7,-6,6
TraesCS3D02G249100,2,8,-6,6
TraesCS1D02G244500,25,31,-6,6
TraesCS6D02G084900,2,8,-6,6
TraesCS7D02G483200,0,6,-6,6
TraesCS3A02G142900,0,6,-6,6
TraesCS1D02G421200,0,6,-6,6
TraesCS2A02G326600,1,7,-6,6
TraesCS4B02G173600,2,8,-6,6
TraesCS5D02G148900,2,8,-6,6
TraesCS3A02G497900,4,10,-6,6
TraesCS3D02G314100,0,6,-6,6
TraesCS1A02G375100,1,7,-6,6
TraesCS1D02G241100,1,7,-6,6
TraesCS2A02G134800,8,14,-6,6
TraesCS2B02G138100,6,12,-6,6
TraesCS2B02G612200,1,7,-6,6
TraesCS2D02G599900,0,6,-6,6
TraesCS3A02G094600,1,7,-6,6
TraesCS3A02G372100,1,7,-6,6
TraesCS3B02G140500,2,8,-6,6
TraesCS4A02G173800,3,9,-6,6
TraesCS4A02G296100,42,48,-6,6
TraesCS4A02G485800,6,12,-6,6
TraesCS4B02G064200,28,34,-6,6
TraesCS4D02G228500,0,6,-6,6
TraesCS4D02G277300,0,6,-6,6
TraesCS5A02G021400,7,13,-6,6
TraesCS5A02G397900,0,6,-6,6
TraesCS5D02G399400,18,24,-6,6
TraesCS6D02G119800,1,7,-6,6
TraesCS6D02G372000,1,7,-6,6
TraesCS7A02G188800,1,7,-6,6
TraesCS7A02G357200,13,19,-6,6
TraesCS7B02G134200,2,8,-6,6
TraesCS3B02G476000,0,7,-7,7
TraesCS4D02G338800,0,7,-7,7
TraesCS6D02G315700,2,9,-7,7
TraesCS1A02G426800,5,12,-7,7
TraesCS1B02G381500,0,7,-7,7
TraesCS1B02G479000,1,8,-7,7
TraesCS1D02G000531,32,39,-7,7
TraesCS2A02G094500,1,8,-7,7
TraesCS2B02G064000,0,7,-7,7
TraesCS2D02G061100,1,8,-7,7
TraesCS2D02G073900,28,35,-7,7
TraesCS2D02G200500,21,28,-7,7
TraesCS2D02G383400,1,8,-7,7
TraesCS2D02G465900,0,7,-7,7
TraesCS3A02G372200,1,8,-7,7
TraesCS3B02G391200,0,7,-7,7
TraesCS3B02G514800,1,8,-7,7
TraesCS3D02G420500,7,14,-7,7
TraesCS5D02G224200,11,18,-7,7
TraesCS5D02G290400,1,8,-7,7
TraesCS7A02G250900,3,11,-8,8
TraesCS5B02G154100,19,27,-8,8
TraesCS4D02G362800,0,8,-8,8
TraesCS1D02G225200,8,16,-8,8
TraesCS2D02G444300,0,8,-8,8
TraesCS7B02G036500,7,15,-8,8
TraesCS7D02G208000,3,11,-8,8
TraesCS2B02G119000,6,14,-8,8
TraesCS1A02G005315,30,38,-8,8
TraesCS2A02G062100,28,36,-8,8
TraesCS2A02G385900,2,10,-8,8
TraesCS2A02G431100,0,8,-8,8
TraesCS2A02G576100,0,8,-8,8
TraesCS3A02G188700,33,41,-8,8
TraesCS3A02G390300,0,8,-8,8
TraesCS3D02G340500,24,32,-8,8
TraesCS4A02G030600,22,30,-8,8
TraesCS4A02G068200,0,8,-8,8
TraesCS5B02G144100,1,9,-8,8
TraesCS5B02G241900,33,41,-8,8
TraesCS7D02G439400,1,9,-8,8
TraesCS1A02G244800,25,34,-9,9
TraesCS6A02G097700,1,10,-9,9
TraesCS1B02G285000,7,16,-9,9
TraesCS3A02G497600,3,12,-9,9
TraesCS4A02G007800,2,11,-9,9
TraesCS1A02G268500,1,10,-9,9
TraesCS1A02G404600,2,11,-9,9
TraesCS2A02G118100,3,12,-9,9
TraesCS2A02G385600,6,15,-9,9
TraesCS2B02G333900,2,11,-9,9
TraesCS2D02G177900,2,11,-9,9
TraesCS3A02G034500,0,9,-9,9
TraesCS3B02G270800,0,9,-9,9
TraesCS3D02G038300,2,11,-9,9
TraesCS3D02G440700,0,9,-9,9
TraesCS4A02G250900,47,56,-9,9
TraesCS4A02G398300,1,10,-9,9
TraesCS4B02G353800,4,13,-9,9
TraesCS5A02G205700,4,13,-9,9
TraesCS5A02G303400,0,9,-9,9
TraesCS5B02G018300,26,35,-9,9
TraesCS5D02G360400,5,14,-9,9
TraesCS7A02G093500,1,10,-9,9
TraesCS5A02G387400,0,10,-10,10
TraesCS4D02G354200,1,11,-10,10
TraesCS6D02G268100,0,10,-10,10
TraesCS7A02G205100,1,11,-10,10
TraesCS7D02G135700,10,20,-10,10
TraesCS6D02G096300,0,10,-10,10
TraesCS4D02G296000,0,10,-10,10
TraesCS1A02G355300,1,11,-10,10
TraesCS2A02G405100,0,10,-10,10
TraesCS2A02G510700,1,11,-10,10
TraesCS2B02G302100,14,24,-10,10
TraesCS3A02G372000,1,11,-10,10
TraesCS3B02G413100,6,16,-10,10
TraesCS4B02G184800,26,36,-10,10
TraesCS4B02G324100,42,52,-10,10
TraesCS5A02G010900,1,11,-10,10
TraesCS6A02G309700,1,11,-10,10
TraesCS6B02G412100,1,11,-10,10
TraesCS7A02G357800,2,12,-10,10
TraesCS2D02G414300,2,13,-11,11
TraesCS3B02G125500,0,11,-11,11
TraesCS7A02G130700,1,12,-11,11
TraesCS2D02G214100,0,11,-11,11
TraesCS7A02G194700,3,14,-11,11
TraesCS4A02G007900,5,16,-11,11
TraesCS3A02G317100,0,11,-11,11
TraesCS1A02G005387,29,40,-11,11
TraesCS1A02G412800,2,13,-11,11
TraesCS3A02G371800,2,13,-11,11
TraesCS3B02G010100,23,34,-11,11
TraesCS3B02G131200,0,11,-11,11
TraesCS3B02G217900,30,41,-11,11
TraesCS4A02G438900,1,12,-11,11
TraesCS5D02G168500,2,13,-11,11
TraesCS5D02G440000,38,49,-11,11
TraesCS6A02G153100,9,20,-11,11
TraesCS6B02G024700,1,12,-11,11
TraesCS6B02G139800,29,40,-11,11
TraesCS6B02G207300,9,20,-11,11
TraesCS7A02G093100,1,12,-11,11
TraesCS7A02G229400,1,12,-11,11
TraesCSU02G272393,67,78,-11,11
TraesCS6A02G287400,0,12,-12,12
TraesCS7B02G121800,10,22,-12,12
TraesCS2A02G202100,1,13,-12,12
TraesCS2A02G449561,3,15,-12,12
TraesCS3D02G524700,1,13,-12,12
TraesCS4A02G119000,0,12,-12,12
TraesCS5B02G214700,3,15,-12,12
TraesCS5B02G329200,1,13,-12,12
TraesCS7D02G009400,0,12,-12,12
TraesCS3B02G438800,0,13,-13,13
TraesCS2D02G116900,2,15,-13,13
TraesCS2D02G313700,1,14,-13,13
TraesCS2D02G402100,1,14,-13,13
TraesCS3A02G121200,2,15,-13,13
TraesCS3A02G307100,1,14,-13,13
TraesCS3B02G484300,2,15,-13,13
TraesCS3B02G577900,4,17,-13,13
TraesCS3D02G028400,1,14,-13,13
TraesCS4A02G392600,0,13,-13,13
TraesCS5D02G041700,9,22,-13,13
TraesCS5D02G250600,38,51,-13,13
TraesCS5D02G558700,7,20,-13,13
TraesCS6A02G130300,0,13,-13,13
TraesCS6A02G372500,15,28,-13,13
TraesCS6D02G166900,3,16,-13,13
TraesCS7A02G350800,2,15,-13,13
TraesCS7D02G230000,1,14,-13,13
TraesCS6B02G142000,2,16,-14,14
TraesCS2B02G570900,1,15,-14,14
TraesCS3D02G192100,27,41,-14,14
TraesCS3D02G275500,6,20,-14,14
TraesCS6A02G362200,3,17,-14,14
TraesCS6D02G268200,31,45,-14,14
TraesCS7A02G113800,60,74,-14,14
TraesCS7A02G548100,70,84,-14,14
TraesCS7A02G551200,2,16,-14,14
TraesCS5D02G397300,0,15,-15,15
TraesCS1B02G084300,14,29,-15,15
TraesCS1D02G376300,0,15,-15,15
TraesCS2A02G174600,1,16,-15,15
TraesCS3A02G479800,0,15,-15,15
TraesCS4B02G169700,3,18,-15,15
TraesCS5A02G389400,1,16,-15,15
TraesCS6D02G389000,6,21,-15,15
TraesCS1D02G000567,24,40,-16,16
TraesCS2B02G405900,1,17,-16,16
TraesCS3B02G561000,2,19,-17,17
TraesCS1B02G276900,4,21,-17,17
TraesCS2B02G091300,4,21,-17,17
TraesCS4A02G098700,22,39,-17,17
TraesCS7B02G088600,18,35,-17,17
TraesCS6B02G316700,0,18,-18,18
TraesCS1B02G011463,44,62,-18,18
TraesCS3B02G330400,0,18,-18,18
TraesCS4A02G296300,1,19,-18,18
TraesCS5A02G243900,40,58,-18,18
TraesCS5A02G432100,24,42,-18,18
TraesCS5B02G202700,7,25,-18,18
TraesCS5D02G334900,6,24,-18,18
TraesCS6D02G332900,25,43,-18,18
TraesCS7A02G035600,36,54,-18,18
TraesCS1B02G443800,0,19,-19,19
TraesCS4A02G131000,14,33,-19,19
TraesCS1D02G265900,6,25,-19,19
TraesCS2B02G200500,3,22,-19,19
TraesCS4B02G328100,138,157,-19,19
TraesCS6A02G387900,1,20,-19,19
TraesCS5A02G155900,27,47,-20,20
TraesCS1B02G011474,18,38,-20,20
TraesCS1D02G002063,72,92,-20,20
TraesCS4A02G041700,43,63,-20,20
TraesCS2A02G389400,5,26,-21,21
TraesCS2B02G219900,8,29,-21,21
TraesCS3D02G255500,21,42,-21,21
TraesCS3D02G516900,3,24,-21,21
TraesCS4D02G303900,9,30,-21,21
TraesCS7B02G269600,1,22,-21,21
TraesCS3D02G505200,5,27,-22,22
TraesCS1A02G364000,22,44,-22,22
TraesCS2B02G404200,5,27,-22,22
TraesCS3D02G450700,4,26,-22,22
TraesCS4D02G206600,53,75,-22,22
TraesCS5B02G329100,0,22,-22,22
TraesCS1B02G381200,31,55,-24,24
TraesCS4A02G135500,30,54,-24,24
TraesCS4D02G171800,28,52,-24,24
TraesCS5D02G558800,8,32,-24,24
TraesCS6B02G046800,36,60,-24,24
TraesCS4A02G006100,9,34,-25,25
TraesCS1B02G182200,9,34,-25,25
TraesCS1D02G332200,1,26,-25,25
TraesCS3A02G254600,24,49,-25,25
TraesCS4B02G017600,50,75,-25,25
TraesCS4D02G063100,45,70,-25,25
TraesCS5A02G496600,9,34,-25,25
TraesCS5D02G188400,66,91,-25,25
TraesCS7A02G113900,40,65,-25,25
TraesCS4D02G297900,4,30,-26,26
TraesCS7B02G031000,2,28,-26,26
TraesCS4B02G393400,35,62,-27,27
TraesCS7A02G189200,5,33,-28,28
TraesCS1A02G329900,0,28,-28,28
TraesCS1D02G422600,28,56,-28,28
TraesCS2B02G423200,1,29,-28,28
TraesCS4B02G328000,160,188,-28,28
TraesCS4D02G016000,67,95,-28,28
TraesCS4D02G364900,6,34,-28,28
TraesCSU02G032800,55,83,-28,28
TraesCS3D02G038700,1,30,-29,29
TraesCS4D02G262800,26,55,-29,29
TraesCS2D02G105100,4,34,-30,30
TraesCS4B02G017500,89,119,-30,30
TraesCS1B02G041928,33,64,-31,31
TraesCS3A02G448300,2,33,-31,31
TraesCS3D02G130300,1,32,-31,31
TraesCS4A02G260500,0,31,-31,31
TraesCS7B02G195200,2,33,-31,31
TraesCS4B02G262700,24,56,-32,32
TraesCS5B02G400600,1,33,-32,32
TraesCS4D02G186100,6,39,-33,33
TraesCS6B02G427200,3,36,-33,33
TraesCS7A02G093600,1,34,-33,33
TraesCS7B02G088700,29,62,-33,33
TraesCS1A02G083800,37,71,-34,34
TraesCS2D02G425400,32,66,-34,34
TraesCSU02G108700,120,154,-34,34
TraesCS6A02G287500,8,43,-35,35
TraesCS3D02G272000,49,85,-36,36
TraesCS7B02G094000,5,42,-37,37
TraesCS2A02G367200,48,85,-37,37
TraesCS4D02G206500,33,70,-37,37
TraesCS5A02G189800,35,72,-37,37
TraesCS5D02G050800,8,45,-37,37
TraesCS6B02G376000,50,87,-37,37
TraesCS1A02G413800,0,38,-38,38
TraesCS2A02G315600,16,54,-38,38
TraesCS1A02G033501,15,54,-39,39
TraesCS4B02G205600,28,67,-39,39
TraesCS2A02G427300,18,58,-40,40
TraesCS3A02G272700,41,81,-40,40
TraesCS5B02G181700,30,71,-41,41
TraesCS7D02G109200,47,89,-42,42
TraesCS1D02G000582,32,75,-43,43
TraesCS4D02G016100,76,119,-43,43
TraesCS1D02G369200,48,92,-44,44
TraesCS1D02G206300,42,88,-46,46
TraesCS7D02G494600,36,82,-46,46
TraesCS5A02G526900,78,127,-49,49
TraesCS6D02G057400,6,55,-49,49
TraesCS1A02G033288,9,59,-50,50
TraesCS7B02G011600,46,96,-50,50
TraesCS1B02G479200,1,53,-52,52
TraesCS5D02G201100,34,86,-52,52
TraesCS5B02G499700,2,57,-55,55
TraesCS7A02G506500,38,95,-57,57
TraesCS7B02G414100,48,105,-57,57
TraesCS7D02G397500,5,64,-59,59
TraesCS1B02G307700,39,101,-62,62
TraesCS6D02G324900,64,126,-62,62
TraesCS7D02G534700,22,84,-62,62
TraesCS1D02G084900,44,110,-66,66
TraesCS5B02G046000,3,70,-67,67
TraesCS5A02G443400,3,72,-69,69
TraesCS4D02G351300,86,156,-70,70
TraesCS2D02G414800,18,91,-73,73
TraesCS4D02G234700,1,76,-75,75
TraesCS3D02G059000,7,83,-76,76
TraesCS3D02G319200,1,82,-81,81
TraesCS3B02G354900,1,86,-85,85
TraesCS3A02G325800,1,96,-95,95
TraesCS2B02G436400,40,139,-99,99
TraesCS1B02G101100,57,157,-100,100
TraesCS2B02G174400,63,191,-128,128
TraesCS6D02G356600,39,257,-218,218
TraesCS1B02G011600,57,572,-515,515
TraesCS2D02G154300,68,2097,-2029,2029
