Gene_name,TAM111,TAM112,diff,abs_diff
TraesCS1A02G007400,2834,363,2471,2471
TraesCS7B02G248300,343,16,327,327
TraesCS1B02G124600,172,12,160,160
TraesCS6B02G205100,193,33,160,160
TraesCS3B02G155500,162,19,143,143
TraesCS6A02G175100,394,259,135,135
TraesCS7D02G083700,228,103,125,125
TraesCS7D02G344400,125,16,109,109
TraesCS7A02G035300,99,5,94,94
TraesCS7A02G336700,97,9,88,88
TraesCS6D02G168200,133,47,86,86
TraesCS4A02G485700,76,4,72,72
TraesCS5B02G043100,68,0,68,68
TraesCS5B02G527300,90,25,65,65
TraesCS2D02G175600,68,8,60,60
TraesCS5A02G422900,56,5,51,51
TraesCS1B02G351400,55,7,48,48
TraesCS2D02G010000,47,6,41,41
TraesCS3A02G009500,43,3,40,40
TraesCS2A02G267200,43,4,39,39
TraesCS4D02G005700,45,9,36,36
TraesCS5B02G424800,67,31,36,36
TraesCS7B02G265300,70,35,35,35
TraesCS1A02G091500,37,3,34,34
TraesCS2A02G310300,62,28,34,34
TraesCS2B02G275300,35,2,33,33
TraesCS5D02G405100,83,50,33,33
TraesCS5D02G431100,65,32,33,33
TraesCS3A02G498400,41,9,32,32
TraesCS5B02G282100,53,21,32,32
TraesCS1B02G233000,39,9,30,30
TraesCS7B02G266700,50,20,30,30
TraesCS1D02G221200,44,15,29,29
TraesCS2D02G091500,38,9,29,29
TraesCS7D02G361200,57,28,29,29
TraesCS6A02G157100,30,2,28,28
TraesCS7D02G216600,36,9,27,27
TraesCS1A02G063100,37,11,26,26
TraesCS2B02G136600,28,2,26,26
TraesCS2A02G012700,37,12,25,25
TraesCS4A02G302300,27,2,25,25
TraesCS5A02G320200,66,41,25,25
TraesCS6D02G304500,28,3,25,25
TraesCS5A02G496500,48,24,24,24
TraesCS7B02G067000,63,39,24,24
TraesCS5A02G395800,66,43,23,23
TraesCS3B02G068600,23,1,22,22
TraesCS6A02G362100,42,20,22,22
TraesCS6D02G276200,49,27,22,22
TraesCS5B02G320400,82,61,21,21
TraesCS7B02G361100,80,59,21,21
TraesCS1A02G253100,25,5,20,20
TraesCS5A02G155900,40,21,19,19
TraesCS3B02G404200,28,9,19,19
TraesCS5A02G195200,25,6,19,19
TraesCS5B02G255200,26,7,19,19
TraesCS5D02G225200,21,2,19,19
TraesCS6B02G122000,57,38,19,19
TraesCS7D02G303400,28,9,19,19
TraesCS7D02G362000,61,42,19,19
TraesCS3A02G451600,68,50,18,18
TraesCS4D02G008600,41,23,18,18
TraesCS5A02G557600,21,3,18,18
TraesCS6A02G179900,25,7,18,18
TraesCS7B02G361400,45,27,18,18
TraesCS2D02G234000,22,5,17,17
TraesCS2A02G411900,28,11,17,17
TraesCS3A02G442400,34,17,17,17
TraesCS5A02G282700,23,6,17,17
TraesCS5A02G309000,38,21,17,17
TraesCS5D02G289800,57,40,17,17
TraesCS7A02G009500,27,10,17,17
TraesCS7D02G448200,73,56,17,17
TraesCS5B02G154100,35,19,16,16
TraesCS4B02G299000,18,2,16,16
TraesCS7A02G194700,55,39,16,16
TraesCS7B02G434000,31,15,16,16
TraesCS7B02G472400,22,6,16,16
TraesCS7B02G100300,34,19,15,15
TraesCS3A02G451400,37,22,15,15
TraesCS6B02G023800,35,20,15,15
TraesCS1B02G081000,43,29,14,14
TraesCS2A02G105500,19,5,14,14
TraesCS2A02G168200,20,6,14,14
TraesCS2A02G530900,21,7,14,14
TraesCS3A02G137900,18,4,14,14
TraesCS4D02G008900,18,4,14,14
TraesCS5D02G326100,85,71,14,14
TraesCS6B02G355000,15,1,14,14
TraesCS7D02G081400,29,15,14,14
TraesCS5D02G161000,15,2,13,13
TraesCS2B02G327300,30,17,13,13
TraesCS3A02G425900,28,15,13,13
TraesCS3A02G454700,65,52,13,13
TraesCS4A02G386000,32,19,13,13
TraesCS4B02G011100,14,1,13,13
TraesCS5A02G395900,28,15,13,13
TraesCS5A02G485200,25,12,13,13
TraesCS6A02G093200,90,77,13,13
TraesCS6D02G276300,29,16,13,13
TraesCS2D02G308600,23,11,12,12
TraesCS3B02G480100,46,34,12,12
TraesCS1D02G011900,65,54,11,11
TraesCS2D02G532800,17,6,11,11
TraesCS3D02G533400,33,22,11,11
TraesCS4B02G011200,13,2,11,11
TraesCS6A02G099600,12,1,11,11
TraesCS6A02G324700,15,4,11,11
TraesCS6D02G010900,13,2,11,11
TraesCS6D02G106600,66,55,11,11
TraesCS7A02G549200,23,12,11,11
TraesCS7B02G389100,22,11,11,11
TraesCS1A02G386200,20,10,10,10
TraesCS2D02G386400,15,5,10,10
TraesCS3D02G182000,16,6,10,10
TraesCS3D02G435100,34,24,10,10
TraesCS3D02G438300,70,60,10,10
TraesCS3D02G447500,63,53,10,10
TraesCS4A02G231400,53,43,10,10
TraesCS4D02G009300,11,1,10,10
TraesCS5A02G087000,15,5,10,10
TraesCS5B02G216000,28,18,10,10
TraesCS6B02G032600,11,1,10,10
TraesCS7A02G548500,12,2,10,10
TraesCS5A02G529300,16,7,9,9
TraesCS1B02G080900,38,29,9,9
TraesCS3A02G426400,23,14,9,9
TraesCS4A02G058100,11,2,9,9
TraesCS6D02G405000,10,1,9,9
TraesCS7B02G036700,22,13,9,9
TraesCS7D02G194400,15,6,9,9
TraesCS4D02G289600,13,5,8,8
TraesCS3A02G368700,11,3,8,8
TraesCS7D02G130100,14,6,8,8
TraesCS7D02G135700,25,17,8,8
TraesCS1A02G062500,29,21,8,8
TraesCS3D02G323200,39,31,8,8
TraesCS4B02G298600,10,2,8,8
TraesCS6A02G295600,41,33,8,8
TraesCS6A02G364400,9,1,8,8
TraesCS7D02G081200,32,24,8,8
TraesCS7D02G504800,50,42,8,8
TraesCS7B02G121900,11,4,7,7
TraesCS3B02G400200,8,1,7,7
TraesCS3D02G361600,8,1,7,7
TraesCS7B02G031000,17,10,7,7
TraesCS1B02G413600,25,18,7,7
TraesCS4A02G460500,50,43,7,7
TraesCS4D02G009600,8,1,7,7
TraesCS5A02G174200,8,1,7,7
TraesCS5D02G047200,16,9,7,7
TraesCS5D02G431400,8,1,7,7
TraesCS6D02G108900,9,2,7,7
TraesCS7D02G053700,41,34,7,7
TraesCS1A02G219700,46,40,6,6
TraesCS1D02G394200,12,6,6,6
TraesCS2A02G094900,13,7,6,6
TraesCS2A02G128600,50,44,6,6
TraesCS2D02G556000,9,3,6,6
TraesCS4D02G025600,15,9,6,6
TraesCS5A02G040300,9,3,6,6
TraesCS6A02G119000,7,1,6,6
TraesCS6A02G180100,8,2,6,6
TraesCS6B02G410400,85,79,6,6
TraesCS6B02G467400,10,4,6,6
TraesCS6B02G467500,7,1,6,6
TraesCS6D02G138200,66,60,6,6
TraesCS7A02G459900,48,42,6,6
TraesCS3D02G412800,13,8,5,5
TraesCS6A02G114100,6,1,5,5
TraesCS7B02G121800,13,8,5,5
TraesCS2A02G172500,9,4,5,5
TraesCS1D02G225200,10,5,5,5
TraesCS2B02G252000,8,3,5,5
TraesCS2D02G336300,8,3,5,5
TraesCS1D02G351600,8,3,5,5
TraesCS1B02G351600,7,2,5,5
TraesCS1D02G351000,6,1,5,5
TraesCS2A02G348600,6,1,5,5
TraesCS3B02G031300,15,10,5,5
TraesCS3B02G431200,6,1,5,5
TraesCS3D02G102800,11,6,5,5
TraesCS4A02G460900,40,35,5,5
TraesCS4D02G281100,6,1,5,5
TraesCS5A02G283100,66,61,5,5
TraesCS5B02G434200,6,1,5,5
TraesCS5B02G564900,7,2,5,5
TraesCS5D02G056100,50,45,5,5
TraesCS5D02G178800,6,1,5,5
TraesCS5D02G290600,46,41,5,5
TraesCS6A02G011800,6,1,5,5
TraesCS6A02G046800,7,2,5,5
TraesCS6A02G295900,9,4,5,5
TraesCS7A02G299300,5,0,5,5
TraesCS7B02G244700,6,1,5,5
TraesCS7B02G440500,9,4,5,5
TraesCS7D02G177200,10,5,5,5
TraesCS7D02G535500,9,4,5,5
TraesCS4B02G290400,7,3,4,4
TraesCS1A02G096800,4,0,4,4
TraesCS1A02G275800,19,15,4,4
TraesCS7B02G036500,11,7,4,4
TraesCS5A02G245900,27,23,4,4
TraesCS1A02G348600,5,1,4,4
TraesCS1A02G339100,14,10,4,4
TraesCS1A02G435200,5,1,4,4
TraesCS1D02G063600,30,26,4,4
TraesCS1D02G341100,5,1,4,4
TraesCS2B02G344500,7,3,4,4
TraesCS3A02G006000,29,25,4,4
TraesCS3B02G031000,12,8,4,4
TraesCS3D02G075300,5,1,4,4
TraesCS4A02G016400,6,2,4,4
TraesCS4A02G039400,5,1,4,4
TraesCS4A02G431200,47,43,4,4
TraesCS4B02G358400,6,2,4,4
TraesCS4B02G381900,7,3,4,4
TraesCS4D02G008700,8,4,4,4
TraesCS5A02G423100,5,1,4,4
TraesCS5B02G453300,6,2,4,4
TraesCS5D02G198400,16,12,4,4
TraesCS5D02G521000,6,2,4,4
TraesCS6A02G148800,10,6,4,4
TraesCS6D02G014700,6,2,4,4
TraesCS6D02G308100,5,1,4,4
TraesCS7A02G135000,5,1,4,4
TraesCS7A02G361800,17,13,4,4
TraesCS7A02G549300,6,2,4,4
TraesCS7B02G083100,10,6,4,4
TraesCS7B02G431200,7,3,4,4
TraesCS7D02G433600,14,10,4,4
TraesCS2D02G461700,5,2,3,3
TraesCS1A02G087700,3,0,3,3
TraesCS7A02G130700,8,5,3,3
TraesCS2A02G326600,4,1,3,3
TraesCS3A02G077900,10,7,3,3
TraesCS5A02G156700,3,0,3,3
TraesCS1B02G134800,5,2,3,3
TraesCS1B02G271400,42,39,3,3
TraesCS2A02G091100,6,3,3,3
TraesCS2B02G005200,14,11,3,3
TraesCS2B02G388600,5,2,3,3
TraesCS2D02G091900,5,2,3,3
TraesCS2D02G322400,25,22,3,3
TraesCS3A02G539500,22,19,3,3
TraesCS3B02G030900,4,1,3,3
TraesCS4A02G139000,5,2,3,3
TraesCS4A02G344200,8,5,3,3
TraesCS4B02G011000,5,2,3,3
TraesCS4B02G183800,7,4,3,3
TraesCS4B02G234100,3,0,3,3
TraesCS4D02G009400,6,3,3,3
TraesCS4D02G009800,5,2,3,3
TraesCS5A02G014000,5,2,3,3
TraesCS5B02G425000,4,1,3,3
TraesCS6A02G006600,3,0,3,3
TraesCS6A02G007700,3,0,3,3
TraesCS6A02G123000,4,1,3,3
TraesCS6A02G180400,9,6,3,3
TraesCS6A02G383800,3,0,3,3
TraesCS6B02G360000,4,1,3,3
TraesCS7A02G518600,3,0,3,3
TraesCS7B02G387400,6,3,3,3
TraesCS7D02G215400,31,28,3,3
TraesCS7A02G062700,2,0,2,2
TraesCS7A02G399500,4,2,2,2
TraesCS2B02G127800,2,0,2,2
TraesCS2B02G434100,6,4,2,2
TraesCS3A02G259900,2,0,2,2
TraesCS3D02G434700,2,0,2,2
TraesCS6A02G085800,2,0,2,2
TraesCS5B02G502600,2,0,2,2
TraesCS1B02G297900,2,0,2,2
TraesCS2D02G179600,6,4,2,2
TraesCS2D02G295300,2,0,2,2
TraesCS5D02G393200,3,1,2,2
TraesCS4B02G346700,2,0,2,2
TraesCS7D02G540700,2,0,2,2
TraesCS1A02G223600,3,1,2,2
TraesCS1B02G122500,2,0,2,2
TraesCS6D02G245900,2,0,2,2
TraesCS2A02G325900,4,2,2,2
TraesCS2D02G100700,3,1,2,2
TraesCS5A02G049100,2,0,2,2
TraesCS5A02G468300,2,0,2,2
TraesCS5B02G054200,5,3,2,2
TraesCS7D02G196300,21,19,2,2
TraesCS7B02G314400,3,1,2,2
TraesCS2D02G122900,3,1,2,2
TraesCS5A02G381000,3,1,2,2
TraesCS7A02G343000,2,0,2,2
TraesCS7D02G336400,2,0,2,2
TraesCS1A02G053800,2,0,2,2
TraesCS1A02G114900,3,1,2,2
TraesCS1A02G375800,2,0,2,2
TraesCS1B02G119300,3,1,2,2
TraesCS1B02G310200,7,5,2,2
TraesCS1D02G019900,3,1,2,2
TraesCS1D02G057000,4,2,2,2
TraesCS1D02G370800,2,0,2,2
TraesCS1D02G393900,3,1,2,2
TraesCS1D02G411400,3,1,2,2
TraesCS2A02G100900,2,0,2,2
TraesCS2A02G278400,2,0,2,2
TraesCS2A02G291400,3,1,2,2
TraesCS2A02G388600,12,10,2,2
TraesCS2A02G403200,3,1,2,2
TraesCS2A02G419200,2,0,2,2
TraesCS2B02G117100,2,0,2,2
TraesCS2B02G508900,3,1,2,2
TraesCS2D02G099600,2,0,2,2
TraesCS2D02G178800,2,0,2,2
TraesCS2D02G375000,2,0,2,2
TraesCS3A02G092600,3,1,2,2
TraesCS3A02G225200,3,1,2,2
TraesCS3A02G507200,3,1,2,2
TraesCS3B02G071000,7,5,2,2
TraesCS3B02G323300,2,0,2,2
TraesCS3B02G449000,2,0,2,2
TraesCS3B02G476300,15,13,2,2
TraesCS3B02G569500,25,23,2,2
TraesCS3D02G004900,8,6,2,2
TraesCS3D02G045900,4,2,2,2
TraesCS3D02G140000,2,0,2,2
TraesCS4A02G001000,2,0,2,2
TraesCS4A02G254300,4,2,2,2
TraesCS4B02G006500,6,4,2,2
TraesCS4B02G060200,4,2,2,2
TraesCS4D02G246100,5,3,2,2
TraesCS4D02G266000,3,1,2,2
TraesCS5A02G023100,2,0,2,2
TraesCS5A02G203500,2,0,2,2
TraesCS5A02G246000,4,2,2,2
TraesCS5B02G271200,4,2,2,2
TraesCS5D02G051700,3,1,2,2
TraesCS5D02G085500,3,1,2,2
TraesCS5D02G484500,2,0,2,2
TraesCS6A02G177100,2,0,2,2
TraesCS6A02G324900,3,1,2,2
TraesCS6B02G036100,3,1,2,2
TraesCS6B02G064600,3,1,2,2
TraesCS6B02G092300,3,1,2,2
TraesCS6B02G114500,3,1,2,2
TraesCS6B02G147000,3,1,2,2
TraesCS6D02G066100,3,1,2,2
TraesCS6D02G236400,2,0,2,2
TraesCS7A02G310200,2,0,2,2
TraesCS7B02G170600,2,0,2,2
TraesCS7B02G308200,5,3,2,2
TraesCS7D02G072200,8,6,2,2
TraesCS7D02G189800,13,11,2,2
TraesCS7D02G211500,3,1,2,2
TraesCS7D02G359600,4,2,2,2
TraesCS7D02G508500,5,3,2,2
TraesCS7D02G522100,5,3,2,2
TraesCSU02G110200,3,1,2,2
TraesCS1D02G078100,1,0,1,1
TraesCS1D02G302100,1,0,1,1
TraesCS2A02G144100,1,0,1,1
TraesCS2B02G168900,1,0,1,1
TraesCS3D02G504400,1,0,1,1
TraesCS4A02G053000,1,0,1,1
TraesCS4A02G214700,1,0,1,1
TraesCS4B02G101400,1,0,1,1
TraesCS4B02G251500,1,0,1,1
TraesCS4D02G098100,1,0,1,1
TraesCS4D02G251500,1,0,1,1
TraesCS5B02G073800,2,1,1,1
TraesCS5B02G095900,1,0,1,1
TraesCS5B02G510500,1,0,1,1
TraesCS5D02G372900,1,0,1,1
TraesCS5D02G496300,1,0,1,1
TraesCS5D02G515100,1,0,1,1
TraesCS6A02G213000,1,0,1,1
TraesCS6B02G440000,1,0,1,1
TraesCS6D02G384000,2,1,1,1
TraesCS1A02G272300,2,1,1,1
TraesCS1A02G314300,1,0,1,1
TraesCS1B02G282300,2,1,1,1
TraesCS1B02G326600,1,0,1,1
TraesCS1D02G314800,1,0,1,1
TraesCS1D02G418900,1,0,1,1
TraesCS2A02G417300,1,0,1,1
TraesCS2A02G503100,1,0,1,1
TraesCS2B02G572500,4,3,1,1
TraesCS2D02G414600,1,0,1,1
TraesCS3B02G293000,1,0,1,1
TraesCS3B02G412500,4,3,1,1
TraesCS4B02G299700,1,0,1,1
TraesCS4D02G002400,1,0,1,1
TraesCS5A02G141700,1,0,1,1
TraesCS5B02G344200,1,0,1,1
TraesCS6A02G306300,1,0,1,1
TraesCS6B02G334700,1,0,1,1
TraesCS6D02G285400,1,0,1,1
TraesCS7A02G128800,1,0,1,1
TraesCS7A02G158000,1,0,1,1
TraesCS7D02G158500,1,0,1,1
TraesCS1B02G173700,1,0,1,1
TraesCS2B02G519200,1,0,1,1
TraesCS2D02G491200,2,1,1,1
TraesCS2D02G548900,2,1,1,1
TraesCS3A02G292400,1,0,1,1
TraesCS3A02G442000,1,0,1,1
TraesCS3A02G449300,1,0,1,1
TraesCS3B02G190100,1,0,1,1
TraesCS3B02G475800,1,0,1,1
TraesCS3D02G292100,1,0,1,1
TraesCS6A02G113000,1,0,1,1
TraesCS7B02G138900,1,0,1,1
TraesCS7B02G363100,1,0,1,1
TraesCS2D02G245500,1,0,1,1
TraesCS6B02G218500,1,0,1,1
TraesCS6B02G308000,1,0,1,1
TraesCS2D02G270100,1,0,1,1
TraesCS4B02G230700,1,0,1,1
TraesCS4D02G231900,1,0,1,1
TraesCS4D02G006100,1,0,1,1
TraesCS7A02G354800,3,2,1,1
TraesCS1B02G100400,1,0,1,1
TraesCS1A02G083000,1,0,1,1
TraesCS1A02G193200,1,0,1,1
TraesCS1B02G113100,1,0,1,1
TraesCS1B02G208000,1,0,1,1
TraesCS1D02G196900,1,0,1,1
TraesCS4A02G060200,1,0,1,1
TraesCS5B02G264300,1,0,1,1
TraesCS5D02G272800,1,0,1,1
TraesCS6A02G288100,1,0,1,1
TraesCS6D02G357700,1,0,1,1
TraesCS7A02G245800,1,0,1,1
TraesCS7A02G340300,1,0,1,1
TraesCS7A02G543300,1,0,1,1
TraesCS7B02G251900,1,0,1,1
TraesCS7D02G308300,1,0,1,1
TraesCS7D02G347900,1,0,1,1
TraesCS3B02G470700,1,0,1,1
TraesCS5B02G032000,2,1,1,1
TraesCS5B02G516200,1,0,1,1
TraesCS7A02G218600,1,0,1,1
TraesCS7D02G220300,1,0,1,1
TraesCS1A02G334100,1,0,1,1
TraesCS2A02G591200,1,0,1,1
TraesCS2B02G118000,1,0,1,1
TraesCS2B02G249200,1,0,1,1
TraesCS3A02G532000,1,0,1,1
TraesCS5A02G251800,1,0,1,1
TraesCS5B02G249800,1,0,1,1
TraesCS5D02G259700,1,0,1,1
TraesCS6A02G287700,1,0,1,1
TraesCS6B02G270100,1,0,1,1
TraesCS6B02G317100,1,0,1,1
TraesCS6D02G236700,1,0,1,1
TraesCS6D02G268400,1,0,1,1
TraesCS1A02G097300,1,0,1,1
TraesCS2A02G561400,1,0,1,1
TraesCS2D02G386100,1,0,1,1
TraesCS3A02G274900,1,0,1,1
TraesCS3D02G274600,1,0,1,1
TraesCS3D02G544000,1,0,1,1
TraesCS4A02G364700,1,0,1,1
TraesCS5B02G508800,1,0,1,1
TraesCS5D02G508800,1,0,1,1
TraesCS6D02G221600,1,0,1,1
TraesCS4B02G245900,2,1,1,1
TraesCS5A02G371500,1,0,1,1
TraesCS1A02G445600,1,0,1,1
TraesCS1B02G444500,1,0,1,1
TraesCS1D02G453900,1,0,1,1
TraesCS2A02G102300,2,1,1,1
TraesCS2A02G199900,1,0,1,1
TraesCS2B02G227500,1,0,1,1
TraesCS2D02G207800,1,0,1,1
TraesCS3A02G178700,1,0,1,1
TraesCS3A02G246800,1,0,1,1
TraesCS3A02G423200,1,0,1,1
TraesCS3B02G205900,1,0,1,1
TraesCS3B02G272500,1,0,1,1
TraesCS3B02G458800,1,0,1,1
TraesCS3D02G244700,1,0,1,1
TraesCS3D02G418400,1,0,1,1
TraesCS4B02G037000,1,0,1,1
TraesCS4D02G034300,1,0,1,1
TraesCS4D02G222000,1,0,1,1
TraesCS5A02G488700,1,0,1,1
TraesCS5B02G142300,1,0,1,1
TraesCS5D02G431900,1,0,1,1
TraesCS6B02G310500,1,0,1,1
TraesCS7A02G228200,1,0,1,1
TraesCS7A02G402300,1,0,1,1
TraesCS7D02G226400,1,0,1,1
TraesCS2A02G163000,1,0,1,1
TraesCS2A02G283800,1,0,1,1
TraesCS2B02G300800,1,0,1,1
TraesCS2D02G282800,1,0,1,1
TraesCS3A02G433300,1,0,1,1
TraesCS4B02G306300,1,0,1,1
TraesCS1B02G442000,1,0,1,1
TraesCS1D02G287500,1,0,1,1
TraesCS3A02G352900,1,0,1,1
TraesCS3B02G385600,1,0,1,1
TraesCS3D02G347000,1,0,1,1
TraesCS7D02G216800,3,2,1,1
TraesCS5A02G043300,1,0,1,1
TraesCS5B02G047100,1,0,1,1
TraesCS5D02G052200,1,0,1,1
TraesCS6D02G315300,3,2,1,1
TraesCS1D02G310200,1,0,1,1
TraesCS6A02G157900,1,0,1,1
TraesCS1A02G327100,1,0,1,1
TraesCS1D02G329200,1,0,1,1
TraesCS3D02G297000,1,0,1,1
TraesCS1A02G262400,1,0,1,1
TraesCS2A02G297400,1,0,1,1
TraesCS4A02G036000,1,0,1,1
TraesCS4D02G268100,1,0,1,1
TraesCS6B02G233700,1,0,1,1
TraesCS2A02G099900,1,0,1,1
TraesCS4B02G175100,1,0,1,1
TraesCS3A02G461400,1,0,1,1
TraesCS4B02G320500,1,0,1,1
TraesCS5B02G452800,1,0,1,1
TraesCS7A02G257400,1,0,1,1
TraesCS1A02G258400,1,0,1,1
TraesCS2B02G277300,1,0,1,1
TraesCS2D02G259200,1,0,1,1
TraesCS3A02G361800,1,0,1,1
TraesCS3B02G394200,1,0,1,1
TraesCS6A02G007300,1,0,1,1
TraesCS6B02G012800,1,0,1,1
TraesCS4D02G163600,1,0,1,1
TraesCS6A02G329300,1,0,1,1
TraesCS6D02G308200,1,0,1,1
TraesCS2A02G214400,1,0,1,1
TraesCS2B02G217500,1,0,1,1
TraesCS3A02G360300,1,0,1,1
TraesCS3D02G220100,1,0,1,1
TraesCS4A02G039000,1,0,1,1
TraesCS4A02G176200,1,0,1,1
TraesCS4A02G176400,1,0,1,1
TraesCS4A02G271000,1,0,1,1
TraesCS4B02G141300,1,0,1,1
TraesCS4B02G266700,1,0,1,1
TraesCS4D02G127800,2,1,1,1
TraesCS4D02G136300,1,0,1,1
TraesCS4D02G266400,1,0,1,1
TraesCS4D02G360200,1,0,1,1
TraesCS5A02G080300,1,0,1,1
TraesCS5A02G481300,1,0,1,1
TraesCS5B02G326400,1,0,1,1
TraesCS5B02G417000,1,0,1,1
TraesCS5B02G494500,1,0,1,1
TraesCS5D02G092000,1,0,1,1
TraesCS7A02G014200,1,0,1,1
TraesCS2A02G238700,1,0,1,1
TraesCS2D02G435200,1,0,1,1
TraesCS7A02G165600,1,0,1,1
TraesCS5A02G375800,1,0,1,1
TraesCS5B02G378000,1,0,1,1
TraesCS5D02G385300,1,0,1,1
TraesCS1B02G351300,1,0,1,1
TraesCS1D02G341000,1,0,1,1
TraesCS2A02G305400,2,1,1,1
TraesCS2D02G303900,2,1,1,1
TraesCS5B02G225700,2,1,1,1
TraesCS1A02G219200,1,0,1,1
TraesCS1B02G232700,2,1,1,1
TraesCS4B02G305300,2,1,1,1
TraesCS5A02G316800,1,0,1,1
TraesCS5B02G317400,1,0,1,1
TraesCS5D02G235300,1,0,1,1
TraesCS2A02G401200,1,0,1,1
TraesCS5D02G320600,1,0,1,1
TraesCS2B02G419600,1,0,1,1
TraesCS2D02G087400,1,0,1,1
TraesCS3B02G438900,1,0,1,1
TraesCS3D02G280600,1,0,1,1
TraesCS3D02G289000,1,0,1,1
TraesCS4B02G239700,1,0,1,1
TraesCS4D02G239600,1,0,1,1
TraesCS5A02G383800,1,0,1,1
TraesCS5D02G553300,1,0,1,1
TraesCS6D02G083800,1,0,1,1
TraesCS6A02G017400,1,0,1,1
TraesCS3A02G434900,1,0,1,1
TraesCS4A02G058900,1,0,1,1
TraesCS1A02G264300,1,0,1,1
TraesCS1B02G144800,1,0,1,1
TraesCS1B02G273300,1,0,1,1
TraesCS1D02G127700,1,0,1,1
TraesCS1D02G262700,1,0,1,1
TraesCS2D02G181400,1,0,1,1
TraesCS4B02G245700,1,0,1,1
TraesCS4D02G341700,1,0,1,1
TraesCS5A02G117500,1,0,1,1
TraesCS5A02G286800,1,0,1,1
TraesCS5A02G391800,1,0,1,1
TraesCS5A02G515500,1,0,1,1
TraesCS5B02G286100,1,0,1,1
TraesCS5D02G294500,1,0,1,1
TraesCS6A02G259000,1,0,1,1
TraesCS6B02G286400,1,0,1,1
TraesCS6D02G014600,1,0,1,1
TraesCS6D02G293200,1,0,1,1
TraesCS7A02G260600,1,0,1,1
TraesCS7B02G158600,1,0,1,1
TraesCS7D02G261600,1,0,1,1
TraesCS1A02G251800,1,0,1,1
TraesCS1B02G399400,1,0,1,1
TraesCS1D02G068000,1,0,1,1
TraesCS1D02G251800,1,0,1,1
TraesCS1D02G323800,1,0,1,1
TraesCS2B02G122000,1,0,1,1
TraesCS2B02G514500,1,0,1,1
TraesCS3A02G073600,1,0,1,1
TraesCS3B02G518100,1,0,1,1
TraesCS4A02G390500,1,0,1,1
TraesCS4D02G079700,1,0,1,1
TraesCS4D02G100800,1,0,1,1
TraesCS4D02G278100,1,0,1,1
TraesCS5B02G365700,1,0,1,1
TraesCS6A02G066800,1,0,1,1
TraesCS6A02G304600,1,0,1,1
TraesCS6B02G023600,1,0,1,1
TraesCS6B02G024000,1,0,1,1
TraesCS6B02G024400,1,0,1,1
TraesCS6B02G024800,1,0,1,1
TraesCS6B02G025100,1,0,1,1
TraesCS6B02G025700,1,0,1,1
TraesCS6B02G025800,1,0,1,1
TraesCS6B02G027700,1,0,1,1
TraesCS6B02G028000,1,0,1,1
TraesCS6B02G029100,1,0,1,1
TraesCS6B02G037100,1,0,1,1
TraesCS6B02G045400,1,0,1,1
TraesCS6B02G052800,1,0,1,1
TraesCS6B02G059600,1,0,1,1
TraesCS6B02G077200,1,0,1,1
TraesCS6B02G078100,1,0,1,1
TraesCS6B02G219200,1,0,1,1
TraesCS6B02G244200,1,0,1,1
TraesCS6B02G297700,1,0,1,1
TraesCS6B02G395400,1,0,1,1
TraesCS6D02G019700,1,0,1,1
TraesCS6D02G020800,1,0,1,1
TraesCS6D02G034900,1,0,1,1
TraesCS6D02G037000,1,0,1,1
TraesCS6D02G043300,1,0,1,1
TraesCS6D02G067800,1,0,1,1
TraesCS6D02G283900,1,0,1,1
TraesCS7A02G183200,1,0,1,1
TraesCS7B02G087800,1,0,1,1
TraesCS7B02G087900,1,0,1,1
TraesCS7B02G088500,1,0,1,1
TraesCS7B02G144700,1,0,1,1
TraesCS7B02G362000,1,0,1,1
TraesCS3A02G105800,1,0,1,1
TraesCS7A02G017600,1,0,1,1
TraesCS7A02G553800,1,0,1,1
TraesCS1A02G129300,1,0,1,1
TraesCS1A02G420500,1,0,1,1
TraesCS1B02G287700,1,0,1,1
TraesCS1B02G293300,1,0,1,1
TraesCS1D02G308600,1,0,1,1
TraesCS2A02G152700,1,0,1,1
TraesCS2A02G370300,1,0,1,1
TraesCS2A02G370400,1,0,1,1
TraesCS2A02G381900,1,0,1,1
TraesCS2A02G456600,2,1,1,1
TraesCS2B02G183100,1,0,1,1
TraesCS2B02G184500,1,0,1,1
TraesCS2D02G378400,1,0,1,1
TraesCS3A02G211500,1,0,1,1
TraesCS3A02G336500,1,0,1,1
TraesCS3A02G375500,2,1,1,1
TraesCS3A02G384400,1,0,1,1
TraesCS3B02G391900,1,0,1,1
TraesCS3D02G107800,1,0,1,1
TraesCS3D02G109800,1,0,1,1
TraesCS3D02G214200,1,0,1,1
TraesCS3D02G329400,1,0,1,1
TraesCS3D02G353500,1,0,1,1
TraesCS4A02G131700,1,0,1,1
TraesCS4A02G261600,1,0,1,1
TraesCS4A02G452600,1,0,1,1
TraesCS4B02G053000,1,0,1,1
TraesCS4B02G172900,1,0,1,1
TraesCS4D02G053300,1,0,1,1
TraesCS4D02G175000,1,0,1,1
TraesCS5A02G005500,1,0,1,1
TraesCS5B02G330100,1,0,1,1
TraesCS5B02G377500,1,0,1,1
TraesCS5D02G048400,1,0,1,1
TraesCS5D02G128200,2,1,1,1
TraesCS5D02G183000,1,0,1,1
TraesCS6A02G198000,1,0,1,1
TraesCS6A02G261100,1,0,1,1
TraesCS6B02G201700,1,0,1,1
TraesCS7A02G036100,1,0,1,1
TraesCS7A02G145200,1,0,1,1
TraesCS7A02G247200,1,0,1,1
TraesCS7A02G470700,1,0,1,1
TraesCS7B02G127800,1,0,1,1
TraesCS7B02G206300,1,0,1,1
TraesCS7B02G385700,1,0,1,1
TraesCS7D02G032700,1,0,1,1
TraesCS7D02G302800,1,0,1,1
TraesCS7D02G514800,1,0,1,1
TraesCS1A02G263700,1,0,1,1
TraesCS1A02G266300,2,1,1,1
TraesCS1D02G263800,1,0,1,1
TraesCS1D02G266500,2,1,1,1
TraesCS2A02G338300,1,0,1,1
TraesCS2B02G067400,1,0,1,1
TraesCS2B02G343600,1,0,1,1
TraesCS2B02G355600,1,0,1,1
TraesCS2B02G616900,1,0,1,1
TraesCS2D02G324700,1,0,1,1
TraesCS2D02G334800,1,0,1,1
TraesCS2D02G567000,1,0,1,1
TraesCS3A02G078400,3,2,1,1
TraesCS3A02G245900,1,0,1,1
TraesCS3B02G092800,9,8,1,1
TraesCS3B02G472800,1,0,1,1
TraesCS3D02G183900,1,0,1,1
TraesCS4A02G130600,1,0,1,1
TraesCS4D02G094400,1,0,1,1
TraesCS5D02G148900,5,4,1,1
TraesCS6A02G378500,1,0,1,1
TraesCS6D02G390200,1,0,1,1
TraesCS7D02G451700,2,1,1,1
TraesCSU02G135000,1,0,1,1
TraesCS1A02G192800,1,0,1,1
TraesCS4A02G200200,1,0,1,1
TraesCS4B02G115100,1,0,1,1
TraesCS4B02G198700,1,0,1,1
TraesCS4D02G112800,1,0,1,1
TraesCS7B02G162700,1,0,1,1
TraesCS2B02G422400,2,1,1,1
TraesCS5A02G349500,1,0,1,1
TraesCS5D02G355900,1,0,1,1
TraesCS2B02G309100,1,0,1,1
TraesCS2D02G290500,1,0,1,1
TraesCS1A02G255300,1,0,1,1
TraesCS3D02G425800,1,0,1,1
TraesCS4A02G359500,1,0,1,1
TraesCS5B02G512800,1,0,1,1
TraesCS5D02G513300,1,0,1,1
TraesCS6B02G183400,1,0,1,1
TraesCS7A02G249100,1,0,1,1
TraesCS7B02G142200,1,0,1,1
TraesCS4D02G154500,1,0,1,1
TraesCS5A02G114700,2,1,1,1
TraesCS3A02G413600,1,0,1,1
TraesCS3B02G448000,1,0,1,1
TraesCS6A02G107300,1,0,1,1
TraesCS6D02G095400,1,0,1,1
TraesCS5D02G211200,1,0,1,1
TraesCS6D02G108700,1,0,1,1
TraesCS7A02G422900,2,1,1,1
TraesCS1A02G333900,1,0,1,1
TraesCS4B02G166400,1,0,1,1
TraesCS7B02G227000,1,0,1,1
TraesCS3B02G326500,1,0,1,1
TraesCS6D02G121500,1,0,1,1
TraesCS2A02G182700,1,0,1,1
TraesCS2B02G209200,1,0,1,1
TraesCS2B02G454300,3,2,1,1
TraesCS3B02G595800,1,0,1,1
TraesCS3D02G029100,1,0,1,1
TraesCS3D02G173300,1,0,1,1
TraesCS3D02G532800,1,0,1,1
TraesCS4D02G151700,1,0,1,1
TraesCS5A02G059100,1,0,1,1
TraesCS5B02G154900,1,0,1,1
TraesCS5B02G384600,2,1,1,1
TraesCS5D02G390800,2,1,1,1
TraesCS7B02G240000,1,0,1,1
TraesCS7D02G124300,1,0,1,1
TraesCS3A02G538000,1,0,1,1
TraesCS3B02G603400,1,0,1,1
TraesCS3D02G543400,1,0,1,1
TraesCS1A02G050100,1,0,1,1
TraesCS1A02G060500,1,0,1,1
TraesCS1A02G070300,1,0,1,1
TraesCS1A02G071800,1,0,1,1
TraesCS1A02G078800,1,0,1,1
TraesCS1A02G088200,1,0,1,1
TraesCS1A02G091300,1,0,1,1
TraesCS1A02G115200,2,1,1,1
TraesCS1A02G125000,1,0,1,1
TraesCS1A02G131500,1,0,1,1
TraesCS1A02G165700,1,0,1,1
TraesCS1A02G168800,1,0,1,1
TraesCS1A02G184100,1,0,1,1
TraesCS1A02G205300,1,0,1,1
TraesCS1A02G216200,1,0,1,1
TraesCS1A02G230100,1,0,1,1
TraesCS1A02G233600,1,0,1,1
TraesCS1A02G239000,1,0,1,1
TraesCS1A02G254100,1,0,1,1
TraesCS1A02G275300,1,0,1,1
TraesCS1A02G288400,1,0,1,1
TraesCS1A02G298900,1,0,1,1
TraesCS1A02G305900,1,0,1,1
TraesCS1A02G323400,1,0,1,1
TraesCS1A02G342500,1,0,1,1
TraesCS1A02G344000,1,0,1,1
TraesCS1A02G357900,1,0,1,1
TraesCS1A02G362000,1,0,1,1
TraesCS1A02G403000,1,0,1,1
TraesCS1A02G403500,2,1,1,1
TraesCS1B02G127600,1,0,1,1
TraesCS1B02G176000,1,0,1,1
TraesCS1B02G205600,1,0,1,1
TraesCS1B02G215400,1,0,1,1
TraesCS1B02G230900,1,0,1,1
TraesCS1B02G235000,1,0,1,1
TraesCS1B02G257500,1,0,1,1
TraesCS1B02G265500,1,0,1,1
TraesCS1B02G284400,1,0,1,1
TraesCS1B02G290900,1,0,1,1
TraesCS1B02G334600,1,0,1,1
TraesCS1B02G362900,1,0,1,1
TraesCS1B02G381000,1,0,1,1
TraesCS1B02G383400,1,0,1,1
TraesCS1B02G393400,1,0,1,1
TraesCS1B02G399000,1,0,1,1
TraesCS1B02G413300,4,3,1,1
TraesCS1B02G428800,1,0,1,1
TraesCS1B02G459500,1,0,1,1
TraesCS1B02G465100,1,0,1,1
TraesCS1D02G034700,1,0,1,1
TraesCS1D02G047900,1,0,1,1
TraesCS1D02G048600,1,0,1,1
TraesCS1D02G078400,1,0,1,1
TraesCS1D02G087800,1,0,1,1
TraesCS1D02G095900,2,1,1,1
TraesCS1D02G099900,1,0,1,1
TraesCS1D02G100100,3,2,1,1
TraesCS1D02G104900,4,3,1,1
TraesCS1D02G124000,1,0,1,1
TraesCS1D02G126700,1,0,1,1
TraesCS1D02G136400,1,0,1,1
TraesCS1D02G147200,3,2,1,1
TraesCS1D02G150300,1,0,1,1
TraesCS1D02G158000,1,0,1,1
TraesCS1D02G175900,1,0,1,1
TraesCS1D02G204400,1,0,1,1
TraesCS1D02G204900,1,0,1,1
TraesCS1D02G232500,2,1,1,1
TraesCS1D02G264300,1,0,1,1
TraesCS1D02G270600,1,0,1,1
TraesCS1D02G274800,1,0,1,1
TraesCS1D02G274900,1,0,1,1
TraesCS1D02G305600,1,0,1,1
TraesCS1D02G318900,1,0,1,1
TraesCS1D02G324200,1,0,1,1
TraesCS1D02G351200,2,1,1,1
TraesCS1D02G361600,1,0,1,1
TraesCS1D02G364800,1,0,1,1
TraesCS1D02G406300,1,0,1,1
TraesCS1D02G409800,1,0,1,1
TraesCS1D02G439600,1,0,1,1
TraesCS2A02G007900,1,0,1,1
TraesCS2A02G013500,1,0,1,1
TraesCS2A02G022100,1,0,1,1
TraesCS2A02G025300,1,0,1,1
TraesCS2A02G033500,1,0,1,1
TraesCS2A02G069800,1,0,1,1
TraesCS2A02G092500,6,5,1,1
TraesCS2A02G117600,1,0,1,1
TraesCS2A02G122000,1,0,1,1
TraesCS2A02G141400,1,0,1,1
TraesCS2A02G149100,2,1,1,1
TraesCS2A02G153700,1,0,1,1
TraesCS2A02G169100,1,0,1,1
TraesCS2A02G175800,1,0,1,1
TraesCS2A02G190900,1,0,1,1
TraesCS2A02G192700,1,0,1,1
TraesCS2A02G216700,1,0,1,1
TraesCS2A02G225300,1,0,1,1
TraesCS2A02G233400,1,0,1,1
TraesCS2A02G251900,1,0,1,1
TraesCS2A02G270000,1,0,1,1
TraesCS2A02G280100,1,0,1,1
TraesCS2A02G289200,1,0,1,1
TraesCS2A02G299800,1,0,1,1
TraesCS2A02G306700,1,0,1,1
TraesCS2A02G316400,1,0,1,1
TraesCS2A02G318200,1,0,1,1
TraesCS2A02G324900,1,0,1,1
TraesCS2A02G325500,1,0,1,1
TraesCS2A02G337400,9,8,1,1
TraesCS2A02G352100,2,1,1,1
TraesCS2A02G452700,3,2,1,1
TraesCS2A02G453700,1,0,1,1
TraesCS2A02G478300,1,0,1,1
TraesCS2A02G488300,1,0,1,1
TraesCS2A02G514400,1,0,1,1
TraesCS2A02G550200,1,0,1,1
TraesCS2B02G012800,1,0,1,1
TraesCS2B02G083000,1,0,1,1
TraesCS2B02G093900,1,0,1,1
TraesCS2B02G116700,1,0,1,1
TraesCS2B02G135500,1,0,1,1
TraesCS2B02G159500,1,0,1,1
TraesCS2B02G175500,1,0,1,1
TraesCS2B02G191200,1,0,1,1
TraesCS2B02G194200,5,4,1,1
TraesCS2B02G229600,2,1,1,1
TraesCS2B02G248900,1,0,1,1
TraesCS2B02G249900,1,0,1,1
TraesCS2B02G252300,1,0,1,1
TraesCS2B02G271800,1,0,1,1
TraesCS2B02G308200,1,0,1,1
TraesCS2B02G339200,1,0,1,1
TraesCS2B02G367400,1,0,1,1
TraesCS2B02G391600,1,0,1,1
TraesCS2B02G393000,1,0,1,1
TraesCS2B02G421100,2,1,1,1
TraesCS2B02G443600,1,0,1,1
TraesCS2B02G449300,2,1,1,1
TraesCS2B02G455700,1,0,1,1
TraesCS2B02G463900,1,0,1,1
TraesCS2B02G542200,1,0,1,1
TraesCS2B02G551100,1,0,1,1
TraesCS2B02G572800,1,0,1,1
TraesCS2B02G595400,1,0,1,1
TraesCS2D02G011400,1,0,1,1
TraesCS2D02G012000,1,0,1,1
TraesCS2D02G022900,1,0,1,1
TraesCS2D02G034700,1,0,1,1
TraesCS2D02G155200,1,0,1,1
TraesCS2D02G155500,1,0,1,1
TraesCS2D02G159100,1,0,1,1
TraesCS2D02G168100,2,1,1,1
TraesCS2D02G179400,1,0,1,1
TraesCS2D02G205500,1,0,1,1
TraesCS2D02G214900,1,0,1,1
TraesCS2D02G231800,1,0,1,1
TraesCS2D02G232200,1,0,1,1
TraesCS2D02G236800,1,0,1,1
TraesCS2D02G242500,1,0,1,1
TraesCS2D02G252700,1,0,1,1
TraesCS2D02G269000,1,0,1,1
TraesCS2D02G283300,1,0,1,1
TraesCS2D02G287200,1,0,1,1
TraesCS2D02G314300,1,0,1,1
TraesCS2D02G369100,1,0,1,1
TraesCS2D02G372300,1,0,1,1
TraesCS2D02G397800,1,0,1,1
TraesCS2D02G463700,1,0,1,1
TraesCS2D02G472800,1,0,1,1
TraesCS2D02G481300,1,0,1,1
TraesCS2D02G482500,1,0,1,1
TraesCS2D02G505600,1,0,1,1
TraesCS2D02G523100,1,0,1,1
TraesCS2D02G600600,1,0,1,1
TraesCS3A02G048300,2,1,1,1
TraesCS3A02G055100,1,0,1,1
TraesCS3A02G079400,1,0,1,1
TraesCS3A02G130000,1,0,1,1
TraesCS3A02G140200,1,0,1,1
TraesCS3A02G169200,1,0,1,1
TraesCS3A02G171000,2,1,1,1
TraesCS3A02G181500,1,0,1,1
TraesCS3A02G201000,1,0,1,1
TraesCS3A02G207200,1,0,1,1
TraesCS3A02G208700,1,0,1,1
TraesCS3A02G219100,1,0,1,1
TraesCS3A02G222300,1,0,1,1
TraesCS3A02G269200,1,0,1,1
TraesCS3A02G294500,1,0,1,1
TraesCS3A02G305400,1,0,1,1
TraesCS3A02G315800,1,0,1,1
TraesCS3A02G357300,1,0,1,1
TraesCS3A02G362900,1,0,1,1
TraesCS3A02G383600,1,0,1,1
TraesCS3A02G405900,1,0,1,1
TraesCS3A02G406400,1,0,1,1
TraesCS3A02G433400,1,0,1,1
TraesCS3A02G457400,1,0,1,1
TraesCS3A02G507500,1,0,1,1
TraesCS3A02G513800,1,0,1,1
TraesCS3B02G046100,1,0,1,1
TraesCS3B02G047300,1,0,1,1
TraesCS3B02G102400,1,0,1,1
TraesCS3B02G111000,1,0,1,1
TraesCS3B02G141300,1,0,1,1
TraesCS3B02G174100,1,0,1,1
TraesCS3B02G175300,1,0,1,1
TraesCS3B02G197700,1,0,1,1
TraesCS3B02G211500,1,0,1,1
TraesCS3B02G241300,1,0,1,1
TraesCS3B02G246700,1,0,1,1
TraesCS3B02G260000,1,0,1,1
TraesCS3B02G260600,1,0,1,1
TraesCS3B02G262500,1,0,1,1
TraesCS3B02G265200,2,1,1,1
TraesCS3B02G269100,5,4,1,1
TraesCS3B02G269400,1,0,1,1
TraesCS3B02G280000,1,0,1,1
TraesCS3B02G307900,1,0,1,1
TraesCS3B02G311600,1,0,1,1
TraesCS3B02G340200,1,0,1,1
TraesCS3B02G342400,1,0,1,1
TraesCS3B02G353800,1,0,1,1
TraesCS3B02G365400,1,0,1,1
TraesCS3B02G371100,1,0,1,1
TraesCS3B02G376000,1,0,1,1
TraesCS3B02G378200,1,0,1,1
TraesCS3B02G383300,1,0,1,1
TraesCS3B02G389700,2,1,1,1
TraesCS3B02G395300,1,0,1,1
TraesCS3B02G397400,1,0,1,1
TraesCS3B02G399200,1,0,1,1
TraesCS3B02G413800,1,0,1,1
TraesCS3B02G426100,1,0,1,1
TraesCS3B02G440100,1,0,1,1
TraesCS3B02G440500,1,0,1,1
TraesCS3B02G455000,1,0,1,1
TraesCS3B02G457300,1,0,1,1
TraesCS3B02G469200,1,0,1,1
TraesCS3B02G471800,1,0,1,1
TraesCS3B02G582500,1,0,1,1
TraesCS3D02G028300,12,11,1,1
TraesCS3D02G076300,1,0,1,1
TraesCS3D02G079300,1,0,1,1
TraesCS3D02G106100,1,0,1,1
TraesCS3D02G109600,1,0,1,1
TraesCS3D02G113100,1,0,1,1
TraesCS3D02G134100,1,0,1,1
TraesCS3D02G135900,1,0,1,1
TraesCS3D02G158300,1,0,1,1
TraesCS3D02G170900,2,1,1,1
TraesCS3D02G186300,1,0,1,1
TraesCS3D02G213900,2,1,1,1
TraesCS3D02G219900,1,0,1,1
TraesCS3D02G226400,1,0,1,1
TraesCS3D02G250900,1,0,1,1
TraesCS3D02G252100,1,0,1,1
TraesCS3D02G284600,1,0,1,1
TraesCS3D02G294300,1,0,1,1
TraesCS3D02G300100,1,0,1,1
TraesCS3D02G308100,1,0,1,1
TraesCS3D02G337700,1,0,1,1
TraesCS3D02G360400,1,0,1,1
TraesCS3D02G376500,1,0,1,1
TraesCS3D02G403400,1,0,1,1
TraesCS3D02G424100,2,1,1,1
TraesCS3D02G442100,1,0,1,1
TraesCS3D02G457600,2,1,1,1
TraesCS3D02G459700,1,0,1,1
TraesCS3D02G465500,1,0,1,1
TraesCS3D02G509900,1,0,1,1
TraesCS3D02G511600,43,42,1,1
TraesCS4A02G016800,1,0,1,1
TraesCS4A02G029800,1,0,1,1
TraesCS4A02G031600,1,0,1,1
TraesCS4A02G035300,1,0,1,1
TraesCS4A02G059300,1,0,1,1
TraesCS4A02G064000,1,0,1,1
TraesCS4A02G081100,1,0,1,1
TraesCS4A02G084600,1,0,1,1
TraesCS4A02G089500,1,0,1,1
TraesCS4A02G096900,1,0,1,1
TraesCS4A02G103200,1,0,1,1
TraesCS4A02G113200,1,0,1,1
TraesCS4A02G119100,1,0,1,1
TraesCS4A02G120000,1,0,1,1
TraesCS4A02G122400,1,0,1,1
TraesCS4A02G142800,1,0,1,1
TraesCS4A02G193700,1,0,1,1
TraesCS4A02G218100,1,0,1,1
TraesCS4A02G239000,3,2,1,1
TraesCS4A02G255400,1,0,1,1
TraesCS4A02G257500,1,0,1,1
TraesCS4A02G263900,1,0,1,1
TraesCS4A02G264600,3,2,1,1
TraesCS4A02G273200,1,0,1,1
TraesCS4A02G290200,1,0,1,1
TraesCS4A02G290300,1,0,1,1
TraesCS4A02G321300,1,0,1,1
TraesCS4A02G325100,2,1,1,1
TraesCS4A02G325600,1,0,1,1
TraesCS4A02G339600,1,0,1,1
TraesCS4A02G351300,2,1,1,1
TraesCS4A02G354500,1,0,1,1
TraesCS4A02G361500,2,1,1,1
TraesCS4A02G409000,1,0,1,1
TraesCS4A02G444200,1,0,1,1
TraesCS4A02G460000,1,0,1,1
TraesCS4B02G008200,1,0,1,1
TraesCS4B02G010300,1,0,1,1
TraesCS4B02G010800,2,1,1,1
TraesCS4B02G013500,1,0,1,1
TraesCS4B02G054400,1,0,1,1
TraesCS4B02G063200,1,0,1,1
TraesCS4B02G100200,1,0,1,1
TraesCS4B02G132600,1,0,1,1
TraesCS4B02G139700,1,0,1,1
TraesCS4B02G151800,1,0,1,1
TraesCS4B02G155200,3,2,1,1
TraesCS4B02G168900,1,0,1,1
TraesCS4B02G179100,1,0,1,1
TraesCS4B02G190400,1,0,1,1
TraesCS4B02G191000,1,0,1,1
TraesCS4B02G212700,1,0,1,1
TraesCS4B02G216900,1,0,1,1
TraesCS4B02G220400,1,0,1,1
TraesCS4B02G222700,1,0,1,1
TraesCS4B02G228900,1,0,1,1
TraesCS4B02G238800,1,0,1,1
TraesCS4B02G258200,1,0,1,1
TraesCS4B02G264100,2,1,1,1
TraesCS4B02G268000,1,0,1,1
TraesCS4B02G287300,1,0,1,1
TraesCS4B02G292100,1,0,1,1
TraesCS4B02G307800,1,0,1,1
TraesCS4B02G324400,1,0,1,1
TraesCS4B02G325900,1,0,1,1
TraesCS4D02G002500,1,0,1,1
TraesCS4D02G009000,1,0,1,1
TraesCS4D02G011300,1,0,1,1
TraesCS4D02G017500,1,0,1,1
TraesCS4D02G022600,1,0,1,1
TraesCS4D02G023600,1,0,1,1
TraesCS4D02G034000,1,0,1,1
TraesCS4D02G044700,1,0,1,1
TraesCS4D02G084000,1,0,1,1
TraesCS4D02G084800,1,0,1,1
TraesCS4D02G094200,1,0,1,1
TraesCS4D02G095200,1,0,1,1
TraesCS4D02G096900,1,0,1,1
TraesCS4D02G119600,1,0,1,1
TraesCS4D02G163000,1,0,1,1
TraesCS4D02G180500,1,0,1,1
TraesCS4D02G183700,1,0,1,1
TraesCS4D02G187200,1,0,1,1
TraesCS4D02G191700,1,0,1,1
TraesCS4D02G208400,1,0,1,1
TraesCS4D02G209300,1,0,1,1
TraesCS4D02G214200,1,0,1,1
TraesCS4D02G214700,1,0,1,1
TraesCS4D02G220000,1,0,1,1
TraesCS4D02G220200,1,0,1,1
TraesCS4D02G223300,1,0,1,1
TraesCS4D02G235200,2,1,1,1
TraesCS4D02G253300,1,0,1,1
TraesCS4D02G253400,1,0,1,1
TraesCS4D02G274600,1,0,1,1
TraesCS4D02G277500,2,1,1,1
TraesCS4D02G288100,6,5,1,1
TraesCS4D02G290800,1,0,1,1
TraesCS4D02G299000,1,0,1,1
TraesCS4D02G304600,1,0,1,1
TraesCS4D02G312200,1,0,1,1
TraesCS4D02G342700,1,0,1,1
TraesCS4D02G352900,1,0,1,1
TraesCS4D02G364100,1,0,1,1
TraesCS5A02G000900,1,0,1,1
TraesCS5A02G007400,4,3,1,1
TraesCS5A02G015600,1,0,1,1
TraesCS5A02G035100,1,0,1,1
TraesCS5A02G056000,1,0,1,1
TraesCS5A02G059300,1,0,1,1
TraesCS5A02G065800,3,2,1,1
TraesCS5A02G067800,1,0,1,1
TraesCS5A02G085100,1,0,1,1
TraesCS5A02G085700,1,0,1,1
TraesCS5A02G093500,2,1,1,1
TraesCS5A02G094300,1,0,1,1
TraesCS5A02G113200,1,0,1,1
TraesCS5A02G116500,1,0,1,1
TraesCS5A02G118600,1,0,1,1
TraesCS5A02G122900,1,0,1,1
TraesCS5A02G123900,1,0,1,1
TraesCS5A02G135500,1,0,1,1
TraesCS5A02G144300,1,0,1,1
TraesCS5A02G162900,1,0,1,1
TraesCS5A02G177500,1,0,1,1
TraesCS5A02G177800,1,0,1,1
TraesCS5A02G182200,1,0,1,1
TraesCS5A02G184100,1,0,1,1
TraesCS5A02G213800,1,0,1,1
TraesCS5A02G221800,1,0,1,1
TraesCS5A02G248700,1,0,1,1
TraesCS5A02G253400,1,0,1,1
TraesCS5A02G258300,2,1,1,1
TraesCS5A02G272500,1,0,1,1
TraesCS5A02G282300,1,0,1,1
TraesCS5A02G285400,1,0,1,1
TraesCS5A02G375700,1,0,1,1
TraesCS5A02G376700,1,0,1,1
TraesCS5A02G385300,1,0,1,1
TraesCS5A02G413300,1,0,1,1
TraesCS5A02G417500,1,0,1,1
TraesCS5A02G421900,1,0,1,1
TraesCS5A02G483500,1,0,1,1
TraesCS5A02G487200,1,0,1,1
TraesCS5A02G498100,1,0,1,1
TraesCS5A02G509900,3,2,1,1
TraesCS5A02G516400,1,0,1,1
TraesCS5A02G529100,1,0,1,1
TraesCS5B02G028900,1,0,1,1
TraesCS5B02G042500,1,0,1,1
TraesCS5B02G072100,1,0,1,1
TraesCS5B02G078300,3,2,1,1
TraesCS5B02G078600,1,0,1,1
TraesCS5B02G100400,1,0,1,1
TraesCS5B02G117400,1,0,1,1
TraesCS5B02G131200,1,0,1,1
TraesCS5B02G131300,1,0,1,1
TraesCS5B02G134400,1,0,1,1
TraesCS5B02G136500,1,0,1,1
TraesCS5B02G151000,1,0,1,1
TraesCS5B02G154800,1,0,1,1
TraesCS5B02G168600,2,1,1,1
TraesCS5B02G181600,1,0,1,1
TraesCS5B02G182200,1,0,1,1
TraesCS5B02G187500,1,0,1,1
TraesCS5B02G189500,1,0,1,1
TraesCS5B02G190100,1,0,1,1
TraesCS5B02G190500,5,4,1,1
TraesCS5B02G192100,1,0,1,1
TraesCS5B02G198200,1,0,1,1
TraesCS5B02G206200,1,0,1,1
TraesCS5B02G231100,1,0,1,1
TraesCS5B02G274500,1,0,1,1
TraesCS5B02G290900,1,0,1,1
TraesCS5B02G309100,1,0,1,1
TraesCS5B02G388300,1,0,1,1
TraesCS5B02G390300,1,0,1,1
TraesCS5B02G447600,1,0,1,1
TraesCS5B02G453400,3,2,1,1
TraesCS5B02G483200,1,0,1,1
TraesCS5B02G505700,2,1,1,1
TraesCS5B02G506200,1,0,1,1
TraesCS5B02G507100,1,0,1,1
TraesCS5B02G526900,1,0,1,1
TraesCS5D02G012500,7,6,1,1
TraesCS5D02G033800,1,0,1,1
TraesCS5D02G071300,1,0,1,1
TraesCS5D02G072400,1,0,1,1
TraesCS5D02G099200,1,0,1,1
TraesCS5D02G099800,1,0,1,1
TraesCS5D02G106600,1,0,1,1
TraesCS5D02G108800,1,0,1,1
TraesCS5D02G128000,1,0,1,1
TraesCS5D02G132200,1,0,1,1
TraesCS5D02G142100,1,0,1,1
TraesCS5D02G145500,1,0,1,1
TraesCS5D02G157600,1,0,1,1
TraesCS5D02G167900,1,0,1,1
TraesCS5D02G168100,1,0,1,1
TraesCS5D02G184200,1,0,1,1
TraesCS5D02G199800,1,0,1,1
TraesCS5D02G214200,1,0,1,1
TraesCS5D02G252600,2,1,1,1
TraesCS5D02G255800,1,0,1,1
TraesCS5D02G280500,1,0,1,1
TraesCS5D02G283100,1,0,1,1
TraesCS5D02G292800,1,0,1,1
TraesCS5D02G386800,1,0,1,1
TraesCS5D02G394500,1,0,1,1
TraesCS5D02G395300,1,0,1,1
TraesCS5D02G398400,1,0,1,1
TraesCS5D02G402300,1,0,1,1
TraesCS5D02G424700,1,0,1,1
TraesCS5D02G472400,1,0,1,1
TraesCS5D02G490100,1,0,1,1
TraesCS5D02G501100,1,0,1,1
TraesCS5D02G517600,1,0,1,1
TraesCS5D02G545500,1,0,1,1
TraesCS5D02G565100,1,0,1,1
TraesCS6A02G046300,1,0,1,1
TraesCS6A02G062300,1,0,1,1
TraesCS6A02G066700,2,1,1,1
TraesCS6A02G077100,1,0,1,1
TraesCS6A02G109000,1,0,1,1
TraesCS6A02G124100,1,0,1,1
TraesCS6A02G149300,1,0,1,1
TraesCS6A02G154400,1,0,1,1
TraesCS6A02G169600,1,0,1,1
TraesCS6A02G201100,1,0,1,1
TraesCS6A02G209200,2,1,1,1
TraesCS6A02G235300,1,0,1,1
TraesCS6A02G240200,2,1,1,1
TraesCS6A02G269400,1,0,1,1
TraesCS6A02G277400,2,1,1,1
TraesCS6A02G295800,4,3,1,1
TraesCS6A02G300200,1,0,1,1
TraesCS6A02G344800,1,0,1,1
TraesCS6A02G363000,1,0,1,1
TraesCS6A02G380400,3,2,1,1
TraesCS6A02G407700,1,0,1,1
TraesCS6A02G419700,1,0,1,1
TraesCS6A02G420000,1,0,1,1
TraesCS6B02G090400,1,0,1,1
TraesCS6B02G098100,1,0,1,1
TraesCS6B02G101300,1,0,1,1
TraesCS6B02G102800,1,0,1,1
TraesCS6B02G103200,2,1,1,1
TraesCS6B02G106100,1,0,1,1
TraesCS6B02G114800,1,0,1,1
TraesCS6B02G118100,1,0,1,1
TraesCS6B02G125000,1,0,1,1
TraesCS6B02G130700,1,0,1,1
TraesCS6B02G135900,1,0,1,1
TraesCS6B02G144800,1,0,1,1
TraesCS6B02G151200,2,1,1,1
TraesCS6B02G188100,1,0,1,1
TraesCS6B02G194700,1,0,1,1
TraesCS6B02G207100,1,0,1,1
TraesCS6B02G225000,1,0,1,1
TraesCS6B02G231000,1,0,1,1
TraesCS6B02G237100,1,0,1,1
TraesCS6B02G249900,1,0,1,1
TraesCS6B02G256000,1,0,1,1
TraesCS6B02G257600,1,0,1,1
TraesCS6B02G269200,1,0,1,1
TraesCS6B02G279300,1,0,1,1
TraesCS6B02G284400,3,2,1,1
TraesCS6B02G297300,1,0,1,1
TraesCS6B02G305400,1,0,1,1
TraesCS6B02G316000,1,0,1,1
TraesCS6B02G327600,1,0,1,1
TraesCS6B02G339100,1,0,1,1
TraesCS6B02G345800,1,0,1,1
TraesCS6B02G355200,8,7,1,1
TraesCS6B02G382000,1,0,1,1
TraesCS6B02G413500,1,0,1,1
TraesCS6B02G423100,1,0,1,1
TraesCS6B02G431500,1,0,1,1
TraesCS6B02G450700,1,0,1,1
TraesCS6B02G453100,1,0,1,1
TraesCS6D02G005200,1,0,1,1
TraesCS6D02G028500,1,0,1,1
TraesCS6D02G043400,1,0,1,1
TraesCS6D02G057300,1,0,1,1
TraesCS6D02G065600,2,1,1,1
TraesCS6D02G072600,1,0,1,1
TraesCS6D02G076300,2,1,1,1
TraesCS6D02G094300,1,0,1,1
TraesCS6D02G097400,1,0,1,1
TraesCS6D02G114400,1,0,1,1
TraesCS6D02G138800,1,0,1,1
TraesCS6D02G151400,1,0,1,1
TraesCS6D02G152800,1,0,1,1
TraesCS6D02G154300,1,0,1,1
TraesCS6D02G155800,1,0,1,1
TraesCS6D02G159400,1,0,1,1
TraesCS6D02G167000,1,0,1,1
TraesCS6D02G174800,1,0,1,1
TraesCS6D02G201500,1,0,1,1
TraesCS6D02G210400,1,0,1,1
TraesCS6D02G212100,1,0,1,1
TraesCS6D02G224800,1,0,1,1
TraesCS6D02G229000,1,0,1,1
TraesCS6D02G230400,1,0,1,1
TraesCS6D02G234900,1,0,1,1
TraesCS6D02G237400,1,0,1,1
TraesCS6D02G240100,1,0,1,1
TraesCS6D02G244100,2,1,1,1
TraesCS6D02G246200,1,0,1,1
TraesCS6D02G249300,1,0,1,1
TraesCS6D02G258000,1,0,1,1
TraesCS6D02G266900,2,1,1,1
TraesCS6D02G277900,1,0,1,1
TraesCS6D02G308400,1,0,1,1
TraesCS6D02G337300,1,0,1,1
TraesCS6D02G362600,1,0,1,1
TraesCS6D02G370900,1,0,1,1
TraesCS6D02G373700,38,37,1,1
TraesCS6D02G374100,2,1,1,1
TraesCS6D02G377200,1,0,1,1
TraesCS6D02G377900,1,0,1,1
TraesCS6D02G405700,1,0,1,1
TraesCS7A02G032500,1,0,1,1
TraesCS7A02G066400,1,0,1,1
TraesCS7A02G120600,17,16,1,1
TraesCS7A02G129800,1,0,1,1
TraesCS7A02G140900,1,0,1,1
TraesCS7A02G157700,1,0,1,1
TraesCS7A02G166800,1,0,1,1
TraesCS7A02G175800,12,11,1,1
TraesCS7A02G190700,1,0,1,1
TraesCS7A02G209600,2,1,1,1
TraesCS7A02G220100,2,1,1,1
TraesCS7A02G232200,1,0,1,1
TraesCS7A02G235000,1,0,1,1
TraesCS7A02G276900,1,0,1,1
TraesCS7A02G296500,1,0,1,1
TraesCS7A02G317600,1,0,1,1
TraesCS7A02G322100,1,0,1,1
TraesCS7A02G342800,1,0,1,1
TraesCS7A02G362000,1,0,1,1
TraesCS7A02G362300,1,0,1,1
TraesCS7A02G364600,1,0,1,1
TraesCS7A02G410000,1,0,1,1
TraesCS7A02G455900,1,0,1,1
TraesCS7A02G489500,1,0,1,1
TraesCS7A02G560400,1,0,1,1
TraesCS7B02G005700,1,0,1,1
TraesCS7B02G008100,1,0,1,1
TraesCS7B02G008400,1,0,1,1
TraesCS7B02G010300,1,0,1,1
TraesCS7B02G018600,1,0,1,1
TraesCS7B02G022300,1,0,1,1
TraesCS7B02G025400,2,1,1,1
TraesCS7B02G034600,1,0,1,1
TraesCS7B02G045900,1,0,1,1
TraesCS7B02G047200,1,0,1,1
TraesCS7B02G055300,1,0,1,1
TraesCS7B02G069600,2,1,1,1
TraesCS7B02G071400,1,0,1,1
TraesCS7B02G094800,7,6,1,1
TraesCS7B02G098800,1,0,1,1
TraesCS7B02G100200,1,0,1,1
TraesCS7B02G133200,1,0,1,1
TraesCS7B02G159200,1,0,1,1
TraesCS7B02G182800,1,0,1,1
TraesCS7B02G185300,1,0,1,1
TraesCS7B02G192100,1,0,1,1
TraesCS7B02G205000,1,0,1,1
TraesCS7B02G233200,1,0,1,1
TraesCS7B02G234100,1,0,1,1
TraesCS7B02G248100,1,0,1,1
TraesCS7B02G281000,1,0,1,1
TraesCS7B02G334200,1,0,1,1
TraesCS7B02G354500,1,0,1,1
TraesCS7B02G364400,1,0,1,1
TraesCS7B02G380500,1,0,1,1
TraesCS7B02G392600,1,0,1,1
TraesCS7B02G393000,1,0,1,1
TraesCS7B02G404300,2,1,1,1
TraesCS7B02G423900,1,0,1,1
TraesCS7D02G003200,1,0,1,1
TraesCS7D02G025800,9,8,1,1
TraesCS7D02G040000,1,0,1,1
TraesCS7D02G058400,1,0,1,1
TraesCS7D02G096500,1,0,1,1
TraesCS7D02G101500,1,0,1,1
TraesCS7D02G128900,1,0,1,1
TraesCS7D02G133100,1,0,1,1
TraesCS7D02G135000,4,3,1,1
TraesCS7D02G145500,1,0,1,1
TraesCS7D02G153200,1,0,1,1
TraesCS7D02G163400,1,0,1,1
TraesCS7D02G181000,1,0,1,1
TraesCS7D02G183700,2,1,1,1
TraesCS7D02G196200,1,0,1,1
TraesCS7D02G205900,3,2,1,1
TraesCS7D02G233800,1,0,1,1
TraesCS7D02G235000,1,0,1,1
TraesCS7D02G269600,1,0,1,1
TraesCS7D02G284400,1,0,1,1
TraesCS7D02G292300,1,0,1,1
TraesCS7D02G295900,1,0,1,1
TraesCS7D02G307500,1,0,1,1
TraesCS7D02G313500,3,2,1,1
TraesCS7D02G319000,1,0,1,1
TraesCS7D02G326700,1,0,1,1
TraesCS7D02G341600,1,0,1,1
TraesCS7D02G346500,2,1,1,1
TraesCS7D02G348200,1,0,1,1
TraesCS7D02G353600,1,0,1,1
TraesCS7D02G359000,1,0,1,1
TraesCS7D02G384900,1,0,1,1
TraesCS7D02G386800,1,0,1,1
TraesCS7D02G396200,2,1,1,1
TraesCS7D02G398600,2,1,1,1
TraesCS7D02G467900,1,0,1,1
TraesCS7D02G475900,1,0,1,1
TraesCS7D02G476700,1,0,1,1
TraesCS7D02G510700,1,0,1,1
TraesCS7D02G524700,1,0,1,1
TraesCS7D02G547400,1,0,1,1
TraesCS7D02G547900,1,0,1,1
TraesCSU02G019700,1,0,1,1
TraesCSU02G028900,10,9,1,1
TraesCSU02G039400,1,0,1,1
TraesCSU02G103900,2,1,1,1
TraesCSU02G138000,2,1,1,1
TraesCSU02G267500,5,4,1,1
TraesCS5B02G297100,1,1,0,0
TraesCS5D02G304900,1,1,0,0
TraesCS1A02G075800,1,1,0,0
TraesCS1B02G312900,0,0,0,0
TraesCS2A02G204300,0,0,0,0
TraesCS2A02G465700,1,1,0,0
TraesCS2B02G487800,1,1,0,0
TraesCS2D02G105300,0,0,0,0
TraesCS2D02G466100,1,1,0,0
TraesCS3B02G319400,1,1,0,0
TraesCS3D02G285300,1,1,0,0
TraesCS4A02G055500,2,2,0,0
TraesCS4A02G241500,1,1,0,0
TraesCS4A02G241900,0,0,0,0
TraesCS4A02G283000,0,0,0,0
TraesCS4D02G071900,1,1,0,0
TraesCS4D02G299700,1,1,0,0
TraesCS5A02G090100,1,1,0,0
TraesCS5A02G127100,1,1,0,0
TraesCS5A02G363800,1,1,0,0
TraesCS5A02G482700,1,1,0,0
TraesCS5B02G365800,1,1,0,0
TraesCS5D02G076800,0,0,0,0
TraesCS5D02G077900,0,0,0,0
TraesCS5D02G102200,0,0,0,0
TraesCS5D02G515200,1,1,0,0
TraesCS7A02G417300,1,1,0,0
TraesCS7D02G326300,1,1,0,0
TraesCSU02G075300,1,1,0,0
TraesCS1A02G220000,0,0,0,0
TraesCS1A02G221900,1,1,0,0
TraesCS1A02G242800,1,1,0,0
TraesCS1B02G233300,1,1,0,0
TraesCS1B02G235100,1,1,0,0
TraesCS1B02G307000,1,1,0,0
TraesCS1D02G221500,1,1,0,0
TraesCS1D02G223600,1,1,0,0
TraesCS1D02G230900,1,1,0,0
TraesCS2A02G185600,1,1,0,0
TraesCS2A02G288000,1,1,0,0
TraesCS2A02G514300,1,1,0,0
TraesCS2B02G436300,1,1,0,0
TraesCS2B02G529200,4,4,0,0
TraesCS2B02G534000,1,1,0,0
TraesCS2D02G412200,1,1,0,0
TraesCS2D02G425700,1,1,0,0
TraesCS3A02G099200,1,1,0,0
TraesCS3A02G328000,1,1,0,0
TraesCS3A02G379900,1,1,0,0
TraesCS3B02G115400,1,1,0,0
TraesCS3D02G099500,1,1,0,0
TraesCS3D02G260100,1,1,0,0
TraesCS3D02G321500,1,1,0,0
TraesCS3D02G321700,1,1,0,0
TraesCS4D02G120200,1,1,0,0
TraesCS4D02G298600,1,1,0,0
TraesCS5A02G215900,1,1,0,0
TraesCS5A02G473800,1,1,0,0
TraesCS6A02G131200,1,1,0,0
TraesCS6A02G235100,1,1,0,0
TraesCS6A02G343300,0,0,0,0
TraesCS6B02G159600,1,1,0,0
TraesCS6B02G361400,3,3,0,0
TraesCS6D02G161300,1,1,0,0
TraesCS6D02G225500,0,0,0,0
TraesCS7A02G250900,2,2,0,0
TraesCS7A02G292900,1,1,0,0
TraesCS7B02G074500,1,1,0,0
TraesCS7D02G292500,1,1,0,0
TraesCS1D02G155100,0,0,0,0
TraesCS2A02G547800,1,1,0,0
TraesCS2B02G326400,0,0,0,0
TraesCS3A02G159200,1,1,0,0
TraesCS3A02G246000,0,0,0,0
TraesCS3B02G327000,0,0,0,0
TraesCS3D02G166700,1,1,0,0
TraesCS5A02G038300,1,1,0,0
TraesCS5B02G039800,1,1,0,0
TraesCS5D02G045700,1,1,0,0
TraesCS6B02G258800,0,0,0,0
TraesCS7A02G252000,1,1,0,0
TraesCS7B02G316600,1,1,0,0
TraesCS7D02G250100,2,2,0,0
TraesCS7D02G463000,1,1,0,0
TraesCS6A02G189700,1,1,0,0
TraesCS6A02G279200,0,0,0,0
TraesCS7A02G566000,0,0,0,0
TraesCS4A02G067300,1,1,0,0
TraesCS4B02G224600,1,1,0,0
TraesCS4D02G078800,2,2,0,0
TraesCS4A02G074300,0,0,0,0
TraesCS2A02G187800,0,0,0,0
TraesCS7B02G272900,2,2,0,0
TraesCS7D02G368000,1,1,0,0
TraesCS1A02G102400,1,1,0,0
TraesCS1D02G084200,1,1,0,0
TraesCS2A02G253900,1,1,0,0
TraesCS2B02G483300,1,1,0,0
TraesCS2D02G254400,1,1,0,0
TraesCS3A02G204800,1,1,0,0
TraesCS3A02G252900,0,0,0,0
TraesCS3D02G166300,0,0,0,0
TraesCS3D02G210600,1,1,0,0
TraesCS4B02G056600,1,1,0,0
TraesCS5D02G386500,1,1,0,0
TraesCS6A02G358400,1,1,0,0
TraesCS6D02G270900,1,1,0,0
TraesCS7B02G145800,0,0,0,0
TraesCS7D02G244300,1,1,0,0
TraesCS3A02G436100,1,1,0,0
TraesCS3B02G164500,0,0,0,0
TraesCS3D02G146900,1,1,0,0
TraesCS3D02G428700,1,1,0,0
TraesCS5D02G040100,1,1,0,0
TraesCS6A02G412800,1,1,0,0
TraesCS6D02G397000,1,1,0,0
TraesCS7B02G125500,0,0,0,0
TraesCS2A02G353900,2,2,0,0
TraesCS2B02G372000,1,1,0,0
TraesCS2D02G351900,1,1,0,0
TraesCS6A02G150900,0,0,0,0
TraesCS6A02G218900,0,0,0,0
TraesCS6B02G179000,1,1,0,0
TraesCS1B02G347400,1,1,0,0
TraesCS1D02G336600,1,1,0,0
TraesCS2A02G225900,1,1,0,0
TraesCS2A02G402200,0,0,0,0
TraesCS2A02G590800,1,1,0,0
TraesCS2D02G100300,0,0,0,0
TraesCS2D02G563100,1,1,0,0
TraesCS2D02G563200,1,1,0,0
TraesCS3A02G180600,1,1,0,0
TraesCS3B02G210300,2,2,0,0
TraesCS3D02G193100,0,0,0,0
TraesCS4D02G285100,1,1,0,0
TraesCS1D02G106100,1,1,0,0
TraesCS2A02G388300,0,0,0,0
TraesCS2A02G561200,0,0,0,0
TraesCS2A02G561300,0,0,0,0
TraesCS2B02G410200,1,1,0,0
TraesCS2D02G390000,0,0,0,0
TraesCS3A02G538400,1,1,0,0
TraesCS3B02G308500,1,1,0,0
TraesCS5B02G117700,0,0,0,0
TraesCS2D02G205100,1,1,0,0
TraesCS4A02G058800,1,1,0,0
TraesCS4D02G245300,1,1,0,0
TraesCS5A02G025900,1,1,0,0
TraesCS5B02G025100,1,1,0,0
TraesCS5B02G373600,1,1,0,0
TraesCS5D02G033700,1,1,0,0
TraesCS5D02G380900,1,1,0,0
TraesCS1B02G480400,0,0,0,0
TraesCS1D02G405300,1,1,0,0
TraesCS2A02G039200,1,1,0,0
TraesCS2A02G143700,0,0,0,0
TraesCS2A02G307700,1,1,0,0
TraesCS2A02G488000,0,0,0,0
TraesCS2D02G306100,0,0,0,0
TraesCS2D02G488300,0,0,0,0
TraesCS3B02G237800,0,0,0,0
TraesCS3D02G177700,1,1,0,0
TraesCS3D02G231200,0,0,0,0
TraesCS4A02G082400,1,1,0,0
TraesCS5A02G121100,0,0,0,0
TraesCS5A02G143400,1,1,0,0
TraesCS5A02G423300,1,1,0,0
TraesCS5B02G425300,1,1,0,0
TraesCS5D02G148600,1,1,0,0
TraesCS6B02G194300,0,0,0,0
TraesCS6D02G262500,0,0,0,0
TraesCS4D02G304500,0,0,0,0
TraesCS5B02G521100,1,1,0,0
TraesCS3B02G017400,1,1,0,0
TraesCS7A02G214500,12,12,0,0
TraesCS4D02G033700,1,1,0,0
TraesCS6A02G335400,3,3,0,0
TraesCS1A02G310700,1,1,0,0
TraesCS1B02G322000,0,0,0,0
TraesCS5B02G255900,1,1,0,0
TraesCS7A02G239500,1,1,0,0
TraesCS7B02G135000,1,1,0,0
TraesCS7D02G237100,1,1,0,0
TraesCS7D02G463100,1,1,0,0
TraesCS3A02G304800,0,0,0,0
TraesCS4B02G028500,1,1,0,0
TraesCS7B02G242300,0,0,0,0
TraesCS7D02G338500,1,1,0,0
TraesCS1A02G262500,1,1,0,0
TraesCS1B02G273000,1,1,0,0
TraesCS1D02G262400,1,1,0,0
TraesCS1D02G262500,1,1,0,0
TraesCS6A02G069500,0,0,0,0
TraesCS2A02G031800,0,0,0,0
TraesCS2B02G313600,1,1,0,0
TraesCS4B02G268800,1,1,0,0
TraesCS6A02G195500,0,0,0,0
TraesCS6D02G182600,0,0,0,0
TraesCS7B02G103500,0,0,0,0
TraesCS2B02G116900,0,0,0,0
TraesCS5B02G265400,0,0,0,0
TraesCS7D02G244600,0,0,0,0
TraesCS3B02G204800,1,1,0,0
TraesCS1A02G019200,1,1,0,0
TraesCS3A02G174400,1,1,0,0
TraesCS3A02G174900,1,1,0,0
TraesCS3D02G180300,1,1,0,0
TraesCS3D02G180400,1,1,0,0
TraesCS4B02G129700,0,0,0,0
TraesCS4D02G317000,0,0,0,0
TraesCS5D02G454900,0,0,0,0
TraesCS7B02G156300,0,0,0,0
TraesCS2A02G116100,1,1,0,0
TraesCS3A02G161000,1,1,0,0
TraesCS3B02G191600,1,1,0,0
TraesCS3D02G168200,1,1,0,0
TraesCS5A02G401600,3,3,0,0
TraesCS6A02G385500,1,1,0,0
TraesCS6D02G011600,1,1,0,0
TraesCS6D02G370300,1,1,0,0
TraesCS7A02G411100,3,3,0,0
TraesCS7D02G404100,3,3,0,0
TraesCS2A02G151700,1,1,0,0
TraesCS2D02G156800,1,1,0,0
TraesCS3A02G042900,1,1,0,0
TraesCS3B02G040600,1,1,0,0
TraesCS3B02G119900,0,0,0,0
TraesCS3B02G200500,1,1,0,0
TraesCS4A02G138100,1,1,0,0
TraesCS4D02G041600,0,0,0,0
TraesCS5A02G234500,1,1,0,0
TraesCS5B02G233000,1,1,0,0
TraesCS6A02G326000,1,1,0,0
TraesCS7B02G074000,1,1,0,0
TraesCS1A02G209400,1,1,0,0
TraesCS2D02G198200,0,0,0,0
TraesCS3A02G408000,1,1,0,0
TraesCS3B02G262400,1,1,0,0
TraesCS3B02G441600,1,1,0,0
TraesCS3D02G403100,1,1,0,0
TraesCS4B02G043100,1,1,0,0
TraesCS4B02G141400,1,1,0,0
TraesCS4D02G040400,1,1,0,0
TraesCS5A02G409800,0,0,0,0
TraesCS5A02G511900,1,1,0,0
TraesCS6B02G277400,1,1,0,0
TraesCS2A02G435100,1,1,0,0
TraesCS2B02G458400,1,1,0,0
TraesCS4A02G434900,1,1,0,0
TraesCS7A02G049100,1,1,0,0
TraesCS7D02G044200,1,1,0,0
TraesCS2D02G127700,0,0,0,0
TraesCS3A02G312800,1,1,0,0
TraesCS3B02G159100,1,1,0,0
TraesCS3B02G273900,0,0,0,0
TraesCS3D02G245800,0,0,0,0
TraesCS4B02G385200,0,0,0,0
TraesCS4D02G359600,0,0,0,0
TraesCS5A02G043400,3,3,0,0
TraesCS5A02G549700,0,0,0,0
TraesCS1A02G338900,1,1,0,0
TraesCS5A02G227100,1,1,0,0
TraesCS5D02G234600,1,1,0,0
TraesCS4A02G059600,1,1,0,0
TraesCS4A02G405800,3,3,0,0
TraesCS4D02G236600,1,1,0,0
TraesCS4D02G303500,0,0,0,0
TraesCS5D02G323100,1,1,0,0
TraesCS6A02G290800,2,2,0,0
TraesCS2A02G474000,1,1,0,0
TraesCS2B02G419200,1,1,0,0
TraesCS2B02G497500,1,1,0,0
TraesCS2D02G473700,1,1,0,0
TraesCS3A02G305300,0,0,0,0
TraesCS6D02G237000,1,1,0,0
TraesCS2D02G195100,0,0,0,0
TraesCS1A02G375600,1,1,0,0
TraesCS1D02G382900,2,2,0,0
TraesCS2A02G204500,1,1,0,0
TraesCS2B02G232000,3,3,0,0
TraesCS2D02G211400,1,1,0,0
TraesCS2D02G399000,1,1,0,0
TraesCS3B02G314600,0,0,0,0
TraesCS3B02G323800,0,0,0,0
TraesCS6A02G098800,1,1,0,0
TraesCS6B02G127000,1,1,0,0
TraesCS7A02G355300,1,1,0,0
TraesCS7D02G388600,1,1,0,0
TraesCS1A02G125800,1,1,0,0
TraesCS1A02G199600,1,1,0,0
TraesCS1A02G262700,1,1,0,0
TraesCS1B02G275000,1,1,0,0
TraesCS2B02G200800,0,0,0,0
TraesCS3B02G157500,1,1,0,0
TraesCS4D02G243700,1,1,0,0
TraesCS4D02G245200,1,1,0,0
TraesCS5D02G401700,1,1,0,0
TraesCS6A02G011700,1,1,0,0
TraesCS7D02G120500,1,1,0,0
TraesCS1A02G252300,0,0,0,0
TraesCS1A02G313400,1,1,0,0
TraesCS1B02G047700,1,1,0,0
TraesCS1B02G263200,1,1,0,0
TraesCS1B02G325200,1,1,0,0
TraesCS1B02G441100,1,1,0,0
TraesCS1D02G313900,1,1,0,0
TraesCS1D02G420700,1,1,0,0
TraesCS2A02G189200,0,0,0,0
TraesCS2A02G525900,0,0,0,0
TraesCS2B02G267000,1,1,0,0
TraesCS2D02G255600,0,0,0,0
TraesCS2D02G528700,1,1,0,0
TraesCS4A02G023900,0,0,0,0
TraesCS4B02G103900,1,1,0,0
TraesCS5B02G241500,1,1,0,0
TraesCS5B02G425900,0,0,0,0
TraesCS5D02G030400,1,1,0,0
TraesCS5D02G030500,1,1,0,0
TraesCS6A02G016800,1,1,0,0
TraesCS6A02G035600,0,0,0,0
TraesCS6B02G022900,1,1,0,0
TraesCS6B02G023200,0,0,0,0
TraesCS6B02G023400,1,1,0,0
TraesCS6B02G025200,1,1,0,0
TraesCS6B02G043100,1,1,0,0
TraesCS6B02G333100,1,1,0,0
TraesCS6D02G018200,0,0,0,0
TraesCS6D02G018300,1,1,0,0
TraesCS6D02G018800,0,0,0,0
TraesCS6D02G018900,1,1,0,0
TraesCS6D02G020200,1,1,0,0
TraesCS6D02G021600,0,0,0,0
TraesCS6D02G022000,1,1,0,0
TraesCS6D02G023900,1,1,0,0
TraesCS6D02G025200,1,1,0,0
TraesCS6D02G036000,1,1,0,0
TraesCS6D02G036100,0,0,0,0
TraesCS6D02G036200,0,0,0,0
TraesCS7A02G182600,1,1,0,0
TraesCS7A02G460800,1,1,0,0
TraesCS7B02G087500,1,1,0,0
TraesCS7B02G088200,1,1,0,0
TraesCS7D02G185400,1,1,0,0
TraesCS7D02G252100,1,1,0,0
TraesCS7D02G448700,1,1,0,0
TraesCSU02G029100,1,1,0,0
TraesCSU02G118300,0,0,0,0
TraesCS1B02G318800,0,0,0,0
TraesCS1B02G086600,0,0,0,0
TraesCS1B02G236900,4,4,0,0
TraesCS1B02G316200,1,1,0,0
TraesCS1B02G451500,1,1,0,0
TraesCS1D02G220500,1,1,0,0
TraesCS1D02G268900,1,1,0,0
TraesCS2A02G157600,1,1,0,0
TraesCS2A02G158900,0,0,0,0
TraesCS2A02G230400,3,3,0,0
TraesCS2A02G445500,1,1,0,0
TraesCS2B02G178000,1,1,0,0
TraesCS2B02G343800,1,1,0,0
TraesCS2B02G459800,1,1,0,0
TraesCS2B02G478700,1,1,0,0
TraesCS2D02G165900,1,1,0,0
TraesCS2D02G337400,0,0,0,0
TraesCS2D02G366800,1,1,0,0
TraesCS3A02G108000,1,1,0,0
TraesCS3A02G153700,1,1,0,0
TraesCS3A02G187800,1,1,0,0
TraesCS3A02G257800,1,1,0,0
TraesCS3A02G365200,0,0,0,0
TraesCS3A02G367600,1,1,0,0
TraesCS3B02G224500,1,1,0,0
TraesCS3B02G407700,1,1,0,0
TraesCS3D02G111100,1,1,0,0
TraesCS3D02G368000,0,0,0,0
TraesCS4A02G075400,1,1,0,0
TraesCS4B02G096500,2,2,0,0
TraesCS4D02G092900,1,1,0,0
TraesCS4D02G093900,0,0,0,0
TraesCS4D02G297900,6,6,0,0
TraesCS5A02G159600,0,0,0,0
TraesCS5A02G178500,0,0,0,0
TraesCS5A02G375400,1,1,0,0
TraesCS5B02G004400,1,1,0,0
TraesCS5B02G226100,1,1,0,0
TraesCS5D02G007000,1,1,0,0
TraesCS5D02G128700,0,0,0,0
TraesCS5D02G164600,0,0,0,0
TraesCS5D02G274400,0,0,0,0
TraesCS5D02G335700,1,1,0,0
TraesCS6A02G236700,1,1,0,0
TraesCS6A02G258600,1,1,0,0
TraesCS6A02G269000,1,1,0,0
TraesCS6B02G228500,1,1,0,0
TraesCS6B02G266800,0,0,0,0
TraesCS6D02G179100,1,1,0,0
TraesCS6D02G219300,1,1,0,0
TraesCS7A02G205100,31,31,0,0
TraesCS7A02G299800,0,0,0,0
TraesCS7A02G304600,1,1,0,0
TraesCS7A02G306100,1,1,0,0
TraesCS7B02G169900,1,1,0,0
TraesCS7B02G187400,1,1,0,0
TraesCS7B02G372500,1,1,0,0
TraesCS7D02G135200,3,3,0,0
TraesCS7D02G458000,0,0,0,0
TraesCS1B02G277300,1,1,0,0
TraesCS2B02G355300,2,2,0,0
TraesCS2B02G355400,1,1,0,0
TraesCS2D02G100900,1,1,0,0
TraesCS3A02G438900,0,0,0,0
TraesCS3B02G208300,0,0,0,0
TraesCS3B02G273600,1,1,0,0
TraesCS3D02G078500,10,10,0,0
TraesCS3D02G245500,1,1,0,0
TraesCS3D02G333100,1,1,0,0
TraesCS4B02G174000,0,0,0,0
TraesCS4D02G176000,1,1,0,0
TraesCS5D02G481200,1,1,0,0
TraesCS6A02G406700,0,0,0,0
TraesCS6B02G451300,0,0,0,0
TraesCS6D02G140200,0,0,0,0
TraesCS7A02G569300,4,4,0,0
TraesCS7B02G094000,24,24,0,0
TraesCS7B02G111300,1,1,0,0
TraesCS7B02G115400,1,1,0,0
TraesCS7B02G160900,1,1,0,0
TraesCS7B02G196900,0,0,0,0
TraesCS7B02G364600,1,1,0,0
TraesCS7D02G365200,2,2,0,0
TraesCSU02G137200,0,0,0,0
TraesCS2B02G469000,1,1,0,0
TraesCS6A02G264400,1,1,0,0
TraesCS7B02G180100,1,1,0,0
TraesCS4D02G199600,1,1,0,0
TraesCS4B02G162200,0,0,0,0
TraesCS7A02G264800,0,0,0,0
TraesCS7D02G265600,0,0,0,0
TraesCS2A02G352400,1,1,0,0
TraesCS2B02G370400,1,1,0,0
TraesCS3A02G159600,1,1,0,0
TraesCS3B02G190300,0,0,0,0
TraesCS3D02G166900,1,1,0,0
TraesCS4A02G230700,1,1,0,0
TraesCS4B02G085200,1,1,0,0
TraesCS4B02G325500,1,1,0,0
TraesCS4D02G322400,1,1,0,0
TraesCS2A02G292700,1,1,0,0
TraesCS6A02G155300,1,1,0,0
TraesCS6D02G145200,0,0,0,0
TraesCS7A02G208000,1,1,0,0
TraesCS7D02G210400,1,1,0,0
TraesCS1D02G436500,1,1,0,0
TraesCS4A02G095200,1,1,0,0
TraesCS4B02G209300,1,1,0,0
TraesCS7A02G297900,1,1,0,0
TraesCS5D02G124700,1,1,0,0
TraesCS3A02G491500,2,2,0,0
TraesCS3B02G552400,1,1,0,0
TraesCS5B02G319600,1,1,0,0
TraesCS2A02G039500,0,0,0,0
TraesCS2B02G052300,0,0,0,0
TraesCS3A02G400400,1,1,0,0
TraesCS3B02G433400,1,1,0,0
TraesCS3D02G408000,1,1,0,0
TraesCS3D02G408100,1,1,0,0
TraesCS6B02G135800,0,0,0,0
TraesCS7A02G414500,1,1,0,0
TraesCS2A02G506500,1,1,0,0
TraesCS2B02G195600,1,1,0,0
TraesCS2D02G176800,1,1,0,0
TraesCS2D02G507200,1,1,0,0
TraesCS4A02G249400,1,1,0,0
TraesCS5A02G204900,0,0,0,0
TraesCS1D02G336400,0,0,0,0
TraesCS2A02G574000,1,1,0,0
TraesCS2B02G141800,1,1,0,0
TraesCS3A02G378300,0,0,0,0
TraesCS3B02G411000,1,1,0,0
TraesCS3D02G371600,1,1,0,0
TraesCS4A02G140800,1,1,0,0
TraesCS4D02G164200,1,1,0,0
TraesCS5B02G123800,0,0,0,0
TraesCS6A02G272800,1,1,0,0
TraesCS6B02G300200,1,1,0,0
TraesCS3D02G291600,0,0,0,0
TraesCS4A02G395700,1,1,0,0
TraesCS6A02G131700,0,0,0,0
TraesCS7A02G095300,1,1,0,0
TraesCS2B02G289000,1,1,0,0
TraesCS2B02G217400,0,0,0,0
TraesCS2D02G190500,1,1,0,0
TraesCS2D02G269200,1,1,0,0
TraesCS3A02G167200,1,1,0,0
TraesCS3A02G289700,1,1,0,0
TraesCS3A02G527300,1,1,0,0
TraesCS3B02G324400,1,1,0,0
TraesCS3B02G379200,2,2,0,0
TraesCS3D02G242500,1,1,0,0
TraesCS3D02G289500,1,1,0,0
TraesCS4A02G162500,1,1,0,0
TraesCS4A02G246000,0,0,0,0
TraesCS4B02G121500,1,1,0,0
TraesCS4B02G165900,0,0,0,0
TraesCS4D02G068200,0,0,0,0
TraesCS5A02G104900,1,1,0,0
TraesCS5A02G344100,0,0,0,0
TraesCS5D02G070700,0,0,0,0
TraesCS5D02G162100,1,1,0,0
TraesCS5D02G190700,1,1,0,0
TraesCS7B02G185400,0,0,0,0
TraesCS7D02G345700,2,2,0,0
TraesCS1A02G065700,1,1,0,0
TraesCS1A02G033600,1,1,0,0
TraesCS1A02G049800,1,1,0,0
TraesCS1A02G076000,1,1,0,0
TraesCS1A02G087500,2,2,0,0
TraesCS1A02G104000,1,1,0,0
TraesCS1A02G126900,1,1,0,0
TraesCS1A02G127000,1,1,0,0
TraesCS1A02G127500,2,2,0,0
TraesCS1A02G150200,1,1,0,0
TraesCS1A02G158800,0,0,0,0
TraesCS1A02G189600,1,1,0,0
TraesCS1A02G197200,1,1,0,0
TraesCS1A02G208500,1,1,0,0
TraesCS1A02G246600,1,1,0,0
TraesCS1A02G264100,1,1,0,0
TraesCS1A02G330700,1,1,0,0
TraesCS1A02G330900,1,1,0,0
TraesCS1A02G333000,1,1,0,0
TraesCS1A02G348500,0,0,0,0
TraesCS1A02G360400,1,1,0,0
TraesCS1A02G402400,1,1,0,0
TraesCS1A02G404900,1,1,0,0
TraesCS1A02G408600,1,1,0,0
TraesCS1A02G419400,0,0,0,0
TraesCS1A02G430400,1,1,0,0
TraesCS1A02G437600,1,1,0,0
TraesCS1A02G443900,1,1,0,0
TraesCS1B02G011100,1,1,0,0
TraesCS1B02G057200,3,3,0,0
TraesCS1B02G110400,0,0,0,0
TraesCS1B02G114800,1,1,0,0
TraesCS1B02G131600,1,1,0,0
TraesCS1B02G133900,1,1,0,0
TraesCS1B02G147500,1,1,0,0
TraesCS1B02G154400,1,1,0,0
TraesCS1B02G156400,1,1,0,0
TraesCS1B02G187400,0,0,0,0
TraesCS1B02G190000,1,1,0,0
TraesCS1B02G202900,1,1,0,0
TraesCS1B02G203500,1,1,0,0
TraesCS1B02G206000,1,1,0,0
TraesCS1B02G222500,1,1,0,0
TraesCS1B02G238600,1,1,0,0
TraesCS1B02G249700,1,1,0,0
TraesCS1B02G257300,1,1,0,0
TraesCS1B02G287100,1,1,0,0
TraesCS1B02G302800,0,0,0,0
TraesCS1B02G331400,1,1,0,0
TraesCS1B02G362700,3,3,0,0
TraesCS1B02G366600,1,1,0,0
TraesCS1B02G387600,1,1,0,0
TraesCS1B02G391400,1,1,0,0
TraesCS1B02G411900,1,1,0,0
TraesCS1B02G413500,2,2,0,0
TraesCS1B02G431400,1,1,0,0
TraesCS1B02G433100,2,2,0,0
TraesCS1B02G452400,1,1,0,0
TraesCS1D02G018200,0,0,0,0
TraesCS1D02G041200,1,1,0,0
TraesCS1D02G044800,1,1,0,0
TraesCS1D02G086700,1,1,0,0
TraesCS1D02G116300,5,5,0,0
TraesCS1D02G116600,2,2,0,0
TraesCS1D02G130400,1,1,0,0
TraesCS1D02G133600,0,0,0,0
TraesCS1D02G140800,1,1,0,0
TraesCS1D02G148000,0,0,0,0
TraesCS1D02G192900,1,1,0,0
TraesCS1D02G211700,1,1,0,0
TraesCS1D02G213600,1,1,0,0
TraesCS1D02G218300,1,1,0,0
TraesCS1D02G241500,2,2,0,0
TraesCS1D02G245900,1,1,0,0
TraesCS1D02G274100,1,1,0,0
TraesCS1D02G299500,2,2,0,0
TraesCS1D02G304900,2,2,0,0
TraesCS1D02G344600,1,1,0,0
TraesCS1D02G346200,1,1,0,0
TraesCS1D02G357400,1,1,0,0
TraesCS1D02G396000,0,0,0,0
TraesCS1D02G396800,0,0,0,0
TraesCS1D02G404500,1,1,0,0
TraesCS1D02G410100,1,1,0,0
TraesCS1D02G434100,1,1,0,0
TraesCS2A02G012000,0,0,0,0
TraesCS2A02G035400,1,1,0,0
TraesCS2A02G036500,0,0,0,0
TraesCS2A02G046400,1,1,0,0
TraesCS2A02G072100,31,31,0,0
TraesCS2A02G117500,1,1,0,0
TraesCS2A02G127200,1,1,0,0
TraesCS2A02G131400,0,0,0,0
TraesCS2A02G142500,1,1,0,0
TraesCS2A02G155700,0,0,0,0
TraesCS2A02G159300,1,1,0,0
TraesCS2A02G166600,1,1,0,0
TraesCS2A02G175900,2,2,0,0
TraesCS2A02G198700,1,1,0,0
TraesCS2A02G200200,0,0,0,0
TraesCS2A02G213200,1,1,0,0
TraesCS2A02G227100,0,0,0,0
TraesCS2A02G253700,0,0,0,0
TraesCS2A02G265800,2,2,0,0
TraesCS2A02G290300,1,1,0,0
TraesCS2A02G294500,1,1,0,0
TraesCS2A02G301600,1,1,0,0
TraesCS2A02G305500,0,0,0,0
TraesCS2A02G357400,1,1,0,0
TraesCS2A02G359000,1,1,0,0
TraesCS2A02G368400,1,1,0,0
TraesCS2A02G374600,1,1,0,0
TraesCS2A02G376200,0,0,0,0
TraesCS2A02G424000,1,1,0,0
TraesCS2A02G434600,0,0,0,0
TraesCS2A02G436000,0,0,0,0
TraesCS2A02G453200,1,1,0,0
TraesCS2A02G456000,1,1,0,0
TraesCS2A02G514500,1,1,0,0
TraesCS2A02G518400,0,0,0,0
TraesCS2A02G582500,0,0,0,0
TraesCS2B02G009500,0,0,0,0
TraesCS2B02G031800,1,1,0,0
TraesCS2B02G178800,0,0,0,0
TraesCS2B02G189600,1,1,0,0
TraesCS2B02G234100,1,1,0,0
TraesCS2B02G236300,0,0,0,0
TraesCS2B02G257000,0,0,0,0
TraesCS2B02G281400,2,2,0,0
TraesCS2B02G294100,0,0,0,0
TraesCS2B02G310900,1,1,0,0
TraesCS2B02G350800,1,1,0,0
TraesCS2B02G366400,1,1,0,0
TraesCS2B02G367000,3,3,0,0
TraesCS2B02G374700,1,1,0,0
TraesCS2B02G378400,1,1,0,0
TraesCS2B02G380000,1,1,0,0
TraesCS2B02G385700,1,1,0,0
TraesCS2B02G440400,1,1,0,0
TraesCS2B02G441400,1,1,0,0
TraesCS2B02G443300,1,1,0,0
TraesCS2B02G445700,1,1,0,0
TraesCS2B02G457700,1,1,0,0
TraesCS2B02G463400,1,1,0,0
TraesCS2B02G484300,1,1,0,0
TraesCS2B02G505500,1,1,0,0
TraesCS2B02G510600,1,1,0,0
TraesCS2B02G525800,1,1,0,0
TraesCS2B02G533200,1,1,0,0
TraesCS2B02G605000,1,1,0,0
TraesCS2D02G014700,1,1,0,0
TraesCS2D02G083900,1,1,0,0
TraesCS2D02G114500,0,0,0,0
TraesCS2D02G138200,0,0,0,0
TraesCS2D02G145900,1,1,0,0
TraesCS2D02G167400,1,1,0,0
TraesCS2D02G170000,1,1,0,0
TraesCS2D02G183500,1,1,0,0
TraesCS2D02G196900,1,1,0,0
TraesCS2D02G222300,1,1,0,0
TraesCS2D02G250800,0,0,0,0
TraesCS2D02G254500,2,2,0,0
TraesCS2D02G289400,1,1,0,0
TraesCS2D02G290900,0,0,0,0
TraesCS2D02G292200,1,1,0,0
TraesCS2D02G304000,0,0,0,0
TraesCS2D02G318800,0,0,0,0
TraesCS2D02G321900,1,1,0,0
TraesCS2D02G335300,1,1,0,0
TraesCS2D02G356200,0,0,0,0
TraesCS2D02G371000,1,1,0,0
TraesCS2D02G378200,0,0,0,0
TraesCS2D02G381400,1,1,0,0
TraesCS2D02G393700,4,4,0,0
TraesCS2D02G396800,1,1,0,0
TraesCS2D02G417800,1,1,0,0
TraesCS2D02G439800,1,1,0,0
TraesCS2D02G448500,0,0,0,0
TraesCS2D02G448900,1,1,0,0
TraesCS2D02G452600,5,5,0,0
TraesCS2D02G456100,0,0,0,0
TraesCS2D02G481000,0,0,0,0
TraesCS2D02G506700,1,1,0,0
TraesCS2D02G516000,1,1,0,0
TraesCS2D02G547200,1,1,0,0
TraesCS2D02G551600,1,1,0,0
TraesCS3A02G036600,0,0,0,0
TraesCS3A02G047800,1,1,0,0
TraesCS3A02G098700,1,1,0,0
TraesCS3A02G107600,1,1,0,0
TraesCS3A02G126300,0,0,0,0
TraesCS3A02G127800,1,1,0,0
TraesCS3A02G154700,1,1,0,0
TraesCS3A02G156400,1,1,0,0
TraesCS3A02G176300,0,0,0,0
TraesCS3A02G187300,1,1,0,0
TraesCS3A02G192000,0,0,0,0
TraesCS3A02G205700,0,0,0,0
TraesCS3A02G208300,1,1,0,0
TraesCS3A02G210400,0,0,0,0
TraesCS3A02G228700,0,0,0,0
TraesCS3A02G231400,1,1,0,0
TraesCS3A02G257600,1,1,0,0
TraesCS3A02G258500,0,0,0,0
TraesCS3A02G283900,0,0,0,0
TraesCS3A02G292700,1,1,0,0
TraesCS3A02G303300,1,1,0,0
TraesCS3A02G305700,1,1,0,0
TraesCS3A02G308300,1,1,0,0
TraesCS3A02G321300,1,1,0,0
TraesCS3A02G322100,1,1,0,0
TraesCS3A02G331500,1,1,0,0
TraesCS3A02G333300,1,1,0,0
TraesCS3A02G350700,1,1,0,0
TraesCS3A02G414700,1,1,0,0
TraesCS3A02G421700,0,0,0,0
TraesCS3A02G429100,2,2,0,0
TraesCS3A02G480900,1,1,0,0
TraesCS3A02G524400,1,1,0,0
TraesCS3B02G022900,1,1,0,0
TraesCS3B02G039000,1,1,0,0
TraesCS3B02G054800,9,9,0,0
TraesCS3B02G153200,1,1,0,0
TraesCS3B02G158200,2,2,0,0
TraesCS3B02G158300,1,1,0,0
TraesCS3B02G175500,1,1,0,0
TraesCS3B02G178900,0,0,0,0
TraesCS3B02G218200,1,1,0,0
TraesCS3B02G219200,0,0,0,0
TraesCS3B02G220900,0,0,0,0
TraesCS3B02G283100,1,1,0,0
TraesCS3B02G297500,0,0,0,0
TraesCS3B02G309700,1,1,0,0
TraesCS3B02G318700,1,1,0,0
TraesCS3B02G329800,1,1,0,0
TraesCS3B02G333000,1,1,0,0
TraesCS3B02G351100,1,1,0,0
TraesCS3B02G355800,1,1,0,0
TraesCS3B02G383700,1,1,0,0
TraesCS3B02G403600,0,0,0,0
TraesCS3B02G418300,1,1,0,0
TraesCS3B02G465800,1,1,0,0
TraesCS3B02G472000,1,1,0,0
TraesCS3B02G525400,1,1,0,0
TraesCS3B02G541000,1,1,0,0
TraesCS3B02G543900,0,0,0,0
TraesCS3B02G575600,1,1,0,0
TraesCS3B02G594200,2,2,0,0
TraesCS3B02G607500,0,0,0,0
TraesCS3D02G038800,1,1,0,0
TraesCS3D02G063300,1,1,0,0
TraesCS3D02G084200,1,1,0,0
TraesCS3D02G087500,1,1,0,0
TraesCS3D02G117300,0,0,0,0
TraesCS3D02G127300,0,0,0,0
TraesCS3D02G129900,1,1,0,0
TraesCS3D02G156100,1,1,0,0
TraesCS3D02G164700,3,3,0,0
TraesCS3D02G165600,1,1,0,0
TraesCS3D02G172600,1,1,0,0
TraesCS3D02G186400,1,1,0,0
TraesCS3D02G228100,2,2,0,0
TraesCS3D02G229500,1,1,0,0
TraesCS3D02G244100,1,1,0,0
TraesCS3D02G247500,0,0,0,0
TraesCS3D02G269000,1,1,0,0
TraesCS3D02G271100,1,1,0,0
TraesCS3D02G276800,1,1,0,0
TraesCS3D02G276900,1,1,0,0
TraesCS3D02G278200,0,0,0,0
TraesCS3D02G283000,1,1,0,0
TraesCS3D02G295200,1,1,0,0
TraesCS3D02G296200,1,1,0,0
TraesCS3D02G303700,1,1,0,0
TraesCS3D02G310000,1,1,0,0
TraesCS3D02G318700,1,1,0,0
TraesCS3D02G350900,2,2,0,0
TraesCS3D02G366800,1,1,0,0
TraesCS3D02G374300,1,1,0,0
TraesCS3D02G401100,0,0,0,0
TraesCS3D02G411800,1,1,0,0
TraesCS3D02G430300,1,1,0,0
TraesCS3D02G430400,1,1,0,0
TraesCS3D02G463900,0,0,0,0
TraesCS3D02G485400,1,1,0,0
TraesCS3D02G485500,1,1,0,0
TraesCS3D02G514900,1,1,0,0
TraesCS3D02G537600,0,0,0,0
TraesCS4A02G014700,10,10,0,0
TraesCS4A02G030000,2,2,0,0
TraesCS4A02G044800,1,1,0,0
TraesCS4A02G049700,1,1,0,0
TraesCS4A02G053900,1,1,0,0
TraesCS4A02G055900,0,0,0,0
TraesCS4A02G078000,2,2,0,0
TraesCS4A02G079500,1,1,0,0
TraesCS4A02G086800,1,1,0,0
TraesCS4A02G089400,1,1,0,0
TraesCS4A02G099400,0,0,0,0
TraesCS4A02G116000,1,1,0,0
TraesCS4A02G125600,0,0,0,0
TraesCS4A02G160900,0,0,0,0
TraesCS4A02G165700,1,1,0,0
TraesCS4A02G176000,1,1,0,0
TraesCS4A02G184500,0,0,0,0
TraesCS4A02G194600,0,0,0,0
TraesCS4A02G206700,1,1,0,0
TraesCS4A02G210200,1,1,0,0
TraesCS4A02G219500,1,1,0,0
TraesCS4A02G230000,1,1,0,0
TraesCS4A02G268100,1,1,0,0
TraesCS4A02G277800,1,1,0,0
TraesCS4A02G307800,1,1,0,0
TraesCS4A02G330300,0,0,0,0
TraesCS4A02G407200,0,0,0,0
TraesCS4A02G407600,0,0,0,0
TraesCS4A02G408900,0,0,0,0
TraesCS4A02G422900,1,1,0,0
TraesCS4A02G443500,4,4,0,0
TraesCS4A02G451900,1,1,0,0
TraesCS4A02G452800,1,1,0,0
TraesCS4A02G459400,1,1,0,0
TraesCS4A02G460100,3,3,0,0
TraesCS4A02G460800,3,3,0,0
TraesCS4A02G485600,4,4,0,0
TraesCS4B02G010700,2,2,0,0
TraesCS4B02G011300,2,2,0,0
TraesCS4B02G082300,1,1,0,0
TraesCS4B02G096100,1,1,0,0
TraesCS4B02G098000,0,0,0,0
TraesCS4B02G104400,0,0,0,0
TraesCS4B02G112700,1,1,0,0
TraesCS4B02G119100,1,1,0,0
TraesCS4B02G134100,1,1,0,0
TraesCS4B02G138800,0,0,0,0
TraesCS4B02G149900,1,1,0,0
TraesCS4B02G159900,1,1,0,0
TraesCS4B02G176300,1,1,0,0
TraesCS4B02G184000,1,1,0,0
TraesCS4B02G212600,1,1,0,0
TraesCS4B02G213200,0,0,0,0
TraesCS4B02G228500,0,0,0,0
TraesCS4B02G233300,1,1,0,0
TraesCS4B02G246800,2,2,0,0
TraesCS4B02G247300,1,1,0,0
TraesCS4B02G250800,0,0,0,0
TraesCS4B02G259700,1,1,0,0
TraesCS4B02G263200,1,1,0,0
TraesCS4B02G267400,1,1,0,0
TraesCS4B02G307000,0,0,0,0
TraesCS4B02G310900,1,1,0,0
TraesCS4B02G380800,1,1,0,0
TraesCS4D02G009500,2,2,0,0
TraesCS4D02G014200,1,1,0,0
TraesCS4D02G038900,1,1,0,0
TraesCS4D02G054500,1,1,0,0
TraesCS4D02G083400,0,0,0,0
TraesCS4D02G171500,1,1,0,0
TraesCS4D02G180300,1,1,0,0
TraesCS4D02G190700,1,1,0,0
TraesCS4D02G203400,1,1,0,0
TraesCS4D02G204600,1,1,0,0
TraesCS4D02G214400,1,1,0,0
TraesCS4D02G218800,0,0,0,0
TraesCS4D02G222800,1,1,0,0
TraesCS4D02G224000,1,1,0,0
TraesCS4D02G244400,1,1,0,0
TraesCS4D02G259000,0,0,0,0
TraesCS4D02G286500,4,4,0,0
TraesCS4D02G287400,1,1,0,0
TraesCS4D02G289100,1,1,0,0
TraesCS4D02G299800,1,1,0,0
TraesCS4D02G301800,0,0,0,0
TraesCS4D02G311400,1,1,0,0
TraesCS4D02G316900,2,2,0,0
TraesCS4D02G318400,1,1,0,0
TraesCS4D02G321800,1,1,0,0
TraesCS4D02G362400,0,0,0,0
TraesCS4D02G363000,0,0,0,0
TraesCS5A02G022800,1,1,0,0
TraesCS5A02G042700,0,0,0,0
TraesCS5A02G060300,1,1,0,0
TraesCS5A02G072300,1,1,0,0
TraesCS5A02G079600,1,1,0,0
TraesCS5A02G090000,1,1,0,0
TraesCS5A02G100100,1,1,0,0
TraesCS5A02G123000,0,0,0,0
TraesCS5A02G145800,0,0,0,0
TraesCS5A02G146800,0,0,0,0
TraesCS5A02G164300,1,1,0,0
TraesCS5A02G170400,1,1,0,0
TraesCS5A02G198700,1,1,0,0
TraesCS5A02G200600,1,1,0,0
TraesCS5A02G228800,1,1,0,0
TraesCS5A02G269100,0,0,0,0
TraesCS5A02G289300,0,0,0,0
TraesCS5A02G326300,1,1,0,0
TraesCS5A02G333800,2,2,0,0
TraesCS5A02G349600,0,0,0,0
TraesCS5A02G376400,0,0,0,0
TraesCS5A02G382400,1,1,0,0
TraesCS5A02G442300,0,0,0,0
TraesCS5A02G479300,1,1,0,0
TraesCS5A02G486700,0,0,0,0
TraesCS5A02G487400,0,0,0,0
TraesCS5A02G498900,0,0,0,0
TraesCS5A02G537300,1,1,0,0
TraesCS5A02G538200,0,0,0,0
TraesCS5A02G541000,0,0,0,0
TraesCS5B02G001100,1,1,0,0
TraesCS5B02G016300,40,40,0,0
TraesCS5B02G025200,0,0,0,0
TraesCS5B02G057900,3,3,0,0
TraesCS5B02G071600,1,1,0,0
TraesCS5B02G072800,1,1,0,0
TraesCS5B02G091000,1,1,0,0
TraesCS5B02G122400,0,0,0,0
TraesCS5B02G131800,1,1,0,0
TraesCS5B02G132600,1,1,0,0
TraesCS5B02G146100,1,1,0,0
TraesCS5B02G161900,0,0,0,0
TraesCS5B02G165800,0,0,0,0
TraesCS5B02G190600,1,1,0,0
TraesCS5B02G234500,1,1,0,0
TraesCS5B02G243400,3,3,0,0
TraesCS5B02G251900,1,1,0,0
TraesCS5B02G268800,0,0,0,0
TraesCS5B02G274400,3,3,0,0
TraesCS5B02G277100,1,1,0,0
TraesCS5B02G348100,1,1,0,0
TraesCS5B02G350800,1,1,0,0
TraesCS5B02G368600,0,0,0,0
TraesCS5B02G375800,0,0,0,0
TraesCS5B02G384400,0,0,0,0
TraesCS5B02G389100,1,1,0,0
TraesCS5B02G397900,1,1,0,0
TraesCS5B02G400000,1,1,0,0
TraesCS5B02G447200,2,2,0,0
TraesCS5B02G456100,2,2,0,0
TraesCS5B02G486200,0,0,0,0
TraesCS5B02G488200,1,1,0,0
TraesCS5B02G498400,2,2,0,0
TraesCS5B02G505500,1,1,0,0
TraesCS5B02G522200,2,2,0,0
TraesCS5D02G025300,1,1,0,0
TraesCS5D02G043300,1,1,0,0
TraesCS5D02G051200,0,0,0,0
TraesCS5D02G056600,4,4,0,0
TraesCS5D02G070800,1,1,0,0
TraesCS5D02G072300,1,1,0,0
TraesCS5D02G074100,1,1,0,0
TraesCS5D02G074600,0,0,0,0
TraesCS5D02G083600,1,1,0,0
TraesCS5D02G088800,1,1,0,0
TraesCS5D02G104900,1,1,0,0
TraesCS5D02G112200,1,1,0,0
TraesCS5D02G129500,0,0,0,0
TraesCS5D02G146400,0,0,0,0
TraesCS5D02G150000,1,1,0,0
TraesCS5D02G166600,1,1,0,0
TraesCS5D02G186600,1,1,0,0
TraesCS5D02G212600,4,4,0,0
TraesCS5D02G214500,1,1,0,0
TraesCS5D02G218200,0,0,0,0
TraesCS5D02G231800,1,1,0,0
TraesCS5D02G235400,1,1,0,0
TraesCS5D02G245600,2,2,0,0
TraesCS5D02G259100,1,1,0,0
TraesCS5D02G261000,2,2,0,0
TraesCS5D02G266500,2,2,0,0
TraesCS5D02G292200,1,1,0,0
TraesCS5D02G300000,0,0,0,0
TraesCS5D02G302000,0,0,0,0
TraesCS5D02G323200,0,0,0,0
TraesCS5D02G327900,0,0,0,0
TraesCS5D02G341800,0,0,0,0
TraesCS5D02G343900,0,0,0,0
TraesCS5D02G398700,0,0,0,0
TraesCS5D02G403300,0,0,0,0
TraesCS5D02G412300,0,0,0,0
TraesCS5D02G429600,1,1,0,0
TraesCS5D02G434300,0,0,0,0
TraesCS5D02G475900,0,0,0,0
TraesCS5D02G511900,1,1,0,0
TraesCS5D02G541800,1,1,0,0
TraesCS5D02G542400,0,0,0,0
TraesCS5D02G556600,3,3,0,0
TraesCS6A02G068400,1,1,0,0
TraesCS6A02G084700,1,1,0,0
TraesCS6A02G102300,0,0,0,0
TraesCS6A02G102800,2,2,0,0
TraesCS6A02G142100,1,1,0,0
TraesCS6A02G143100,1,1,0,0
TraesCS6A02G170400,1,1,0,0
TraesCS6A02G188800,1,1,0,0
TraesCS6A02G207600,1,1,0,0
TraesCS6A02G231400,0,0,0,0
TraesCS6A02G245000,1,1,0,0
TraesCS6A02G255700,1,1,0,0
TraesCS6A02G262300,0,0,0,0
TraesCS6A02G277600,1,1,0,0
TraesCS6A02G300400,1,1,0,0
TraesCS6A02G302200,1,1,0,0
TraesCS6A02G306800,0,0,0,0
TraesCS6A02G307800,1,1,0,0
TraesCS6A02G312900,0,0,0,0
TraesCS6A02G315300,1,1,0,0
TraesCS6A02G333800,1,1,0,0
TraesCS6A02G348100,0,0,0,0
TraesCS6A02G355000,1,1,0,0
TraesCS6A02G355100,0,0,0,0
TraesCS6A02G401700,1,1,0,0
TraesCS6A02G415300,2,2,0,0
TraesCS6B02G032500,3,3,0,0
TraesCS6B02G083500,2,2,0,0
TraesCS6B02G096100,1,1,0,0
TraesCS6B02G103600,1,1,0,0
TraesCS6B02G130600,0,0,0,0
TraesCS6B02G133600,1,1,0,0
TraesCS6B02G177400,0,0,0,0
TraesCS6B02G200600,1,1,0,0
TraesCS6B02G205400,13,13,0,0
TraesCS6B02G215700,1,1,0,0
TraesCS6B02G247700,0,0,0,0
TraesCS6B02G264000,0,0,0,0
TraesCS6B02G279100,1,1,0,0
TraesCS6B02G306000,1,1,0,0
TraesCS6B02G353900,1,1,0,0
TraesCS6B02G362600,1,1,0,0
TraesCS6B02G411600,1,1,0,0
TraesCS6D02G045600,1,1,0,0
TraesCS6D02G054000,2,2,0,0
TraesCS6D02G113600,1,1,0,0
TraesCS6D02G125200,1,1,0,0
TraesCS6D02G177500,1,1,0,0
TraesCS6D02G206400,2,2,0,0
TraesCS6D02G219400,0,0,0,0
TraesCS6D02G235600,1,1,0,0
TraesCS6D02G258200,1,1,0,0
TraesCS6D02G258300,1,1,0,0
TraesCS6D02G272600,1,1,0,0
TraesCS6D02G278300,1,1,0,0
TraesCS6D02G294100,1,1,0,0
TraesCS6D02G296000,1,1,0,0
TraesCS6D02G326300,0,0,0,0
TraesCS6D02G337200,1,1,0,0
TraesCS6D02G347300,0,0,0,0
TraesCS6D02G358100,1,1,0,0
TraesCS6D02G389800,0,0,0,0
TraesCS6D02G404900,2,2,0,0
TraesCS7A02G029600,4,4,0,0
TraesCS7A02G038000,1,1,0,0
TraesCS7A02G047200,1,1,0,0
TraesCS7A02G120300,1,1,0,0
TraesCS7A02G138900,2,2,0,0
TraesCS7A02G160600,1,1,0,0
TraesCS7A02G163000,3,3,0,0
TraesCS7A02G163400,1,1,0,0
TraesCS7A02G182300,3,3,0,0
TraesCS7A02G202900,1,1,0,0
TraesCS7A02G208500,1,1,0,0
TraesCS7A02G223300,1,1,0,0
TraesCS7A02G233900,0,0,0,0
TraesCS7A02G240100,1,1,0,0
TraesCS7A02G248000,1,1,0,0
TraesCS7A02G251400,1,1,0,0
TraesCS7A02G262000,1,1,0,0
TraesCS7A02G281800,0,0,0,0
TraesCS7A02G310600,1,1,0,0
TraesCS7A02G328600,1,1,0,0
TraesCS7A02G332800,1,1,0,0
TraesCS7A02G336500,1,1,0,0
TraesCS7A02G347300,1,1,0,0
TraesCS7A02G356800,1,1,0,0
TraesCS7A02G380000,2,2,0,0
TraesCS7A02G460700,1,1,0,0
TraesCS7A02G548300,3,3,0,0
TraesCS7B02G029800,0,0,0,0
TraesCS7B02G048300,1,1,0,0
TraesCS7B02G081000,5,5,0,0
TraesCS7B02G112500,1,1,0,0
TraesCS7B02G131800,1,1,0,0
TraesCS7B02G132000,1,1,0,0
TraesCS7B02G139700,1,1,0,0
TraesCS7B02G183300,1,1,0,0
TraesCS7B02G183800,1,1,0,0
TraesCS7B02G199000,1,1,0,0
TraesCS7B02G230300,0,0,0,0
TraesCS7B02G252000,0,0,0,0
TraesCS7B02G263800,1,1,0,0
TraesCS7B02G325500,1,1,0,0
TraesCS7B02G345700,1,1,0,0
TraesCS7B02G351000,1,1,0,0
TraesCS7B02G363900,1,1,0,0
TraesCS7B02G422600,1,1,0,0
TraesCS7B02G483900,1,1,0,0
TraesCS7D02G027500,0,0,0,0
TraesCS7D02G032300,1,1,0,0
TraesCS7D02G033000,1,1,0,0
TraesCS7D02G056500,1,1,0,0
TraesCS7D02G060600,1,1,0,0
TraesCS7D02G072100,1,1,0,0
TraesCS7D02G086900,1,1,0,0
TraesCS7D02G117800,1,1,0,0
TraesCS7D02G151200,0,0,0,0
TraesCS7D02G159100,0,0,0,0
TraesCS7D02G160500,1,1,0,0
TraesCS7D02G212100,1,1,0,0
TraesCS7D02G222000,1,1,0,0
TraesCS7D02G249500,2,2,0,0
TraesCS7D02G258900,0,0,0,0
TraesCS7D02G284900,1,1,0,0
TraesCS7D02G290200,1,1,0,0
TraesCS7D02G340800,0,0,0,0
TraesCS7D02G364600,1,1,0,0
TraesCS7D02G381900,0,0,0,0
TraesCS7D02G382700,1,1,0,0
TraesCS7D02G399400,1,1,0,0
TraesCS7D02G417100,1,1,0,0
TraesCS7D02G440200,1,1,0,0
TraesCS7D02G451900,1,1,0,0
TraesCS7D02G465400,7,7,0,0
TraesCS7D02G465500,1,1,0,0
TraesCS7D02G500100,2,2,0,0
TraesCS7D02G500900,1,1,0,0
TraesCS7D02G501600,1,1,0,0
TraesCS7D02G543000,0,0,0,0
TraesCSU02G029000,2,2,0,0
TraesCSU02G058100,1,1,0,0
TraesCSU02G105900,1,1,0,0
TraesCSU02G117700,1,1,0,0
TraesCS2B02G178300,1,2,-1,1
TraesCS2B02G482400,0,1,-1,1
TraesCS3A02G285500,1,2,-1,1
TraesCS4A02G363200,1,2,-1,1
TraesCS4B02G073600,2,3,-1,1
TraesCS5A02G363700,0,1,-1,1
TraesCS5A02G438600,1,2,-1,1
TraesCS5D02G411500,0,1,-1,1
TraesCS5D02G514900,1,2,-1,1
TraesCS5D02G515000,0,1,-1,1
TraesCS6A02G176600,0,1,-1,1
TraesCS7A02G329600,1,2,-1,1
TraesCS7D02G020700,0,1,-1,1
TraesCS1A02G231200,0,1,-1,1
TraesCS1B02G254300,0,1,-1,1
TraesCS2A02G427700,1,2,-1,1
TraesCS2B02G304800,0,1,-1,1
TraesCS2B02G531100,1,2,-1,1
TraesCS2B02G542400,0,1,-1,1
TraesCS2D02G503900,0,1,-1,1
TraesCS2D02G506500,2,3,-1,1
TraesCS2D02G515900,1,2,-1,1
TraesCS4A02G005400,1,2,-1,1
TraesCS4D02G291300,1,2,-1,1
TraesCS5D02G150500,0,1,-1,1
TraesCS5D02G486600,0,1,-1,1
TraesCS6A02G171900,0,1,-1,1
TraesCS6A02G181400,0,1,-1,1
TraesCS6A02G301900,1,2,-1,1
TraesCS6B02G280800,1,2,-1,1
TraesCS6D02G121100,0,1,-1,1
TraesCS7A02G264100,0,1,-1,1
TraesCS7D02G127600,1,2,-1,1
TraesCS7D02G372700,0,1,-1,1
TraesCS1A02G156600,0,1,-1,1
TraesCS1A02G334900,0,1,-1,1
TraesCS1B02G424700,0,1,-1,1
TraesCS1D02G337400,0,1,-1,1
TraesCS2A02G309300,0,1,-1,1
TraesCS2B02G397300,0,1,-1,1
TraesCS2B02G578500,1,2,-1,1
TraesCS2D02G376600,0,1,-1,1
TraesCS3B02G273400,0,1,-1,1
TraesCS3D02G245400,1,2,-1,1
TraesCS6B02G141300,1,2,-1,1
TraesCS6B02G167100,0,1,-1,1
TraesCS6D02G127600,0,1,-1,1
TraesCS7A02G416400,0,1,-1,1
TraesCS7A02G461700,0,1,-1,1
TraesCS7A02G475700,1,2,-1,1
TraesCS7D02G409700,0,1,-1,1
TraesCS7D02G449900,0,1,-1,1
TraesCS2A02G194500,2,3,-1,1
TraesCS2B02G212400,2,3,-1,1
TraesCS2D02G193400,2,3,-1,1
TraesCS3D02G091700,1,2,-1,1
TraesCS4B02G079900,0,1,-1,1
TraesCS2A02G461700,2,3,-1,1
TraesCS5B02G380200,1,2,-1,1
TraesCS6B02G411300,0,1,-1,1
TraesCS6D02G341200,1,2,-1,1
TraesCS7A02G311800,1,2,-1,1
TraesCS7B02G026300,1,2,-1,1
TraesCS2A02G251100,1,2,-1,1
TraesCS5A02G121800,1,2,-1,1
TraesCS4A02G268500,0,1,-1,1
TraesCS4B02G045700,1,2,-1,1
TraesCS5B02G163500,1,2,-1,1
TraesCS6B02G248400,0,1,-1,1
TraesCS2A02G591000,1,2,-1,1
TraesCS2B02G592800,1,2,-1,1
TraesCS2B02G592900,0,1,-1,1
TraesCS2D02G231600,0,1,-1,1
TraesCS3D02G185500,1,2,-1,1
TraesCS3D02G537400,0,1,-1,1
TraesCS1B02G126600,1,2,-1,1
TraesCS1B02G353700,0,1,-1,1
TraesCS2B02G406400,0,1,-1,1
TraesCS3B02G603900,0,1,-1,1
TraesCS5A02G022100,0,1,-1,1
TraesCS5B02G018600,0,1,-1,1
TraesCS7B02G264800,2,3,-1,1
TraesCS7D02G359900,2,3,-1,1
TraesCS1A02G397300,0,1,-1,1
TraesCS1B02G425600,0,1,-1,1
TraesCS1B02G444400,0,1,-1,1
TraesCS1D02G421700,0,1,-1,1
TraesCS2B02G051800,0,1,-1,1
TraesCS2B02G515600,0,1,-1,1
TraesCS2D02G101800,0,1,-1,1
TraesCS3A02G179200,0,1,-1,1
TraesCS3B02G201900,0,1,-1,1
TraesCS3D02G181900,0,1,-1,1
TraesCS4A02G190800,1,2,-1,1
TraesCS4A02G276700,0,1,-1,1
TraesCS4B02G124600,0,1,-1,1
TraesCS4D02G122500,0,1,-1,1
TraesCS5A02G267500,1,2,-1,1
TraesCS5D02G275300,0,1,-1,1
TraesCS6A02G340600,0,1,-1,1
TraesCS6B02G372100,0,1,-1,1
TraesCS6D02G321200,0,1,-1,1
TraesCS7D02G294600,1,2,-1,1
TraesCS3D02G426700,1,2,-1,1
TraesCS1A02G288500,1,2,-1,1
TraesCS1A02G411700,0,1,-1,1
TraesCS2D02G180700,0,1,-1,1
TraesCS2B02G198700,5,6,-1,1
TraesCS5A02G256500,1,2,-1,1
TraesCS5D02G265000,1,2,-1,1
TraesCS1B02G462600,0,1,-1,1
TraesCS5A02G053800,0,1,-1,1
TraesCS5B02G062400,1,2,-1,1
TraesCS6B02G093900,0,1,-1,1
TraesCS6D02G067500,0,1,-1,1
TraesCS1A02G139700,0,1,-1,1
TraesCS6B02G341900,0,1,-1,1
TraesCS6D02G291000,1,2,-1,1
TraesCS7D02G199600,0,1,-1,1
TraesCS4A02G129400,0,1,-1,1
TraesCS3B02G504100,1,2,-1,1
TraesCS1B02G022900,0,1,-1,1
TraesCS1B02G178800,0,1,-1,1
TraesCS1D02G018400,0,1,-1,1
TraesCS2A02G317000,1,2,-1,1
TraesCS2B02G335400,2,3,-1,1
TraesCS2D02G314900,1,2,-1,1
TraesCS6B02G449300,0,1,-1,1
TraesCS6D02G388400,1,2,-1,1
TraesCS7A02G258700,0,1,-1,1
TraesCS7B02G154300,1,2,-1,1
TraesCS2D02G119100,0,1,-1,1
TraesCS3D02G531900,1,2,-1,1
TraesCS5A02G153000,7,8,-1,1
TraesCS5D02G081000,0,1,-1,1
TraesCS5D02G411800,2,3,-1,1
TraesCS6B02G424600,0,1,-1,1
TraesCS7D02G404000,1,2,-1,1
TraesCS2B02G176900,1,2,-1,1
TraesCS3D02G037800,1,2,-1,1
TraesCS3D02G176400,1,2,-1,1
TraesCS4B02G159600,1,2,-1,1
TraesCS6D02G305700,0,1,-1,1
TraesCS7A02G199000,0,1,-1,1
TraesCS7B02G105700,0,1,-1,1
TraesCS7D02G170000,1,2,-1,1
TraesCS7D02G201700,1,2,-1,1
TraesCS3A02G233000,0,1,-1,1
TraesCS3B02G392600,1,2,-1,1
TraesCS3D02G354100,1,2,-1,1
TraesCS4A02G176300,1,2,-1,1
TraesCS4A02G191300,1,2,-1,1
TraesCS4B02G124000,2,3,-1,1
TraesCS4D02G054000,0,1,-1,1
TraesCS4D02G122000,1,2,-1,1
TraesCS4D02G136400,1,2,-1,1
TraesCS5D02G422300,0,1,-1,1
TraesCS7A02G059000,0,1,-1,1
TraesCS2D02G246600,0,1,-1,1
TraesCS4D02G020300,1,2,-1,1
TraesCS1A02G395600,0,1,-1,1
TraesCS4A02G040600,1,2,-1,1
TraesCS5B02G047200,1,2,-1,1
TraesCS5D02G052300,1,2,-1,1
TraesCS5D02G149400,0,1,-1,1
TraesCS4B02G235300,1,2,-1,1
TraesCS5A02G199300,1,2,-1,1
TraesCS1A02G193400,0,1,-1,1
TraesCS1B02G208400,0,1,-1,1
TraesCS1D02G197300,0,1,-1,1
TraesCS3B02G331200,0,1,-1,1
TraesCS5B02G315100,0,1,-1,1
TraesCS5D02G445100,0,1,-1,1
TraesCS7B02G168300,1,2,-1,1
TraesCS7D02G270600,2,3,-1,1
TraesCS2A02G401600,0,1,-1,1
TraesCS4B02G278100,0,1,-1,1
TraesCS4B02G385800,1,2,-1,1
TraesCS5B02G556200,0,1,-1,1
TraesCS3D02G427900,0,1,-1,1
TraesCS4B02G351500,1,2,-1,1
TraesCS3D02G284200,0,1,-1,1
TraesCS4B02G245800,1,2,-1,1
TraesCS5B02G396600,0,1,-1,1
TraesCS6B02G186700,0,1,-1,1
TraesCS7A02G122000,0,1,-1,1
TraesCS1A02G067200,0,1,-1,1
TraesCS1D02G252000,0,1,-1,1
TraesCS2B02G218100,0,1,-1,1
TraesCS2D02G198500,0,1,-1,1
TraesCS3B02G538400,1,2,-1,1
TraesCS6A02G019600,0,1,-1,1
TraesCS6A02G031600,1,2,-1,1
TraesCS6A02G032300,0,1,-1,1
TraesCS6A02G058000,0,1,-1,1
TraesCS6A02G214200,0,1,-1,1
TraesCS6A02G270600,1,2,-1,1
TraesCS6B02G021900,0,1,-1,1
TraesCS6B02G025600,1,2,-1,1
TraesCS6B02G027600,1,2,-1,1
TraesCS6B02G045300,0,1,-1,1
TraesCS6B02G076900,0,1,-1,1
TraesCS6B02G333200,1,2,-1,1
TraesCS6B02G395300,0,1,-1,1
TraesCS6D02G020600,1,2,-1,1
TraesCS6D02G022100,1,2,-1,1
TraesCS6D02G034400,0,1,-1,1
TraesCS6D02G037100,0,1,-1,1
TraesCS6D02G196900,0,1,-1,1
TraesCS7A02G182800,1,2,-1,1
TraesCS7A02G250000,1,2,-1,1
TraesCS7B02G141200,1,2,-1,1
TraesCS7B02G149800,0,1,-1,1
TraesCS7D02G184000,1,2,-1,1
TraesCS7D02G203000,0,1,-1,1
TraesCS7D02G248600,0,1,-1,1
TraesCS2B02G583800,3,4,-1,1
TraesCS1A02G068300,0,1,-1,1
TraesCS1A02G219400,0,1,-1,1
TraesCS1A02G268800,0,1,-1,1
TraesCS1A02G278900,0,1,-1,1
TraesCS1B02G232300,1,2,-1,1
TraesCS1D02G428400,1,2,-1,1
TraesCS2A02G338200,1,2,-1,1
TraesCS2A02G441300,0,1,-1,1
TraesCS2D02G163700,1,2,-1,1
TraesCS2D02G456900,1,2,-1,1
TraesCS3A02G109300,1,2,-1,1
TraesCS3A02G200300,1,2,-1,1
TraesCS3B02G128500,1,2,-1,1
TraesCS3B02G290600,1,2,-1,1
TraesCS3B02G367500,0,1,-1,1
TraesCS3B02G399300,1,2,-1,1
TraesCS3D02G108000,0,1,-1,1
TraesCS3D02G109100,1,2,-1,1
TraesCS3D02G360500,1,2,-1,1
TraesCS3D02G432300,0,1,-1,1
TraesCS5A02G227400,0,1,-1,1
TraesCS5A02G307100,0,1,-1,1
TraesCS5A02G450800,0,1,-1,1
TraesCS5B02G157300,1,2,-1,1
TraesCS5B02G307500,0,1,-1,1
TraesCS5B02G459200,0,1,-1,1
TraesCS5D02G234800,1,2,-1,1
TraesCS5D02G314000,0,1,-1,1
TraesCS5D02G460800,0,1,-1,1
TraesCS6D02G239800,0,1,-1,1
TraesCS7A02G272100,1,2,-1,1
TraesCS7A02G299400,0,1,-1,1
TraesCS7A02G415800,2,3,-1,1
TraesCS7B02G188000,0,1,-1,1
TraesCS7B02G315800,1,2,-1,1
TraesCS7D02G409100,1,2,-1,1
TraesCS2A02G101400,1,2,-1,1
TraesCS2A02G326500,1,2,-1,1
TraesCS2B02G355500,1,2,-1,1
TraesCS3A02G406000,1,2,-1,1
TraesCS3D02G401200,1,2,-1,1
TraesCS3D02G480900,1,2,-1,1
TraesCS4B02G132500,1,2,-1,1
TraesCS5A02G143100,2,3,-1,1
TraesCS5B02G141900,1,2,-1,1
TraesCS5B02G480900,0,1,-1,1
TraesCS6A02G208900,0,1,-1,1
TraesCS6D02G362900,1,2,-1,1
TraesCS7A02G357500,1,2,-1,1
TraesCS7A02G464800,2,3,-1,1
TraesCS7D02G210600,1,2,-1,1
TraesCS7D02G263800,1,2,-1,1
TraesCS6B02G291400,1,2,-1,1
TraesCS6D02G250500,0,1,-1,1
TraesCS7A02G394800,2,3,-1,1
TraesCS7D02G390300,1,2,-1,1
TraesCS2D02G079600,1,2,-1,1
TraesCS4A02G105300,2,3,-1,1
TraesCS6B02G253900,1,2,-1,1
TraesCS6D02G207100,1,2,-1,1
TraesCS2B02G422300,1,2,-1,1
TraesCS2D02G350400,0,1,-1,1
TraesCS2D02G401300,0,1,-1,1
TraesCS4D02G083200,0,1,-1,1
TraesCS3B02G468400,1,2,-1,1
TraesCS5D02G294400,1,2,-1,1
TraesCS6A02G110100,1,2,-1,1
TraesCS6B02G138400,1,2,-1,1
TraesCS6D02G098500,1,2,-1,1
TraesCS7D02G248000,1,2,-1,1
TraesCS1B02G467100,1,2,-1,1
TraesCS7B02G184800,1,2,-1,1
TraesCS7D02G292000,1,2,-1,1
TraesCSU02G136000,1,2,-1,1
TraesCS2B02G359400,1,2,-1,1
TraesCS7D02G407600,1,2,-1,1
TraesCS2A02G169300,1,2,-1,1
TraesCS2B02G534800,0,1,-1,1
TraesCS2A02G120900,0,1,-1,1
TraesCS6D02G252800,0,1,-1,1
TraesCS1A02G335900,0,1,-1,1
TraesCS1D02G338300,0,1,-1,1
TraesCS7D02G091500,1,2,-1,1
TraesCS1D02G429900,1,2,-1,1
TraesCS2A02G270200,1,2,-1,1
TraesCS2D02G431000,1,2,-1,1
TraesCS3A02G242500,1,2,-1,1
TraesCS4A02G128100,0,1,-1,1
TraesCS4D02G119700,0,1,-1,1
TraesCS4D02G178400,0,1,-1,1
TraesCS5A02G258100,0,1,-1,1
TraesCS5B02G108500,0,1,-1,1
TraesCS5B02G257300,0,1,-1,1
TraesCS5B02G399900,1,2,-1,1
TraesCS5D02G266300,0,1,-1,1
TraesCS5D02G349800,1,2,-1,1
TraesCS5D02G404400,1,2,-1,1
TraesCS7D02G287200,0,1,-1,1
TraesCS1A02G005700,0,1,-1,1
TraesCS1A02G020400,1,2,-1,1
TraesCS1A02G032700,0,1,-1,1
TraesCS1A02G043600,1,2,-1,1
TraesCS1A02G045500,5,6,-1,1
TraesCS1A02G070700,0,1,-1,1
TraesCS1A02G093900,0,1,-1,1
TraesCS1A02G113600,1,2,-1,1
TraesCS1A02G115000,1,2,-1,1
TraesCS1A02G137500,0,1,-1,1
TraesCS1A02G151500,1,2,-1,1
TraesCS1A02G153800,0,1,-1,1
TraesCS1A02G155200,0,1,-1,1
TraesCS1A02G160200,0,1,-1,1
TraesCS1A02G181600,2,3,-1,1
TraesCS1A02G182000,0,1,-1,1
TraesCS1A02G192900,1,2,-1,1
TraesCS1A02G210800,1,2,-1,1
TraesCS1A02G213400,1,2,-1,1
TraesCS1A02G218200,0,1,-1,1
TraesCS1A02G232400,0,1,-1,1
TraesCS1A02G239800,1,2,-1,1
TraesCS1A02G241300,0,1,-1,1
TraesCS1A02G246400,0,1,-1,1
TraesCS1A02G260400,0,1,-1,1
TraesCS1A02G267300,0,1,-1,1
TraesCS1A02G270600,1,2,-1,1
TraesCS1A02G291400,1,2,-1,1
TraesCS1A02G304400,1,2,-1,1
TraesCS1A02G331700,0,1,-1,1
TraesCS1A02G348200,4,5,-1,1
TraesCS1A02G358000,0,1,-1,1
TraesCS1A02G363800,1,2,-1,1
TraesCS1A02G368800,0,1,-1,1
TraesCS1A02G371800,0,1,-1,1
TraesCS1A02G381200,0,1,-1,1
TraesCS1A02G402200,1,2,-1,1
TraesCS1A02G412900,1,2,-1,1
TraesCS1A02G413300,0,1,-1,1
TraesCS1A02G417400,0,1,-1,1
TraesCS1A02G420200,0,1,-1,1
TraesCS1A02G425100,1,2,-1,1
TraesCS1A02G443100,0,1,-1,1
TraesCS1B02G076900,1,2,-1,1
TraesCS1B02G138100,0,1,-1,1
TraesCS1B02G159500,2,3,-1,1
TraesCS1B02G211300,6,7,-1,1
TraesCS1B02G257700,1,2,-1,1
TraesCS1B02G261300,0,1,-1,1
TraesCS1B02G270600,0,1,-1,1
TraesCS1B02G297800,1,2,-1,1
TraesCS1B02G307600,0,1,-1,1
TraesCS1B02G314900,0,1,-1,1
TraesCS1B02G375100,1,2,-1,1
TraesCS1B02G377300,0,1,-1,1
TraesCS1B02G400400,0,1,-1,1
TraesCS1D02G052200,1,2,-1,1
TraesCS1D02G055000,1,2,-1,1
TraesCS1D02G102500,0,1,-1,1
TraesCS1D02G133000,0,1,-1,1
TraesCS1D02G138800,1,2,-1,1
TraesCS1D02G153900,0,1,-1,1
TraesCS1D02G194800,0,1,-1,1
TraesCS1D02G214100,0,1,-1,1
TraesCS1D02G217200,0,1,-1,1
TraesCS1D02G222900,1,2,-1,1
TraesCS1D02G235500,0,1,-1,1
TraesCS1D02G236400,1,2,-1,1
TraesCS1D02G250400,0,1,-1,1
TraesCS1D02G260400,0,1,-1,1
TraesCS1D02G277300,1,2,-1,1
TraesCS1D02G289300,1,2,-1,1
TraesCS1D02G296100,0,1,-1,1
TraesCS1D02G302000,0,1,-1,1
TraesCS1D02G321000,0,1,-1,1
TraesCS1D02G366800,0,1,-1,1
TraesCS1D02G368900,1,2,-1,1
TraesCS1D02G371200,1,2,-1,1
TraesCS1D02G383100,0,1,-1,1
TraesCS1D02G394800,23,24,-1,1
TraesCS1D02G406500,1,2,-1,1
TraesCS2A02G037400,0,1,-1,1
TraesCS2A02G082000,1,2,-1,1
TraesCS2A02G117900,1,2,-1,1
TraesCS2A02G183200,0,1,-1,1
TraesCS2A02G207000,0,1,-1,1
TraesCS2A02G214300,0,1,-1,1
TraesCS2A02G215800,0,1,-1,1
TraesCS2A02G224900,0,1,-1,1
TraesCS2A02G231000,0,1,-1,1
TraesCS2A02G256500,1,2,-1,1
TraesCS2A02G260600,4,5,-1,1
TraesCS2A02G268200,1,2,-1,1
TraesCS2A02G270500,0,1,-1,1
TraesCS2A02G296100,0,1,-1,1
TraesCS2A02G378600,1,2,-1,1
TraesCS2A02G388000,2,3,-1,1
TraesCS2A02G414300,0,1,-1,1
TraesCS2A02G423700,1,2,-1,1
TraesCS2A02G449100,0,1,-1,1
TraesCS2A02G501400,1,2,-1,1
TraesCS2A02G517100,0,1,-1,1
TraesCS2A02G517800,0,1,-1,1
TraesCS2A02G585800,1,2,-1,1
TraesCS2B02G048700,0,1,-1,1
TraesCS2B02G101900,1,2,-1,1
TraesCS2B02G171100,0,1,-1,1
TraesCS2B02G192900,0,1,-1,1
TraesCS2B02G197500,0,1,-1,1
TraesCS2B02G241800,0,1,-1,1
TraesCS2B02G281900,0,1,-1,1
TraesCS2B02G298700,1,2,-1,1
TraesCS2B02G301600,1,2,-1,1
TraesCS2B02G309000,0,1,-1,1
TraesCS2B02G309500,1,2,-1,1
TraesCS2B02G324200,0,1,-1,1
TraesCS2B02G357400,0,1,-1,1
TraesCS2B02G392700,0,1,-1,1
TraesCS2B02G407000,0,1,-1,1
TraesCS2B02G469400,0,1,-1,1
TraesCS2B02G469900,2,3,-1,1
TraesCS2B02G474500,2,3,-1,1
TraesCS2D02G082800,0,1,-1,1
TraesCS2D02G106600,1,2,-1,1
TraesCS2D02G117100,1,2,-1,1
TraesCS2D02G135600,0,1,-1,1
TraesCS2D02G173300,1,2,-1,1
TraesCS2D02G178600,1,2,-1,1
TraesCS2D02G190600,0,1,-1,1
TraesCS2D02G211800,0,1,-1,1
TraesCS2D02G235600,0,1,-1,1
TraesCS2D02G249000,0,1,-1,1
TraesCS2D02G250700,0,1,-1,1
TraesCS2D02G273700,0,1,-1,1
TraesCS2D02G290800,1,2,-1,1
TraesCS2D02G295500,1,2,-1,1
TraesCS2D02G303200,1,2,-1,1
TraesCS2D02G338400,0,1,-1,1
TraesCS2D02G346700,0,1,-1,1
TraesCS2D02G358000,1,2,-1,1
TraesCS2D02G359100,0,1,-1,1
TraesCS2D02G372000,2,3,-1,1
TraesCS2D02G391000,0,1,-1,1
TraesCS2D02G391100,0,1,-1,1
TraesCS2D02G411800,0,1,-1,1
TraesCS2D02G428900,0,1,-1,1
TraesCS2D02G430700,0,1,-1,1
TraesCS2D02G432400,1,2,-1,1
TraesCS2D02G433300,1,2,-1,1
TraesCS2D02G447800,0,1,-1,1
TraesCS2D02G452800,1,2,-1,1
TraesCS2D02G518700,0,1,-1,1
TraesCS2D02G558800,0,1,-1,1
TraesCS3A02G009600,0,1,-1,1
TraesCS3A02G080700,0,1,-1,1
TraesCS3A02G117800,0,1,-1,1
TraesCS3A02G154000,0,1,-1,1
TraesCS3A02G158500,1,2,-1,1
TraesCS3A02G210100,0,1,-1,1
TraesCS3A02G224700,0,1,-1,1
TraesCS3A02G230400,0,1,-1,1
TraesCS3A02G249800,0,1,-1,1
TraesCS3A02G261700,1,2,-1,1
TraesCS3A02G314500,1,2,-1,1
TraesCS3A02G358200,3,4,-1,1
TraesCS3A02G365600,1,2,-1,1
TraesCS3A02G407800,2,3,-1,1
TraesCS3A02G408200,2,3,-1,1
TraesCS3A02G438000,0,1,-1,1
TraesCS3A02G438100,0,1,-1,1
TraesCS3A02G508800,0,1,-1,1
TraesCS3B02G141100,0,1,-1,1
TraesCS3B02G145500,0,1,-1,1
TraesCS3B02G160600,1,2,-1,1
TraesCS3B02G167000,0,1,-1,1
TraesCS3B02G185300,1,2,-1,1
TraesCS3B02G197300,0,1,-1,1
TraesCS3B02G202600,0,1,-1,1
TraesCS3B02G215400,0,1,-1,1
TraesCS3B02G226800,0,1,-1,1
TraesCS3B02G229700,0,1,-1,1
TraesCS3B02G233000,1,2,-1,1
TraesCS3B02G235000,1,2,-1,1
TraesCS3B02G269800,0,1,-1,1
TraesCS3B02G287000,0,1,-1,1
TraesCS3B02G327500,0,1,-1,1
TraesCS3B02G330800,1,2,-1,1
TraesCS3B02G356500,1,2,-1,1
TraesCS3B02G360000,21,22,-1,1
TraesCS3B02G413600,0,1,-1,1
TraesCS3B02G502300,0,1,-1,1
TraesCS3B02G506700,0,1,-1,1
TraesCS3B02G536400,0,1,-1,1
TraesCS3B02G568500,1,2,-1,1
TraesCS3B02G568800,49,50,-1,1
TraesCS3B02G607800,0,1,-1,1
TraesCS3D02G034400,0,1,-1,1
TraesCS3D02G035000,0,1,-1,1
TraesCS3D02G057500,0,1,-1,1
TraesCS3D02G067500,1,2,-1,1
TraesCS3D02G074400,1,2,-1,1
TraesCS3D02G083200,0,1,-1,1
TraesCS3D02G090200,0,1,-1,1
TraesCS3D02G091000,0,1,-1,1
TraesCS3D02G095600,0,1,-1,1
TraesCS3D02G123900,0,1,-1,1
TraesCS3D02G146700,0,1,-1,1
TraesCS3D02G169600,0,1,-1,1
TraesCS3D02G206400,1,2,-1,1
TraesCS3D02G211600,1,2,-1,1
TraesCS3D02G219400,1,2,-1,1
TraesCS3D02G222200,0,1,-1,1
TraesCS3D02G239300,0,1,-1,1
TraesCS3D02G246800,1,2,-1,1
TraesCS3D02G255900,1,2,-1,1
TraesCS3D02G283400,1,2,-1,1
TraesCS3D02G292500,0,1,-1,1
TraesCS3D02G299700,1,2,-1,1
TraesCS3D02G304600,0,1,-1,1
TraesCS3D02G305500,0,1,-1,1
TraesCS3D02G315200,1,2,-1,1
TraesCS3D02G345900,0,1,-1,1
TraesCS3D02G354500,0,1,-1,1
TraesCS3D02G370600,0,1,-1,1
TraesCS3D02G376700,1,2,-1,1
TraesCS3D02G412200,1,2,-1,1
TraesCS3D02G457800,1,2,-1,1
TraesCS3D02G478800,46,47,-1,1
TraesCS3D02G514700,4,5,-1,1
TraesCS4A02G021400,0,1,-1,1
TraesCS4A02G057700,1,2,-1,1
TraesCS4A02G079200,0,1,-1,1
TraesCS4A02G095300,0,1,-1,1
TraesCS4A02G124700,1,2,-1,1
TraesCS4A02G182000,0,1,-1,1
TraesCS4A02G214000,0,1,-1,1
TraesCS4A02G214200,1,2,-1,1
TraesCS4A02G233200,1,2,-1,1
TraesCS4A02G236800,0,1,-1,1
TraesCS4A02G239800,1,2,-1,1
TraesCS4A02G245800,0,1,-1,1
TraesCS4A02G280800,0,1,-1,1
TraesCS4A02G291600,0,1,-1,1
TraesCS4A02G326000,0,1,-1,1
TraesCS4A02G334800,0,1,-1,1
TraesCS4A02G339300,0,1,-1,1
TraesCS4A02G357200,1,2,-1,1
TraesCS4A02G364200,0,1,-1,1
TraesCS4A02G366300,0,1,-1,1
TraesCS4A02G367600,0,1,-1,1
TraesCS4A02G495800,0,1,-1,1
TraesCS4B02G009800,1,2,-1,1
TraesCS4B02G038000,0,1,-1,1
TraesCS4B02G042600,0,1,-1,1
TraesCS4B02G044300,0,1,-1,1
TraesCS4B02G050400,1,2,-1,1
TraesCS4B02G069700,0,1,-1,1
TraesCS4B02G077800,0,1,-1,1
TraesCS4B02G134200,0,1,-1,1
TraesCS4B02G139800,0,1,-1,1
TraesCS4B02G154500,0,1,-1,1
TraesCS4B02G173200,0,1,-1,1
TraesCS4B02G178600,1,2,-1,1
TraesCS4B02G181900,1,2,-1,1
TraesCS4B02G182300,0,1,-1,1
TraesCS4B02G255600,1,2,-1,1
TraesCS4B02G266100,0,1,-1,1
TraesCS4B02G290000,0,1,-1,1
TraesCS4B02G295200,0,1,-1,1
TraesCS4B02G304300,0,1,-1,1
TraesCS4B02G307200,1,2,-1,1
TraesCS4B02G318800,1,2,-1,1
TraesCS4B02G336700,1,2,-1,1
TraesCS4D02G029700,1,2,-1,1
TraesCS4D02G035200,0,1,-1,1
TraesCS4D02G050600,1,2,-1,1
TraesCS4D02G068400,0,1,-1,1
TraesCS4D02G098400,1,2,-1,1
TraesCS4D02G126200,0,1,-1,1
TraesCS4D02G129100,0,1,-1,1
TraesCS4D02G134500,0,1,-1,1
TraesCS4D02G142700,0,1,-1,1
TraesCS4D02G217100,0,1,-1,1
TraesCS4D02G254200,1,2,-1,1
TraesCS4D02G285600,1,2,-1,1
TraesCS4D02G294100,1,2,-1,1
TraesCS4D02G295700,0,1,-1,1
TraesCS4D02G317500,0,1,-1,1
TraesCS4D02G352800,0,1,-1,1
TraesCS5A02G043200,0,1,-1,1
TraesCS5A02G058500,1,2,-1,1
TraesCS5A02G059600,0,1,-1,1
TraesCS5A02G065300,0,1,-1,1
TraesCS5A02G072700,1,2,-1,1
TraesCS5A02G142100,0,1,-1,1
TraesCS5A02G152400,0,1,-1,1
TraesCS5A02G162300,1,2,-1,1
TraesCS5A02G164900,1,2,-1,1
TraesCS5A02G202700,0,1,-1,1
TraesCS5A02G222500,1,2,-1,1
TraesCS5A02G223200,0,1,-1,1
TraesCS5A02G232800,1,2,-1,1
TraesCS5A02G242600,1,2,-1,1
TraesCS5A02G270700,1,2,-1,1
TraesCS5A02G282800,30,31,-1,1
TraesCS5A02G288300,0,1,-1,1
TraesCS5A02G291300,1,2,-1,1
TraesCS5A02G302900,1,2,-1,1
TraesCS5A02G347200,0,1,-1,1
TraesCS5A02G348400,1,2,-1,1
TraesCS5A02G370900,1,2,-1,1
TraesCS5A02G388300,1,2,-1,1
TraesCS5A02G431300,0,1,-1,1
TraesCS5A02G440700,0,1,-1,1
TraesCS5A02G497400,0,1,-1,1
TraesCS5A02G505400,1,2,-1,1
TraesCS5A02G547300,0,1,-1,1
TraesCS5A02G556400,0,1,-1,1
TraesCS5B02G069300,1,2,-1,1
TraesCS5B02G086300,1,2,-1,1
TraesCS5B02G086600,0,1,-1,1
TraesCS5B02G099600,2,3,-1,1
TraesCS5B02G157100,0,1,-1,1
TraesCS5B02G158300,1,2,-1,1
TraesCS5B02G159800,1,2,-1,1
TraesCS5B02G163300,0,1,-1,1
TraesCS5B02G175000,0,1,-1,1
TraesCS5B02G180200,1,2,-1,1
TraesCS5B02G207900,0,1,-1,1
TraesCS5B02G210700,1,2,-1,1
TraesCS5B02G225500,0,1,-1,1
TraesCS5B02G259600,0,1,-1,1
TraesCS5B02G277000,0,1,-1,1
TraesCS5B02G291500,0,1,-1,1
TraesCS5B02G369800,1,2,-1,1
TraesCS5B02G415800,1,2,-1,1
TraesCS5B02G423800,0,1,-1,1
TraesCS5B02G429700,3,4,-1,1
TraesCS5B02G523300,0,1,-1,1
TraesCS5B02G537600,3,4,-1,1
TraesCS5B02G538100,1,2,-1,1
TraesCS5D02G067800,0,1,-1,1
TraesCS5D02G084900,0,1,-1,1
TraesCS5D02G105100,1,2,-1,1
TraesCS5D02G105800,1,2,-1,1
TraesCS5D02G124600,1,2,-1,1
TraesCS5D02G139800,1,2,-1,1
TraesCS5D02G140400,0,1,-1,1
TraesCS5D02G170500,1,2,-1,1
TraesCS5D02G229800,1,2,-1,1
TraesCS5D02G238900,1,2,-1,1
TraesCS5D02G268700,0,1,-1,1
TraesCS5D02G296100,0,1,-1,1
TraesCS5D02G299500,0,1,-1,1
TraesCS5D02G312200,0,1,-1,1
TraesCS5D02G322300,0,1,-1,1
TraesCS5D02G351400,1,2,-1,1
TraesCS5D02G353500,1,2,-1,1
TraesCS5D02G355800,0,1,-1,1
TraesCS5D02G366400,1,2,-1,1
TraesCS5D02G380600,1,2,-1,1
TraesCS5D02G385600,0,1,-1,1
TraesCS5D02G403200,2,3,-1,1
TraesCS5D02G453200,0,1,-1,1
TraesCS5D02G468200,7,8,-1,1
TraesCS5D02G498800,11,12,-1,1
TraesCS6A02G046400,1,2,-1,1
TraesCS6A02G048100,0,1,-1,1
TraesCS6A02G119800,0,1,-1,1
TraesCS6A02G123400,1,2,-1,1
TraesCS6A02G124000,1,2,-1,1
TraesCS6A02G177700,1,2,-1,1
TraesCS6A02G199600,1,2,-1,1
TraesCS6A02G213200,0,1,-1,1
TraesCS6A02G226600,1,2,-1,1
TraesCS6A02G229900,0,1,-1,1
TraesCS6A02G234000,0,1,-1,1
TraesCS6A02G245200,1,2,-1,1
TraesCS6A02G248300,1,2,-1,1
TraesCS6A02G271900,0,1,-1,1
TraesCS6A02G318300,1,2,-1,1
TraesCS6A02G329200,1,2,-1,1
TraesCS6A02G339500,1,2,-1,1
TraesCS6A02G360000,0,1,-1,1
TraesCS6A02G378200,1,2,-1,1
TraesCS6A02G412900,1,2,-1,1
TraesCS6B02G062900,2,3,-1,1
TraesCS6B02G100800,1,2,-1,1
TraesCS6B02G102600,0,1,-1,1
TraesCS6B02G116800,0,1,-1,1
TraesCS6B02G130100,0,1,-1,1
TraesCS6B02G152100,1,2,-1,1
TraesCS6B02G165000,1,2,-1,1
TraesCS6B02G173100,0,1,-1,1
TraesCS6B02G175200,0,1,-1,1
TraesCS6B02G247900,1,2,-1,1
TraesCS6B02G262800,0,1,-1,1
TraesCS6B02G276100,1,2,-1,1
TraesCS6B02G308200,0,1,-1,1
TraesCS6B02G335200,1,2,-1,1
TraesCS6B02G335400,1,2,-1,1
TraesCS6B02G371500,0,1,-1,1
TraesCS6B02G409700,1,2,-1,1
TraesCS6B02G429900,1,2,-1,1
TraesCS6B02G462300,1,2,-1,1
TraesCS6D02G012000,0,1,-1,1
TraesCS6D02G027100,1,2,-1,1
TraesCS6D02G029000,2,3,-1,1
TraesCS6D02G082900,2,3,-1,1
TraesCS6D02G098400,0,1,-1,1
TraesCS6D02G109700,1,2,-1,1
TraesCS6D02G131500,1,2,-1,1
TraesCS6D02G134100,1,2,-1,1
TraesCS6D02G189000,0,1,-1,1
TraesCS6D02G216300,1,2,-1,1
TraesCS6D02G226700,1,2,-1,1
TraesCS6D02G241100,1,2,-1,1
TraesCS6D02G268600,0,1,-1,1
TraesCS6D02G286000,0,1,-1,1
TraesCS6D02G397200,1,2,-1,1
TraesCS6D02G400900,1,2,-1,1
TraesCS7A02G060200,1,2,-1,1
TraesCS7A02G065700,17,18,-1,1
TraesCS7A02G084200,0,1,-1,1
TraesCS7A02G133500,1,2,-1,1
TraesCS7A02G163800,1,2,-1,1
TraesCS7A02G171700,0,1,-1,1
TraesCS7A02G184800,0,1,-1,1
TraesCS7A02G209000,0,1,-1,1
TraesCS7A02G209900,0,1,-1,1
TraesCS7A02G226800,14,15,-1,1
TraesCS7A02G268700,0,1,-1,1
TraesCS7A02G287400,1,2,-1,1
TraesCS7A02G288700,1,2,-1,1
TraesCS7A02G329500,0,1,-1,1
TraesCS7A02G353500,2,3,-1,1
TraesCS7A02G358200,4,5,-1,1
TraesCS7A02G386100,0,1,-1,1
TraesCS7A02G402400,1,2,-1,1
TraesCS7A02G442300,1,2,-1,1
TraesCS7A02G459500,0,1,-1,1
TraesCS7A02G481100,1,2,-1,1
TraesCS7A02G511900,1,2,-1,1
TraesCS7A02G518700,0,1,-1,1
TraesCS7A02G569600,0,1,-1,1
TraesCS7B02G068500,2,3,-1,1
TraesCS7B02G069200,0,1,-1,1
TraesCS7B02G087100,1,2,-1,1
TraesCS7B02G104400,0,1,-1,1
TraesCS7B02G123400,0,1,-1,1
TraesCS7B02G130600,1,2,-1,1
TraesCS7B02G153400,0,1,-1,1
TraesCS7B02G196300,0,1,-1,1
TraesCS7B02G207300,0,1,-1,1
TraesCS7B02G215500,0,1,-1,1
TraesCS7B02G230200,0,1,-1,1
TraesCS7B02G302500,0,1,-1,1
TraesCS7B02G304900,0,1,-1,1
TraesCS7B02G315600,0,1,-1,1
TraesCS7B02G363700,1,2,-1,1
TraesCS7B02G383200,0,1,-1,1
TraesCS7B02G423200,1,2,-1,1
TraesCS7B02G472300,1,2,-1,1
TraesCS7D02G003300,0,1,-1,1
TraesCS7D02G009200,11,12,-1,1
TraesCS7D02G026000,4,5,-1,1
TraesCS7D02G105700,1,2,-1,1
TraesCS7D02G142700,1,2,-1,1
TraesCS7D02G166000,1,2,-1,1
TraesCS7D02G177500,0,1,-1,1
TraesCS7D02G200800,1,2,-1,1
TraesCS7D02G231500,0,1,-1,1
TraesCS7D02G232300,1,2,-1,1
TraesCS7D02G248900,0,1,-1,1
TraesCS7D02G253800,0,1,-1,1
TraesCS7D02G262200,0,1,-1,1
TraesCS7D02G271200,2,3,-1,1
TraesCS7D02G303500,0,1,-1,1
TraesCS7D02G310800,0,1,-1,1
TraesCS7D02G348700,0,1,-1,1
TraesCS7D02G377000,1,2,-1,1
TraesCS7D02G384800,1,2,-1,1
TraesCS7D02G455400,1,2,-1,1
TraesCS7D02G467700,1,2,-1,1
TraesCS7D02G483800,0,1,-1,1
TraesCS7D02G486500,0,1,-1,1
TraesCS7D02G548200,1,2,-1,1
TraesCSU02G075800,0,1,-1,1
TraesCSU02G114100,1,2,-1,1
TraesCSU02G117600,0,1,-1,1
TraesCSU02G161100,1,2,-1,1
TraesCS2D02G560000,3,5,-2,2
TraesCS3A02G249100,2,4,-2,2
TraesCS3B02G278000,2,4,-2,2
TraesCS4B02G301400,1,3,-2,2
TraesCS7B02G230100,0,2,-2,2
TraesCS7D02G388100,1,3,-2,2
TraesCS1D02G059200,3,5,-2,2
TraesCS2A02G415100,0,2,-2,2
TraesCS2A02G415300,0,2,-2,2
TraesCS2A02G542700,1,3,-2,2
TraesCS2B02G448100,1,3,-2,2
TraesCS2D02G543900,1,3,-2,2
TraesCS3D02G372900,1,3,-2,2
TraesCS6B02G125900,2,4,-2,2
TraesCS6B02G274200,0,2,-2,2
TraesCS6B02G375400,0,2,-2,2
TraesCS6D02G281200,1,3,-2,2
TraesCS6D02G180000,0,2,-2,2
TraesCS2D02G199900,1,3,-2,2
TraesCS2B02G273500,1,3,-2,2
TraesCS3A02G442200,2,4,-2,2
TraesCS3B02G236900,0,2,-2,2
TraesCS3B02G476000,1,3,-2,2
TraesCS3D02G434900,2,4,-2,2
TraesCS4D02G056900,0,2,-2,2
TraesCS5A02G264800,1,3,-2,2
TraesCS5A02G376500,1,3,-2,2
TraesCS6B02G295900,0,2,-2,2
TraesCS7B02G465400,0,2,-2,2
TraesCS2B02G265800,1,3,-2,2
TraesCS3A02G140100,2,4,-2,2
TraesCS5A02G031900,1,3,-2,2
TraesCS4D02G046200,1,3,-2,2
TraesCS3A02G306800,2,4,-2,2
TraesCS4A02G306400,0,2,-2,2
TraesCS4B02G008300,1,3,-2,2
TraesCS1B02G273100,1,3,-2,2
TraesCS5A02G265700,0,2,-2,2
TraesCS5D02G273600,0,2,-2,2
TraesCS2A02G264800,0,2,-2,2
TraesCS4D02G131500,2,4,-2,2
TraesCS5B02G075300,0,2,-2,2
TraesCS3A02G165200,0,2,-2,2
TraesCS5D02G022400,1,3,-2,2
TraesCS5D02G241400,0,2,-2,2
TraesCS5D02G152700,0,2,-2,2
TraesCS5D02G332000,0,2,-2,2
TraesCS7D02G174100,1,3,-2,2
TraesCS4A02G255000,1,3,-2,2
TraesCS4B02G060000,0,2,-2,2
TraesCS6A02G269600,1,3,-2,2
TraesCS6B02G296900,1,3,-2,2
TraesCS6D02G238900,4,6,-2,2
TraesCS3D02G141500,0,2,-2,2
TraesCS5A02G142700,0,2,-2,2
TraesCS1D02G220900,1,3,-2,2
TraesCS6B02G321100,1,3,-2,2
TraesCS5A02G237900,1,3,-2,2
TraesCS5B02G315600,1,3,-2,2
TraesCS5D02G321000,1,3,-2,2
TraesCS7B02G272500,1,3,-2,2
TraesCS7D02G367700,1,3,-2,2
TraesCS4A02G078700,0,2,-2,2
TraesCS4D02G301100,1,3,-2,2
TraesCS5A02G391700,0,2,-2,2
TraesCS5D02G401500,0,2,-2,2
TraesCS6A02G158100,0,2,-2,2
TraesCS6D02G147400,0,2,-2,2
TraesCS4B02G279700,0,2,-2,2
TraesCS5A02G239900,1,3,-2,2
TraesCS6A02G021400,0,2,-2,2
TraesCS6B02G045000,0,2,-2,2
TraesCS6B02G059500,1,3,-2,2
TraesCS6B02G090000,0,2,-2,2
TraesCS1A02G042700,2,4,-2,2
TraesCS1B02G232800,0,2,-2,2
TraesCS1D02G125400,0,2,-2,2
TraesCS1D02G283100,1,3,-2,2
TraesCS2B02G387800,1,3,-2,2
TraesCS2B02G399200,0,2,-2,2
TraesCS2B02G466400,1,3,-2,2
TraesCS3D02G161100,0,2,-2,2
TraesCS3D02G257800,1,3,-2,2
TraesCS3D02G377300,0,2,-2,2
TraesCS3D02G540600,1,3,-2,2
TraesCS4A02G217800,1,3,-2,2
TraesCS4D02G142900,2,4,-2,2
TraesCS5B02G086900,1,3,-2,2
TraesCS5B02G093000,1,3,-2,2
TraesCS5D02G093100,2,4,-2,2
TraesCS5D02G095600,1,3,-2,2
TraesCS5D02G099100,1,3,-2,2
TraesCS6B02G265200,1,3,-2,2
TraesCS6B02G296300,0,2,-2,2
TraesCSU02G069000,3,5,-2,2
TraesCS2A02G101100,1,3,-2,2
TraesCS2A02G459700,0,2,-2,2
TraesCS3B02G093300,2,4,-2,2
TraesCS3B02G439600,1,3,-2,2
TraesCS6A02G378600,1,3,-2,2
TraesCS6D02G192400,0,2,-2,2
TraesCS7A02G263100,1,3,-2,2
TraesCS7D02G543400,8,10,-2,2
TraesCS3B02G561000,13,15,-2,2
TraesCS3D02G505000,2,4,-2,2
TraesCS3D02G505200,17,19,-2,2
TraesCS7B02G296800,2,4,-2,2
TraesCS6A02G227900,1,3,-2,2
TraesCS2A02G404400,0,2,-2,2
TraesCS5A02G497800,1,3,-2,2
TraesCS7B02G115200,1,3,-2,2
TraesCS4B02G163500,0,2,-2,2
TraesCS4A02G285900,0,2,-2,2
TraesCS4B02G065300,1,3,-2,2
TraesCS4D02G064200,1,3,-2,2
TraesCS1B02G453300,1,3,-2,2
TraesCS2A02G433000,1,3,-2,2
TraesCS3A02G347500,0,2,-2,2
TraesCS3B02G199000,1,3,-2,2
TraesCS3D02G341100,0,2,-2,2
TraesCS4B02G176700,0,2,-2,2
TraesCS5A02G395100,0,2,-2,2
TraesCS7A02G338500,1,3,-2,2
TraesCS5B02G153300,0,2,-2,2
TraesCS5D02G160100,0,2,-2,2
TraesCS1A02G043500,0,2,-2,2
TraesCS1A02G221300,1,3,-2,2
TraesCS1A02G254400,1,3,-2,2
TraesCS1A02G273000,1,3,-2,2
TraesCS1A02G275200,0,2,-2,2
TraesCS1A02G278200,0,2,-2,2
TraesCS1A02G302600,0,2,-2,2
TraesCS1A02G307200,0,2,-2,2
TraesCS1A02G339300,1,3,-2,2
TraesCS1A02G373200,0,2,-2,2
TraesCS1B02G139200,0,2,-2,2
TraesCS1B02G157000,0,2,-2,2
TraesCS1B02G237300,0,2,-2,2
TraesCS1B02G270000,2,4,-2,2
TraesCS1B02G478400,1,3,-2,2
TraesCS1D02G013700,1,3,-2,2
TraesCS1D02G038700,0,2,-2,2
TraesCS1D02G078800,1,3,-2,2
TraesCS1D02G126900,0,2,-2,2
TraesCS1D02G245700,0,2,-2,2
TraesCS1D02G437300,0,2,-2,2
TraesCS2A02G174500,2,4,-2,2
TraesCS2A02G202000,1,3,-2,2
TraesCS2A02G267500,1,3,-2,2
TraesCS2A02G293400,0,2,-2,2
TraesCS2A02G400900,0,2,-2,2
TraesCS2A02G460400,1,3,-2,2
TraesCS2A02G540400,7,9,-2,2
TraesCS2B02G122400,5,7,-2,2
TraesCS2B02G159300,53,55,-2,2
TraesCS2B02G468400,0,2,-2,2
TraesCS2D02G088000,0,2,-2,2
TraesCS2D02G109600,45,47,-2,2
TraesCS2D02G117200,1,3,-2,2
TraesCS2D02G150300,0,2,-2,2
TraesCS2D02G166100,1,3,-2,2
TraesCS2D02G173100,0,2,-2,2
TraesCS2D02G253800,0,2,-2,2
TraesCS2D02G325500,2,4,-2,2
TraesCS3A02G075100,1,3,-2,2
TraesCS3A02G163300,0,2,-2,2
TraesCS3A02G180700,2,4,-2,2
TraesCS3A02G255000,1,3,-2,2
TraesCS3A02G277900,0,2,-2,2
TraesCS3A02G301100,1,3,-2,2
TraesCS3A02G374400,2,4,-2,2
TraesCS3A02G380400,0,2,-2,2
TraesCS3A02G399800,19,21,-2,2
TraesCS3A02G451500,37,39,-2,2
TraesCS3A02G466900,0,2,-2,2
TraesCS3A02G495000,1,3,-2,2
TraesCS3A02G527600,1,3,-2,2
TraesCS3B02G021700,1,3,-2,2
TraesCS3B02G105600,0,2,-2,2
TraesCS3B02G194400,0,2,-2,2
TraesCS3B02G206000,2,4,-2,2
TraesCS3B02G236600,1,3,-2,2
TraesCS3B02G416500,10,12,-2,2
TraesCS3B02G595600,1,3,-2,2
TraesCS3D02G034600,2,4,-2,2
TraesCS3D02G138700,14,16,-2,2
TraesCS3D02G158500,0,2,-2,2
TraesCS3D02G219600,1,3,-2,2
TraesCS3D02G223300,1,3,-2,2
TraesCS3D02G238000,0,2,-2,2
TraesCS3D02G296300,0,2,-2,2
TraesCS3D02G372700,0,2,-2,2
TraesCS3D02G408700,1,3,-2,2
TraesCS4A02G045700,1,3,-2,2
TraesCS4A02G049100,1,3,-2,2
TraesCS4A02G077100,1,3,-2,2
TraesCS4A02G105800,1,3,-2,2
TraesCS4A02G140500,0,2,-2,2
TraesCS4A02G256000,0,2,-2,2
TraesCS4A02G355700,0,2,-2,2
TraesCS4A02G414700,0,2,-2,2
TraesCS4A02G443400,1,3,-2,2
TraesCS4B02G032900,0,2,-2,2
TraesCS4B02G062400,1,3,-2,2
TraesCS4B02G188200,0,2,-2,2
TraesCS4B02G287800,3,5,-2,2
TraesCS4D02G162800,0,2,-2,2
TraesCS4D02G189600,0,2,-2,2
TraesCS4D02G208200,1,3,-2,2
TraesCS4D02G247900,1,3,-2,2
TraesCS5A02G054300,0,2,-2,2
TraesCS5A02G085000,0,2,-2,2
TraesCS5A02G102800,0,2,-2,2
TraesCS5A02G265400,0,2,-2,2
TraesCS5A02G314800,1,3,-2,2
TraesCS5A02G349400,0,2,-2,2
TraesCS5A02G431100,0,2,-2,2
TraesCS5B02G050900,3,5,-2,2
TraesCS5B02G058400,1,3,-2,2
TraesCS5B02G121400,1,3,-2,2
TraesCS5B02G134000,16,18,-2,2
TraesCS5B02G179200,0,2,-2,2
TraesCS5B02G200700,0,2,-2,2
TraesCS5B02G376500,0,2,-2,2
TraesCS5B02G407200,0,2,-2,2
TraesCS5B02G457500,1,3,-2,2
TraesCS5B02G491800,1,3,-2,2
TraesCS5B02G516400,1,3,-2,2
TraesCS5D02G081800,0,2,-2,2
TraesCS5D02G093700,0,2,-2,2
TraesCS5D02G113000,0,2,-2,2
TraesCS5D02G209300,0,2,-2,2
TraesCS5D02G247600,0,2,-2,2
TraesCS5D02G254000,1,3,-2,2
TraesCS5D02G350000,0,2,-2,2
TraesCS5D02G388300,5,7,-2,2
TraesCS5D02G404500,1,3,-2,2
TraesCS5D02G407300,3,5,-2,2
TraesCS5D02G453800,1,3,-2,2
TraesCS5D02G540200,0,2,-2,2
TraesCS5D02G556200,1,3,-2,2
TraesCS6A02G016300,27,29,-2,2
TraesCS6A02G096200,0,2,-2,2
TraesCS6A02G180500,0,2,-2,2
TraesCS6A02G228700,0,2,-2,2
TraesCS6A02G233200,8,10,-2,2
TraesCS6A02G245100,0,2,-2,2
TraesCS6A02G291600,1,3,-2,2
TraesCS6A02G420800,2,4,-2,2
TraesCS6A02G420900,2,4,-2,2
TraesCS6B02G074900,0,2,-2,2
TraesCS6B02G089500,1,3,-2,2
TraesCS6B02G090200,0,2,-2,2
TraesCS6B02G096400,0,2,-2,2
TraesCS6B02G112600,0,2,-2,2
TraesCS6B02G224000,0,2,-2,2
TraesCS6B02G276400,1,3,-2,2
TraesCS6B02G298100,1,3,-2,2
TraesCS6B02G417800,11,13,-2,2
TraesCS6D02G019300,21,23,-2,2
TraesCS6D02G027200,4,6,-2,2
TraesCS6D02G060700,0,2,-2,2
TraesCS6D02G133700,0,2,-2,2
TraesCS6D02G145600,0,2,-2,2
TraesCS6D02G163600,0,2,-2,2
TraesCS6D02G223600,1,3,-2,2
TraesCS6D02G293100,1,3,-2,2
TraesCS6D02G331800,0,2,-2,2
TraesCS6D02G383800,1,3,-2,2
TraesCS7A02G010500,1,3,-2,2
TraesCS7A02G090300,1,3,-2,2
TraesCS7A02G193100,3,5,-2,2
TraesCS7A02G226000,0,2,-2,2
TraesCS7A02G505200,1,3,-2,2
TraesCS7B02G098400,3,5,-2,2
TraesCS7B02G134900,0,2,-2,2
TraesCS7B02G155600,1,3,-2,2
TraesCS7B02G214800,0,2,-2,2
TraesCS7B02G252700,0,2,-2,2
TraesCS7B02G340700,2,4,-2,2
TraesCS7B02G361700,12,14,-2,2
TraesCS7B02G409400,69,71,-2,2
TraesCS7D02G060100,15,17,-2,2
TraesCS7D02G079400,1,3,-2,2
TraesCS7D02G146300,1,3,-2,2
TraesCS7D02G177300,10,12,-2,2
TraesCS7D02G196100,2,4,-2,2
TraesCS7D02G206900,0,2,-2,2
TraesCS7D02G264400,0,2,-2,2
TraesCS7D02G305100,1,3,-2,2
TraesCS7D02G344200,1,3,-2,2
TraesCS7D02G398500,0,2,-2,2
TraesCS7D02G408200,1,3,-2,2
TraesCS7D02G464900,2,4,-2,2
TraesCS7D02G478100,2,4,-2,2
TraesCSU02G026100,1,3,-2,2
TraesCSU02G032100,1,3,-2,2
TraesCSU02G080200,1,3,-2,2
TraesCSU02G117200,0,2,-2,2
TraesCSU02G117400,1,3,-2,2
TraesCSU02G133100,0,2,-2,2
TraesCS3A02G405100,2,5,-3,3
TraesCS5B02G315500,1,4,-3,3
TraesCS6A02G330500,4,7,-3,3
TraesCS6B02G210300,0,3,-3,3
TraesCS6D02G084200,2,5,-3,3
TraesCS7D02G170600,1,4,-3,3
TraesCS7D02G250700,1,4,-3,3
TraesCS5A02G420200,1,4,-3,3
TraesCS5B02G422000,1,4,-3,3
TraesCS5D02G428400,1,4,-3,3
TraesCS7B02G211600,1,4,-3,3
TraesCS2D02G252100,1,4,-3,3
TraesCS2D02G399500,0,3,-3,3
TraesCS1A02G340900,0,3,-3,3
TraesCS7A02G363100,1,4,-3,3
TraesCS7A02G298900,0,3,-3,3
TraesCS2D02G099400,0,3,-3,3
TraesCS3B02G204600,1,4,-3,3
TraesCS4B02G109700,1,4,-3,3
TraesCS5B02G406300,3,6,-3,3
TraesCS4D02G135500,1,4,-3,3
TraesCS4A02G291500,1,4,-3,3
TraesCS6D02G245300,1,4,-3,3
TraesCS5B02G141400,1,4,-3,3
TraesCS4D02G286400,1,4,-3,3
TraesCS6D02G272000,1,4,-3,3
TraesCS6D02G304300,2,5,-3,3
TraesCS5A02G314700,1,4,-3,3
TraesCS6B02G045500,0,3,-3,3
TraesCS1A02G218800,1,4,-3,3
TraesCS1B02G283000,1,4,-3,3
TraesCS2A02G552400,1,4,-3,3
TraesCS2B02G387700,1,4,-3,3
TraesCS2D02G437600,1,4,-3,3
TraesCS4A02G006100,17,20,-3,3
TraesCS2B02G118500,1,4,-3,3
TraesCS3B02G371200,1,4,-3,3
TraesCS6B02G237900,0,3,-3,3
TraesCS7B02G056300,9,12,-3,3
TraesCS2D02G447400,0,3,-3,3
TraesCS3B02G560400,1,4,-3,3
TraesCS3B02G560600,2,5,-3,3
TraesCS2A02G404500,0,3,-3,3
TraesCS2D02G401400,0,3,-3,3
TraesCS4B02G297100,1,4,-3,3
TraesCS3B02G270500,1,4,-3,3
TraesCS1A02G139900,1,4,-3,3
TraesCS1A02G235900,1,4,-3,3
TraesCS1A02G300100,2,5,-3,3
TraesCS1A02G313900,2,5,-3,3
TraesCS1B02G001400,1,4,-3,3
TraesCS1B02G382800,1,4,-3,3
TraesCS1D02G002400,1,4,-3,3
TraesCS1D02G246300,0,3,-3,3
TraesCS1D02G303900,0,3,-3,3
TraesCS1D02G452600,2,5,-3,3
TraesCS2A02G135500,0,3,-3,3
TraesCS2A02G377600,1,4,-3,3
TraesCS2A02G582000,1,4,-3,3
TraesCS2B02G127400,42,45,-3,3
TraesCS2B02G193400,5,8,-3,3
TraesCS2B02G201000,1,4,-3,3
TraesCS2D02G217500,1,4,-3,3
TraesCS2D02G221100,4,7,-3,3
TraesCS2D02G289800,1,4,-3,3
TraesCS3A02G329900,4,7,-3,3
TraesCS3B02G030800,5,8,-3,3
TraesCS3B02G390300,1,4,-3,3
TraesCS3B02G458900,1,4,-3,3
TraesCS3B02G548800,11,14,-3,3
TraesCS3D02G174300,1,4,-3,3
TraesCS3D02G258800,1,4,-3,3
TraesCS4A02G310900,1,4,-3,3
TraesCS4A02G361700,1,4,-3,3
TraesCS4A02G412500,0,3,-3,3
TraesCS4A02G460300,4,7,-3,3
TraesCS4B02G101800,1,4,-3,3
TraesCS4B02G158500,0,3,-3,3
TraesCS4B02G248500,1,4,-3,3
TraesCS4D02G184900,3,6,-3,3
TraesCS4D02G232500,1,4,-3,3
TraesCS4D02G234400,1,4,-3,3
TraesCS4D02G342400,1,4,-3,3
TraesCS5A02G109600,0,3,-3,3
TraesCS5A02G163600,0,3,-3,3
TraesCS5A02G200800,1,4,-3,3
TraesCS5A02G335500,1,4,-3,3
TraesCS5A02G395200,1,4,-3,3
TraesCS5A02G491600,1,4,-3,3
TraesCS5B02G265100,0,3,-3,3
TraesCS5B02G572700,0,3,-3,3
TraesCS5D02G069200,1,4,-3,3
TraesCS5D02G171000,20,23,-3,3
TraesCS5D02G190600,0,3,-3,3
TraesCS5D02G278500,0,3,-3,3
TraesCS5D02G410600,1,4,-3,3
TraesCS6A02G012000,1,4,-3,3
TraesCS6A02G066200,1,4,-3,3
TraesCS6A02G073700,0,3,-3,3
TraesCS6A02G122900,1,4,-3,3
TraesCS6A02G173600,1,4,-3,3
TraesCS6D02G039600,16,19,-3,3
TraesCS6D02G165100,4,7,-3,3
TraesCS6D02G239200,1,4,-3,3
TraesCS7A02G178700,1,4,-3,3
TraesCS7A02G198200,0,3,-3,3
TraesCS7A02G270800,4,7,-3,3
TraesCS7A02G306500,33,36,-3,3
TraesCS7A02G430400,1,4,-3,3
TraesCS7A02G460100,2,5,-3,3
TraesCS7B02G089900,0,3,-3,3
TraesCS7B02G159100,0,3,-3,3
TraesCS7B02G250500,2,5,-3,3
TraesCS7B02G389000,4,7,-3,3
TraesCS7D02G054800,3,6,-3,3
TraesCS1D02G242800,1,5,-4,4
TraesCS4A02G123800,3,7,-4,4
TraesCS4B02G180600,2,6,-4,4
TraesCS4B02G292900,2,6,-4,4
TraesCS6B02G331000,0,4,-4,4
TraesCS3B02G106900,1,5,-4,4
TraesCS4D02G354200,8,12,-4,4
TraesCS6B02G462100,1,5,-4,4
TraesCS1D02G343000,0,4,-4,4
TraesCS5D02G119200,0,4,-4,4
TraesCS6B02G366100,2,6,-4,4
TraesCS5D02G065300,0,4,-4,4
TraesCS6A02G311700,1,5,-4,4
TraesCS4A02G206100,1,5,-4,4
TraesCS4A02G180900,4,8,-4,4
TraesCS5D02G158300,2,6,-4,4
TraesCS6D02G315700,7,11,-4,4
TraesCS5B02G243800,3,7,-4,4
TraesCS6B02G354900,1,5,-4,4
TraesCS3B02G612200,2,6,-4,4
TraesCS5B02G089200,1,5,-4,4
TraesCS7D02G272400,1,5,-4,4
TraesCS7D02G300000,1,5,-4,4
TraesCS7A02G464100,0,4,-4,4
TraesCS3A02G497600,6,10,-4,4
TraesCS1B02G461600,1,5,-4,4
TraesCS1D02G072900,0,4,-4,4
TraesCS6A02G146900,1,5,-4,4
TraesCS6D02G136200,1,5,-4,4
TraesCS1A02G303900,0,4,-4,4
TraesCS1B02G314400,0,4,-4,4
TraesCS1D02G094700,1,5,-4,4
TraesCS2A02G105800,0,4,-4,4
TraesCS2B02G122800,3,7,-4,4
TraesCS2B02G159400,2,6,-4,4
TraesCS2D02G193500,1,5,-4,4
TraesCS2D02G296000,4,8,-4,4
TraesCS2D02G536300,20,24,-4,4
TraesCS3A02G207900,1,5,-4,4
TraesCS3A02G442500,28,32,-4,4
TraesCS3A02G537200,2,6,-4,4
TraesCS3B02G126400,1,5,-4,4
TraesCS3B02G400900,1,5,-4,4
TraesCS3B02G575100,1,5,-4,4
TraesCS3D02G221500,1,5,-4,4
TraesCS3D02G412700,0,4,-4,4
TraesCS3D02G447400,43,47,-4,4
TraesCS3D02G475600,1,5,-4,4
TraesCS4A02G130400,1,5,-4,4
TraesCS4A02G460600,54,58,-4,4
TraesCS4D02G035000,0,4,-4,4
TraesCS4D02G074600,7,11,-4,4
TraesCS5A02G034400,0,4,-4,4
TraesCS5A02G046300,12,16,-4,4
TraesCS5A02G276600,0,4,-4,4
TraesCS5A02G407500,1,5,-4,4
TraesCS5B02G050800,1,5,-4,4
TraesCS5B02G358600,0,4,-4,4
TraesCS5D02G044000,0,4,-4,4
TraesCS5D02G240200,0,4,-4,4
TraesCS5D02G264000,1,5,-4,4
TraesCS5D02G495500,0,4,-4,4
TraesCS6B02G099700,0,4,-4,4
TraesCS6B02G184900,29,33,-4,4
TraesCS6B02G255000,0,4,-4,4
TraesCS6B02G325700,29,33,-4,4
TraesCS6B02G429800,0,4,-4,4
TraesCS6D02G014900,2,6,-4,4
TraesCS6D02G164800,8,12,-4,4
TraesCS7A02G070100,1,5,-4,4
TraesCS7A02G135100,17,21,-4,4
TraesCS7B02G068900,0,4,-4,4
TraesCS7B02G361300,5,9,-4,4
TraesCS7D02G507800,10,14,-4,4
TraesCSU02G255400,5,9,-4,4
TraesCS2B02G589800,2,7,-5,5
TraesCS3A02G417300,6,11,-5,5
TraesCS3D02G249100,2,7,-5,5
TraesCS3D02G157100,0,5,-5,5
TraesCS6D02G084900,4,9,-5,5
TraesCS6D02G225700,1,6,-5,5
TraesCS7D02G483200,3,8,-5,5
TraesCS4B02G361200,1,6,-5,5
TraesCS2B02G592600,1,6,-5,5
TraesCS4D02G107100,1,6,-5,5
TraesCS7A02G270100,1,6,-5,5
TraesCS1D02G043300,1,6,-5,5
TraesCS2B02G466500,0,5,-5,5
TraesCS7A02G549000,1,6,-5,5
TraesCS1B02G088900,1,6,-5,5
TraesCS1A02G196700,2,7,-5,5
TraesCS1B02G056600,0,5,-5,5
TraesCS1B02G282700,1,6,-5,5
TraesCS1B02G449700,1,6,-5,5
TraesCS1D02G288800,1,6,-5,5
TraesCS2A02G406700,3,8,-5,5
TraesCS2A02G428800,3,8,-5,5
TraesCS2B02G341600,21,26,-5,5
TraesCS2B02G586300,11,16,-5,5
TraesCS2D02G013500,6,11,-5,5
TraesCS3A02G365700,1,6,-5,5
TraesCS3A02G451800,28,33,-5,5
TraesCS3A02G515500,0,5,-5,5
TraesCS3B02G055300,2,7,-5,5
TraesCS3B02G254800,1,6,-5,5
TraesCS4A02G275900,1,6,-5,5
TraesCS5A02G335900,0,5,-5,5
TraesCS5A02G356100,0,5,-5,5
TraesCS5A02G398200,1,6,-5,5
TraesCS5A02G463700,1,6,-5,5
TraesCS5B02G015600,4,9,-5,5
TraesCS5D02G305600,0,5,-5,5
TraesCS6A02G389500,1,6,-5,5
TraesCS6B02G418900,3,8,-5,5
TraesCS6D02G089200,117,122,-5,5
TraesCS7A02G043400,4,9,-5,5
TraesCS7D02G034200,13,18,-5,5
TraesCS7D02G036600,3,8,-5,5
TraesCS7D02G227600,11,16,-5,5
TraesCS7D02G232200,3,8,-5,5
TraesCSU02G107900,1,6,-5,5
TraesCS3B02G452200,8,14,-6,6
TraesCS5A02G314600,3,9,-6,6
TraesCS6A02G097700,2,8,-6,6
TraesCS6B02G142000,3,9,-6,6
TraesCS5B02G151800,5,11,-6,6
TraesCS1D02G421200,0,6,-6,6
TraesCS4D02G338800,2,8,-6,6
TraesCS3B02G180300,0,6,-6,6
TraesCS5A02G083100,1,7,-6,6
TraesCS7A02G304500,1,7,-6,6
TraesCS2D02G305300,1,7,-6,6
TraesCS5D02G059700,2,8,-6,6
TraesCS3D02G314100,0,6,-6,6
TraesCS1A02G070400,1,7,-6,6
TraesCS1A02G062900,18,24,-6,6
TraesCS1B02G058800,1,7,-6,6
TraesCS1B02G343500,10,16,-6,6
TraesCS2A02G558100,0,6,-6,6
TraesCS2B02G570800,9,15,-6,6
TraesCS3A02G081000,4,10,-6,6
TraesCS3A02G529000,2,8,-6,6
TraesCS3B02G012300,1,7,-6,6
TraesCS3D02G362000,0,6,-6,6
TraesCS4A02G052100,45,51,-6,6
TraesCS4A02G058000,1,7,-6,6
TraesCS4B02G231000,3,9,-6,6
TraesCS5A02G206400,4,10,-6,6
TraesCS5A02G255900,3,9,-6,6
TraesCS5A02G258400,2,8,-6,6
TraesCS6A02G007800,27,33,-6,6
TraesCS6A02G143500,1,7,-6,6
TraesCS6B02G159700,1,7,-6,6
TraesCS6B02G172900,0,6,-6,6
TraesCS6B02G287800,18,24,-6,6
TraesCS6D02G159200,9,15,-6,6
TraesCS7A02G135200,4,10,-6,6
TraesCS7B02G048700,1,7,-6,6
TraesCS7D02G012700,2,8,-6,6
TraesCS7D02G081300,5,11,-6,6
TraesCS1B02G076300,3,10,-7,7
TraesCS2A02G505600,3,10,-7,7
TraesCS4D02G182100,2,9,-7,7
TraesCS5D02G320800,7,14,-7,7
TraesCS7A02G214700,6,13,-7,7
TraesCS5D02G253100,10,17,-7,7
TraesCS2B02G387300,1,8,-7,7
TraesCS2D02G444200,0,7,-7,7
TraesCS7B02G204800,1,8,-7,7
TraesCS7B02G489500,16,23,-7,7
TraesCS2A02G323200,1,8,-7,7
TraesCS5B02G211000,1,8,-7,7
TraesCS1D02G427400,1,8,-7,7
TraesCS2A02G428600,2,9,-7,7
TraesCS2B02G190300,2,9,-7,7
TraesCS2D02G309500,4,11,-7,7
TraesCS3D02G085200,0,7,-7,7
TraesCS4A02G175100,0,7,-7,7
TraesCS5A02G274700,1,8,-7,7
TraesCS5D02G097400,1,8,-7,7
TraesCS5D02G364900,1,8,-7,7
TraesCS5D02G442900,1,8,-7,7
TraesCS5D02G453400,17,24,-7,7
TraesCS6B02G325800,1,8,-7,7
TraesCS6B02G407700,71,78,-7,7
TraesCS6D02G266700,15,22,-7,7
TraesCS7B02G090000,1,8,-7,7
TraesCS7D02G123600,4,11,-7,7
TraesCS7D02G447800,35,42,-7,7
TraesCSU02G026800,1,8,-7,7
TraesCS4B02G361100,7,15,-8,8
TraesCS5D02G383000,5,13,-8,8
TraesCS1A02G413800,1,9,-8,8
TraesCS1B02G285000,23,31,-8,8
TraesCS5A02G143200,1,9,-8,8
TraesCS7A02G152500,9,17,-8,8
TraesCS7A02G189200,16,24,-8,8
TraesCS3B02G349300,0,8,-8,8
TraesCS6B02G175100,1,9,-8,8
TraesCS1A02G419600,1,9,-8,8
TraesCS1B02G455900,1,9,-8,8
TraesCS1D02G044100,0,8,-8,8
TraesCS1D02G114800,6,14,-8,8
TraesCS2A02G194400,0,8,-8,8
TraesCS2D02G124100,0,8,-8,8
TraesCS3A02G358400,0,8,-8,8
TraesCS3A02G537400,4,12,-8,8
TraesCS3B02G530600,2,10,-8,8
TraesCS3D02G031100,1,9,-8,8
TraesCS3D02G424600,3,11,-8,8
TraesCS4D02G082500,51,59,-8,8
TraesCS5A02G174100,2,10,-8,8
TraesCS5B02G171600,3,11,-8,8
TraesCS5B02G193300,2,10,-8,8
TraesCS5D02G282300,0,8,-8,8
TraesCS5D02G390900,2,10,-8,8
TraesCS5D02G553000,37,45,-8,8
TraesCS6A02G362300,6,14,-8,8
TraesCS7A02G371600,3,11,-8,8
TraesCS7B02G265200,0,8,-8,8
TraesCS7D02G473100,1,9,-8,8
TraesCS7D02G508900,1,9,-8,8
TraesCS2A02G101900,4,13,-9,9
TraesCS2A02G201800,3,12,-9,9
TraesCS4D02G175700,1,10,-9,9
TraesCS1B02G460900,18,27,-9,9
TraesCS1D02G063500,20,29,-9,9
TraesCS2A02G135400,28,37,-9,9
TraesCS2B02G110100,25,34,-9,9
TraesCS2B02G560100,2,11,-9,9
TraesCS3A02G235100,70,79,-9,9
TraesCS3B02G476200,8,17,-9,9
TraesCS3D02G209500,1,10,-9,9
TraesCS3D02G365000,11,20,-9,9
TraesCS4A02G075100,8,17,-9,9
TraesCS4A02G304200,10,19,-9,9
TraesCS5B02G570900,20,29,-9,9
TraesCS6A02G050600,2,11,-9,9
TraesCS6B02G054200,14,23,-9,9
TraesCS6D02G103400,1,10,-9,9
TraesCS7A02G029400,8,17,-9,9
TraesCS7A02G104200,3,12,-9,9
TraesCS7B02G361200,4,13,-9,9
TraesCSU02G132500,4,13,-9,9
TraesCS2A02G554300,3,13,-10,10
TraesCS5A02G538600,5,15,-10,10
TraesCS3A02G497900,1,11,-10,10
TraesCS4B02G297000,1,11,-10,10
TraesCS3A02G317100,0,10,-10,10
TraesCS1B02G081200,19,29,-10,10
TraesCS1D02G063700,21,31,-10,10
TraesCS1D02G107100,10,20,-10,10
TraesCS1D02G305000,0,10,-10,10
TraesCS3A02G140800,14,24,-10,10
TraesCS3D02G351500,1,11,-10,10
TraesCS3D02G352700,0,10,-10,10
TraesCS4D02G007200,61,71,-10,10
TraesCS5B02G204600,0,10,-10,10
TraesCS6D02G324600,47,57,-10,10
TraesCS7B02G492200,1,11,-10,10
TraesCSU02G182400,10,20,-10,10
TraesCS3B02G438800,5,16,-11,11
TraesCS3B02G125500,1,12,-11,11
TraesCS2A02G102000,1,12,-11,11
TraesCS2A02G448300,1,12,-11,11
TraesCS4D02G296000,1,12,-11,11
TraesCS5A02G212800,1,12,-11,11
TraesCS1A02G260800,31,42,-11,11
TraesCS2B02G328200,7,18,-11,11
TraesCS3D02G358700,1,12,-11,11
TraesCS4A02G302500,0,11,-11,11
TraesCS4A02G422300,8,19,-11,11
TraesCS5A02G485000,1,12,-11,11
TraesCS7A02G076500,4,15,-11,11
TraesCS7D02G016300,1,12,-11,11
TraesCSU02G101900,12,23,-11,11
TraesCS5D02G397300,0,12,-12,12
TraesCS5B02G236400,1,13,-12,12
TraesCS5D02G244800,2,14,-12,12
TraesCS5D02G148800,1,13,-12,12
TraesCS4A02G007800,1,13,-12,12
TraesCS1B02G278900,19,31,-12,12
TraesCS1D02G029600,1,13,-12,12
TraesCS2B02G020900,3,15,-12,12
TraesCS3A02G451700,4,16,-12,12
TraesCS3B02G432800,20,32,-12,12
TraesCS3B02G576900,0,12,-12,12
TraesCS3D02G435300,3,15,-12,12
TraesCS4A02G248000,26,38,-12,12
TraesCS4A02G338000,0,12,-12,12
TraesCS5A02G189900,2,14,-12,12
TraesCS5B02G051000,8,20,-12,12
TraesCS5B02G203000,1,13,-12,12
TraesCS5B02G556900,8,20,-12,12
TraesCS5D02G147100,2,14,-12,12
TraesCS5D02G369400,1,13,-12,12
TraesCS6A02G023900,4,16,-12,12
TraesCS7A02G204500,4,16,-12,12
TraesCS7D02G186400,15,27,-12,12
TraesCS4B02G287600,2,15,-13,13
TraesCS2D02G214100,3,16,-13,13
TraesCS4B02G173600,1,14,-13,13
TraesCS7D02G543500,17,30,-13,13
TraesCS1A02G365300,3,16,-13,13
TraesCS1D02G040600,6,19,-13,13
TraesCS1D02G065100,0,13,-13,13
TraesCS1D02G308500,4,17,-13,13
TraesCS2B02G110000,13,26,-13,13
TraesCS2D02G074500,0,13,-13,13
TraesCS4B02G277000,1,14,-13,13
TraesCS4D02G357800,10,23,-13,13
TraesCS6A02G017900,6,19,-13,13
TraesCS6A02G292500,5,18,-13,13
TraesCS7A02G361100,50,63,-13,13
TraesCS7A02G453100,2,15,-13,13
TraesCS2B02G436100,0,14,-14,14
TraesCS2D02G286300,1,15,-14,14
TraesCS3B02G158800,1,15,-14,14
TraesCS3A02G142900,1,15,-14,14
TraesCS4D02G362800,8,22,-14,14
TraesCS1D02G275400,10,24,-14,14
TraesCS2D02G444300,1,15,-14,14
TraesCS2A02G579000,19,33,-14,14
TraesCS2D02G081700,11,25,-14,14
TraesCS2D02G092900,13,27,-14,14
TraesCS4A02G460400,7,21,-14,14
TraesCS4D02G167100,4,18,-14,14
TraesCS5B02G201500,2,16,-14,14
TraesCS6B02G375900,22,36,-14,14
TraesCS4A02G011600,4,19,-15,15
TraesCS4D02G354100,1,16,-15,15
TraesCS6A02G108300,3,18,-15,15
TraesCS1D02G063900,17,32,-15,15
TraesCS2B02G564300,34,49,-15,15
TraesCS3A02G454800,23,38,-15,15
TraesCS3A02G483700,11,26,-15,15
TraesCS3B02G074200,3,18,-15,15
TraesCS4D02G280700,0,15,-15,15
TraesCS5A02G037900,7,22,-15,15
TraesCS5B02G050300,51,66,-15,15
TraesCS7A02G036800,15,30,-15,15
TraesCS1A02G099100,4,20,-16,16
TraesCS1A02G214800,16,32,-16,16
TraesCS1B02G077800,2,18,-16,16
TraesCS2B02G131100,18,34,-16,16
TraesCS2D02G402300,33,49,-16,16
TraesCS3A02G005600,11,27,-16,16
TraesCS3D02G061400,4,20,-16,16
TraesCS4B02G333600,2,18,-16,16
TraesCS5B02G566600,0,16,-16,16
TraesCS5A02G387400,1,18,-17,17
TraesCS2B02G228900,2,19,-17,17
TraesCS2D02G101400,1,18,-17,17
TraesCS6D02G096300,4,21,-17,17
TraesCS7A02G569100,11,28,-17,17
TraesCS4D02G295900,1,18,-17,17
TraesCS1B02G384400,28,45,-17,17
TraesCS4D02G275600,8,25,-17,17
TraesCS5A02G033400,3,20,-17,17
TraesCS7B02G089600,28,45,-17,17
TraesCS7B02G397100,26,43,-17,17
TraesCS7B02G409500,46,63,-17,17
TraesCSU02G058300,16,33,-17,17
TraesCS5B02G375500,4,22,-18,18
TraesCS5D02G475000,0,18,-18,18
TraesCS7B02G409800,5,23,-18,18
TraesCS1B02G018000,10,29,-19,19
TraesCS1B02G081300,12,31,-19,19
TraesCS1D02G268200,30,49,-19,19
TraesCS2B02G474300,6,25,-19,19
TraesCS2D02G112800,28,47,-19,19
TraesCS4B02G255800,2,21,-19,19
TraesCS5A02G462300,0,19,-19,19
TraesCS7B02G100100,1,20,-19,19
TraesCS1B02G443800,1,21,-20,20
TraesCS7D02G208000,18,38,-20,20
TraesCS4A02G007900,1,21,-20,20
TraesCS2A02G452800,6,26,-20,20
TraesCS2D02G012400,7,27,-20,20
TraesCS5B02G556700,26,46,-20,20
TraesCS7B02G112400,20,41,-21,21
TraesCS1D02G436000,23,44,-21,21
TraesCS2A02G121300,3,24,-21,21
TraesCS3B02G065300,19,40,-21,21
TraesCS3B02G530500,17,38,-21,21
TraesCS3D02G092700,16,37,-21,21
TraesCS6A02G287400,14,36,-22,22
TraesCS7D02G154200,11,33,-22,22
TraesCS1A02G426600,19,41,-22,22
TraesCS2A02G076000,5,27,-22,22
TraesCS4B02G183900,2,24,-22,22
TraesCS4B02G333500,18,40,-22,22
TraesCS6D02G268100,18,41,-23,23
TraesCS5D02G219300,1,24,-23,23
TraesCS2B02G551800,14,37,-23,23
TraesCS3A02G054300,11,34,-23,23
TraesCS5A02G462200,2,25,-23,23
TraesCS7A02G086700,8,31,-23,23
TraesCS7A02G428100,0,23,-23,23
TraesCS2B02G119000,1,25,-24,24
TraesCS3A02G061500,0,24,-24,24
TraesCS6B02G210000,22,46,-24,24
TraesCS6B02G064100,1,26,-25,25
TraesCS7D02G025500,5,30,-25,25
TraesCS7D02G361900,16,41,-25,25
TraesCS2B02G012700,21,47,-26,26
TraesCS5D02G477900,16,42,-26,26
TraesCS3D02G323300,12,39,-27,27
TraesCS3D02G444300,31,58,-27,27
TraesCS2D02G414300,1,29,-28,28
TraesCS1B02G080800,8,36,-28,28
TraesCS1B02G319600,35,63,-28,28
TraesCS2A02G344100,27,55,-28,28
TraesCS3B02G008900,1,29,-28,28
TraesCS3B02G597300,20,48,-28,28
TraesCS5B02G498700,10,38,-28,28
TraesCS6A02G184200,28,56,-28,28
TraesCS3A02G445500,28,57,-29,29
TraesCS3D02G049800,6,35,-29,29
TraesCS4D02G051600,5,35,-30,30
TraesCS6D02G364700,7,37,-30,30
TraesCS2B02G119100,1,32,-31,31
TraesCS2B02G150700,15,46,-31,31
TraesCS3B02G488700,9,40,-31,31
TraesCS7B02G206800,10,41,-31,31
TraesCS6D02G340500,18,50,-32,32
TraesCS7B02G466100,7,39,-32,32
TraesCS2A02G115800,41,74,-33,33
TraesCS5A02G166600,4,38,-34,34
TraesCS7D02G025600,15,51,-36,36
TraesCS7D02G489900,33,69,-36,36
TraesCS1D02G244500,9,46,-37,37
TraesCS6B02G316700,13,50,-37,37
TraesCS1A02G366600,28,65,-37,37
TraesCS5B02G011700,18,55,-37,37
TraesCS6B02G390000,2,39,-37,37
TraesCS4B02G333200,2,40,-38,38
TraesCS7A02G361200,16,54,-38,38
TraesCS2A02G534000,14,54,-40,40
TraesCS2D02G374000,3,44,-41,41
TraesCS7D02G420300,0,41,-41,41
TraesCS3B02G111100,82,124,-42,42
TraesCS3D02G319200,4,47,-43,43
TraesCS3A02G136300,8,51,-43,43
TraesCS5A02G504100,14,57,-43,43
TraesCS1A02G244800,9,53,-44,44
TraesCS1B02G327700,2,46,-44,44
TraesCS7D02G025700,19,64,-45,45
TraesCS1B02G318300,10,56,-46,46
TraesCS2D02G101200,17,63,-46,46
TraesCS4A02G459900,71,117,-46,46
TraesCS4D02G011100,12,58,-46,46
TraesCS1B02G256000,9,56,-47,47
TraesCS3B02G493400,23,70,-47,47
TraesCS5B02G473300,2,49,-47,47
TraesCS7A02G028600,10,57,-47,47
TraesCS5D02G481400,51,99,-48,48
TraesCS6D02G340200,1,51,-50,50
TraesCS4A02G131000,2,53,-51,51
TraesCS3B02G354900,4,57,-53,53
TraesCS6B02G390300,7,61,-54,54
TraesCS5A02G327500,9,67,-58,58
TraesCS1A02G265700,2,62,-60,60
TraesCS3A02G325800,4,65,-61,61
TraesCS6A02G357700,2,65,-63,63
TraesCS3B02G014300,1,70,-69,69
TraesCS2A02G389400,1,71,-70,70
TraesCS6D02G402100,3,77,-74,74
TraesCS1D02G266000,2,78,-76,76
TraesCS1A02G103600,2,90,-88,88
TraesCS7A02G028500,75,176,-101,101
TraesCSU02G048700,12,114,-102,102
TraesCS7A02G030000,40,149,-109,109
TraesCS6B02G418700,21,162,-141,141
TraesCS3A02G011100,4,238,-234,234
TraesCS2D02G589700,26,279,-253,253
TraesCS7B02G353600,3,284,-281,281
TraesCS5D02G561900,13,574,-561,561
TraesCS5A02G468500,43,928,-885,885
TraesCS3B02G419800,13,946,-933,933
