Gene_name,TAM111,TAM112,diff,abs_diff
TraesCS5D02G004100,3584,322,3262,3262
TraesCS3A02G509300,191,1,190,190
TraesCS7B02G248300,208,36,172,172
TraesCS5B02G043100,39,0,39,39
TraesCS3B02G603100,32,0,32,32
TraesCS4A02G377600,31,1,30,30
TraesCS5A02G245900,48,20,28,28
TraesCS7D02G196300,35,12,23,23
TraesCS7B02G471400,60,37,23,23
TraesCS7B02G056300,33,12,21,21
TraesCS7A02G336700,46,26,20,20
TraesCS3A02G368700,23,3,20,20
TraesCS2A02G528400,31,12,19,19
TraesCS7B02G100300,37,19,18,18
TraesCS5D02G161000,26,9,17,17
TraesCS7D02G344400,58,41,17,17
TraesCS3D02G078500,22,6,16,16
TraesCS5B02G154100,38,23,15,15
TraesCS7B02G489500,31,17,14,14
TraesCS5B02G125600,17,3,14,14
TraesCS3A02G077900,24,11,13,13
TraesCS3B02G092800,14,1,13,13
TraesCS7D02G154200,40,27,13,13
TraesCS3D02G412800,17,5,12,12
TraesCS2D02G234000,20,8,12,12
TraesCS3A02G417300,17,6,11,11
TraesCS5A02G314600,13,2,11,11
TraesCS4B02G299000,26,15,11,11
TraesCS7A02G152500,31,20,11,11
TraesCS7A02G194700,39,28,11,11
TraesCS7A02G569100,32,21,11,11
TraesCS3B02G400200,10,0,10,10
TraesCS7D02G543400,20,10,10,10
TraesCS3B02G452200,16,7,9,9
TraesCS5D02G511400,9,0,9,9
TraesCS2B02G127800,7,0,7,7
TraesCS5B02G054200,8,1,7,7
TraesCS3A02G231100,8,1,7,7
TraesCS5A02G529300,11,5,6,6
TraesCS4A02G180900,9,3,6,6
TraesCS4A02G291500,7,1,6,6
TraesCS1A02G087700,6,0,6,6
TraesCS2A02G325900,7,1,6,6
TraesCS3B02G560400,8,2,6,6
TraesCS4A02G397800,6,0,6,6
TraesCS5D02G133900,12,6,6,6
TraesCS6D02G381400,6,0,6,6
TraesCS2A02G461700,6,1,5,5
TraesCS7A02G214500,17,12,5,5
TraesCS7A02G214700,7,2,5,5
TraesCS4D02G289600,7,2,5,5
TraesCS1A02G275800,31,26,5,5
TraesCS3D02G361600,6,1,5,5
TraesCS2D02G336300,6,1,5,5
TraesCS7A02G569300,9,4,5,5
TraesCS3A02G491500,6,1,5,5
TraesCS3A02G518200,5,0,5,5
TraesCS5B02G500600,6,1,5,5
TraesCS2B02G529200,5,1,4,4
TraesCS2B02G572500,6,2,4,4
TraesCS5D02G320800,7,3,4,4
TraesCS6A02G335400,5,1,4,4
TraesCS4B02G287600,5,1,4,4
TraesCS1B02G122500,4,0,4,4
TraesCS1B02G283000,5,1,4,4
TraesCS5A02G083100,5,1,4,4
TraesCS2B02G355300,5,1,4,4
TraesCS7A02G422900,4,0,4,4
TraesCS3A02G516800,5,1,4,4
TraesCS3D02G430000,6,2,4,4
TraesCS6D02G067900,20,16,4,4
TraesCS2B02G531100,4,1,3,3
TraesCS3B02G412500,4,1,3,3
TraesCS6B02G361400,4,1,3,3
TraesCS7A02G128800,3,0,3,3
TraesCS2D02G193400,4,1,3,3
TraesCS4D02G078800,4,1,3,3
TraesCS4D02G354100,4,1,3,3
TraesCS7D02G216600,16,13,3,3
TraesCS2B02G198700,4,1,3,3
TraesCS2B02G458400,4,1,3,3
TraesCS3A02G305300,3,0,3,3
TraesCS4B02G245700,3,0,3,3
TraesCS5A02G391800,3,0,3,3
TraesCS7D02G130100,19,16,3,3
TraesCS2B02G583300,3,0,3,3
TraesCS2D02G571000,3,0,3,3
TraesCS3A02G298600,4,1,3,3
TraesCS3D02G186100,3,0,3,3
TraesCS3D02G322700,4,1,3,3
TraesCS6A02G027984,4,1,3,3
TraesCS5D02G077900,2,0,2,2
TraesCS5D02G515000,2,0,2,2
TraesCS2A02G503100,2,0,2,2
TraesCS2D02G503900,2,0,2,2
TraesCS3A02G259900,2,0,2,2
TraesCS7D02G250700,3,1,2,2
TraesCS2D02G491200,3,1,2,2
TraesCS3B02G190100,2,0,2,2
TraesCS6A02G113000,3,1,2,2
TraesCS2A02G194500,3,1,2,2
TraesCS4D02G354200,9,7,2,2
TraesCS6D02G341200,2,0,2,2
TraesCS6D02G236700,2,0,2,2
TraesCS2A02G561200,2,0,2,2
TraesCS2A02G172500,3,1,2,2
TraesCS5D02G383000,10,8,2,2
TraesCS2A02G031800,2,0,2,2
TraesCS4D02G107100,3,1,2,2
TraesCS3B02G394200,2,0,2,2
TraesCS5B02G326400,2,0,2,2
TraesCS5B02G047200,3,1,2,2
TraesCS2B02G419200,3,1,2,2
TraesCS4B02G346700,2,0,2,2
TraesCS7B02G087800,2,0,2,2
TraesCS1A02G096800,2,0,2,2
TraesCS2A02G370400,2,0,2,2
TraesCS2B02G252000,4,2,2,2
TraesCS2B02G387800,3,1,2,2
TraesCS3A02G187800,2,0,2,2
TraesCS3A02G336500,2,0,2,2
TraesCS3B02G612200,3,1,2,2
TraesCS7A02G205100,34,32,2,2
TraesCS6A02G378500,2,0,2,2
TraesCSU02G137200,2,0,2,2
TraesCS7D02G390300,3,1,2,2
TraesCS5D02G355900,2,0,2,2
TraesCS3B02G552400,3,1,2,2
TraesCS1D02G351600,3,1,2,2
TraesCS5A02G156700,2,0,2,2
TraesCS7A02G343000,2,0,2,2
TraesCS7D02G336400,2,0,2,2
TraesCS1A02G360100,2,0,2,2
TraesCS1A02G361600,2,0,2,2
TraesCS1B02G030100,2,0,2,2
TraesCS1B02G037000,3,1,2,2
TraesCS1B02G049100,2,0,2,2
TraesCS1B02G354400,2,0,2,2
TraesCS1B02G386400,2,0,2,2
TraesCS1D02G030200,4,2,2,2
TraesCS2A02G561100,2,0,2,2
TraesCS2A02G563100,3,1,2,2
TraesCS2B02G046400,2,0,2,2
TraesCS2B02G160200,3,1,2,2
TraesCS2B02G251300,2,0,2,2
TraesCS2B02G494400,2,0,2,2
TraesCS2B02G504500,2,0,2,2
TraesCS2D02G001500,2,0,2,2
TraesCS2D02G371200,2,0,2,2
TraesCS2D02G408600,2,0,2,2
TraesCS2D02G414900,2,0,2,2
TraesCS3A02G226600,3,1,2,2
TraesCS3A02G291200,2,0,2,2
TraesCS3B02G149400,2,0,2,2
TraesCS3D02G068100,2,0,2,2
TraesCS4A02G380600,2,0,2,2
TraesCS4A02G394400,3,1,2,2
TraesCS4B02G350100,2,0,2,2
TraesCS4B02G377600,3,1,2,2
TraesCS4D02G170100,2,0,2,2
TraesCS5B02G120300,3,1,2,2
TraesCS5B02G428600,3,1,2,2
TraesCS5B02G505300,3,1,2,2
TraesCS5D02G557000,2,0,2,2
TraesCS6B02G128600,2,0,2,2
TraesCS6D02G235200,2,0,2,2
TraesCS7A02G234200,2,0,2,2
TraesCS7A02G411500,3,1,2,2
TraesCS7D02G101700,2,0,2,2
TraesCS7D02G261100,3,1,2,2
TraesCS7D02G449100,2,0,2,2
TraesCS7D02G509700,2,0,2,2
TraesCSU02G052600,2,0,2,2
TraesCS1D02G078100,1,0,1,1
TraesCS1D02G302100,1,0,1,1
TraesCS2A02G144100,1,0,1,1
TraesCS2A02G204300,1,0,1,1
TraesCS2B02G168900,1,0,1,1
TraesCS3D02G504400,1,0,1,1
TraesCS4A02G053000,1,0,1,1
TraesCS4A02G214700,1,0,1,1
TraesCS4A02G241500,1,0,1,1
TraesCS4A02G283000,1,0,1,1
TraesCS4B02G101400,1,0,1,1
TraesCS4B02G251500,1,0,1,1
TraesCS4D02G071900,1,0,1,1
TraesCS4D02G098100,1,0,1,1
TraesCS4D02G251500,1,0,1,1
TraesCS5A02G090100,1,0,1,1
TraesCS5A02G127100,1,0,1,1
TraesCS5A02G438600,2,1,1,1
TraesCS5B02G073800,2,1,1,1
TraesCS5B02G095900,1,0,1,1
TraesCS5B02G365800,2,1,1,1
TraesCS5B02G510500,1,0,1,1
TraesCS5D02G102200,1,0,1,1
TraesCS5D02G372900,1,0,1,1
TraesCS5D02G496300,1,0,1,1
TraesCS5D02G515100,1,0,1,1
TraesCS6A02G213000,1,0,1,1
TraesCS6B02G440000,1,0,1,1
TraesCS6D02G384000,2,1,1,1
TraesCS7A02G062700,1,0,1,1
TraesCS1A02G220000,1,0,1,1
TraesCS1A02G314300,1,0,1,1
TraesCS1B02G282300,1,0,1,1
TraesCS1B02G326600,1,0,1,1
TraesCS1D02G314800,1,0,1,1
TraesCS1D02G418900,1,0,1,1
TraesCS2A02G417300,1,0,1,1
TraesCS2B02G436300,1,0,1,1
TraesCS2D02G414600,1,0,1,1
TraesCS2D02G506500,5,4,1,1
TraesCS3A02G379900,1,0,1,1
TraesCS3B02G293000,1,0,1,1
TraesCS4D02G002400,1,0,1,1
TraesCS5A02G141700,1,0,1,1
TraesCS5B02G344200,1,0,1,1
TraesCS6A02G306300,1,0,1,1
TraesCS6B02G280800,2,1,1,1
TraesCS6B02G334700,1,0,1,1
TraesCS6D02G225700,2,1,1,1
TraesCS6D02G285400,1,0,1,1
TraesCS7A02G158000,1,0,1,1
TraesCS7B02G074500,2,1,1,1
TraesCS7B02G277800,1,0,1,1
TraesCS7D02G158500,1,0,1,1
TraesCS1B02G173700,1,0,1,1
TraesCS2B02G519200,1,0,1,1
TraesCS3A02G292400,1,0,1,1
TraesCS3A02G442000,1,0,1,1
TraesCS3A02G449300,1,0,1,1
TraesCS3B02G327000,1,0,1,1
TraesCS3B02G475800,1,0,1,1
TraesCS3D02G166700,2,1,1,1
TraesCS3D02G245400,2,1,1,1
TraesCS3D02G292100,1,0,1,1
TraesCS3D02G434700,1,0,1,1
TraesCS7A02G475700,1,0,1,1
TraesCS7B02G138900,1,0,1,1
TraesCS7B02G363100,1,0,1,1
TraesCS6B02G218500,1,0,1,1
TraesCS6B02G308000,1,0,1,1
TraesCS7A02G566000,1,0,1,1
TraesCS2B02G212400,2,1,1,1
TraesCS2D02G270100,1,0,1,1
TraesCS4B02G361100,5,4,1,1
TraesCS4B02G230700,1,0,1,1
TraesCS4D02G231900,1,0,1,1
TraesCS4D02G006100,1,0,1,1
TraesCS6A02G085800,1,0,1,1
TraesCS1B02G100400,1,0,1,1
TraesCS1A02G083000,1,0,1,1
TraesCS1A02G193200,1,0,1,1
TraesCS1B02G113100,1,0,1,1
TraesCS1B02G208000,1,0,1,1
TraesCS1D02G196900,1,0,1,1
TraesCS2B02G483300,2,1,1,1
TraesCS4A02G060200,1,0,1,1
TraesCS5B02G264300,1,0,1,1
TraesCS5D02G272800,1,0,1,1
TraesCS6A02G288100,1,0,1,1
TraesCS6A02G358400,3,2,1,1
TraesCS6D02G357700,1,0,1,1
TraesCS7A02G245800,1,0,1,1
TraesCS7A02G340300,1,0,1,1
TraesCS7A02G543300,1,0,1,1
TraesCS7B02G145800,1,0,1,1
TraesCS7B02G251900,1,0,1,1
TraesCS7D02G308300,1,0,1,1
TraesCS7D02G347900,1,0,1,1
TraesCS3A02G140100,2,1,1,1
TraesCS3B02G164500,1,0,1,1
TraesCS3B02G470700,1,0,1,1
TraesCS3D02G146900,2,1,1,1
TraesCS5B02G032000,2,1,1,1
TraesCS5B02G516200,1,0,1,1
TraesCS6A02G150900,1,0,1,1
TraesCS7A02G218600,1,0,1,1
TraesCS7D02G220300,1,0,1,1
TraesCS1A02G334100,1,0,1,1
TraesCS2A02G225900,1,0,1,1
TraesCS2A02G591200,1,0,1,1
TraesCS2B02G118000,1,0,1,1
TraesCS2B02G249200,1,0,1,1
TraesCS3A02G532000,1,0,1,1
TraesCS5A02G251800,1,0,1,1
TraesCS5B02G249800,1,0,1,1
TraesCS5D02G259700,1,0,1,1
TraesCS6A02G287700,1,0,1,1
TraesCS6B02G270100,1,0,1,1
TraesCS6B02G317100,1,0,1,1
TraesCS6D02G268400,1,0,1,1
TraesCS1A02G097300,1,0,1,1
TraesCS1B02G126600,2,1,1,1
TraesCS2A02G561400,1,0,1,1
TraesCS2B02G410200,2,1,1,1
TraesCS2D02G386100,1,0,1,1
TraesCS3A02G274900,1,0,1,1
TraesCS3B02G308500,1,0,1,1
TraesCS3D02G274600,1,0,1,1
TraesCS3D02G544000,1,0,1,1
TraesCS4A02G364700,1,0,1,1
TraesCS5B02G508800,1,0,1,1
TraesCS5D02G508800,1,0,1,1
TraesCS6D02G221600,1,0,1,1
TraesCS7A02G363100,2,1,1,1
TraesCS2D02G205100,1,0,1,1
TraesCS5A02G025900,2,1,1,1
TraesCS1A02G445600,1,0,1,1
TraesCS1B02G480400,1,0,1,1
TraesCS1D02G453900,1,0,1,1
TraesCS2A02G102300,2,1,1,1
TraesCS2A02G199900,1,0,1,1
TraesCS2B02G227500,1,0,1,1
TraesCS2D02G207800,1,0,1,1
TraesCS3A02G178700,1,0,1,1
TraesCS3A02G246800,1,0,1,1
TraesCS3A02G423200,1,0,1,1
TraesCS3B02G205900,1,0,1,1
TraesCS3B02G237800,1,0,1,1
TraesCS3B02G272500,1,0,1,1
TraesCS3B02G458800,1,0,1,1
TraesCS3D02G244700,1,0,1,1
TraesCS3D02G418400,1,0,1,1
TraesCS4B02G037000,1,0,1,1
TraesCS4D02G034300,1,0,1,1
TraesCS4D02G222000,1,0,1,1
TraesCS5A02G121100,1,0,1,1
TraesCS5A02G488700,1,0,1,1
TraesCS5B02G142300,1,0,1,1
TraesCS5B02G502600,1,0,1,1
TraesCS5D02G431900,1,0,1,1
TraesCS6B02G310500,1,0,1,1
TraesCS7A02G228200,1,0,1,1
TraesCS7A02G402300,1,0,1,1
TraesCS7D02G226400,1,0,1,1
TraesCS2A02G163000,1,0,1,1
TraesCS2A02G283800,1,0,1,1
TraesCS2B02G300800,1,0,1,1
TraesCS2D02G282800,1,0,1,1
TraesCS3A02G433300,1,0,1,1
TraesCS4B02G306300,1,0,1,1
TraesCS5B02G521100,2,1,1,1
TraesCS1B02G297900,1,0,1,1
TraesCS1B02G442000,1,0,1,1
TraesCS1D02G287500,1,0,1,1
TraesCS3B02G017400,1,0,1,1
TraesCS3B02G385600,1,0,1,1
TraesCS3D02G347000,1,0,1,1
TraesCS2D02G179600,2,1,1,1
TraesCS5A02G043300,1,0,1,1
TraesCS5B02G047100,1,0,1,1
TraesCS5D02G052200,1,0,1,1
TraesCS1D02G310200,1,0,1,1
TraesCS6A02G157900,1,0,1,1
TraesCS1A02G327100,1,0,1,1
TraesCS1D02G329200,1,0,1,1
TraesCS3D02G297000,1,0,1,1
TraesCS7D02G338500,2,1,1,1
TraesCS1A02G262400,1,0,1,1
TraesCS2A02G297400,1,0,1,1
TraesCS2D02G295300,1,0,1,1
TraesCS4A02G036000,1,0,1,1
TraesCS4D02G268100,1,0,1,1
TraesCS6B02G233700,1,0,1,1
TraesCS7B02G103500,1,0,1,1
TraesCS2A02G099900,1,0,1,1
TraesCS4B02G175100,1,0,1,1
TraesCS5B02G265400,1,0,1,1
TraesCS3A02G461400,1,0,1,1
TraesCS4B02G129700,1,0,1,1
TraesCS4B02G320500,1,0,1,1
TraesCS5B02G452800,1,0,1,1
TraesCS7A02G257400,1,0,1,1
TraesCS1A02G258400,1,0,1,1
TraesCS2B02G277300,1,0,1,1
TraesCS2D02G259200,1,0,1,1
TraesCS3A02G361800,1,0,1,1
TraesCS6A02G007300,1,0,1,1
TraesCS6B02G012800,1,0,1,1
TraesCS6D02G011600,1,0,1,1
TraesCS4D02G163600,1,0,1,1
TraesCS6A02G329300,1,0,1,1
TraesCS2A02G214400,1,0,1,1
TraesCS2B02G217500,1,0,1,1
TraesCS3A02G360300,1,0,1,1
TraesCS3B02G262400,1,0,1,1
TraesCS3D02G220100,1,0,1,1
TraesCS4A02G039000,1,0,1,1
TraesCS4A02G176200,1,0,1,1
TraesCS4A02G176400,1,0,1,1
TraesCS4A02G271000,1,0,1,1
TraesCS4B02G043100,1,0,1,1
TraesCS4B02G124000,2,1,1,1
TraesCS4B02G141300,1,0,1,1
TraesCS4B02G266700,1,0,1,1
TraesCS4D02G136300,1,0,1,1
TraesCS4D02G266400,1,0,1,1
TraesCS4D02G360200,1,0,1,1
TraesCS5A02G080300,1,0,1,1
TraesCS5B02G417000,1,0,1,1
TraesCS5B02G494500,1,0,1,1
TraesCS5D02G092000,1,0,1,1
TraesCS7A02G014200,1,0,1,1
TraesCS2A02G238700,1,0,1,1
TraesCS2D02G435200,1,0,1,1
TraesCS6D02G245300,2,1,1,1
TraesCS7A02G165600,1,0,1,1
TraesCS2D02G127700,1,0,1,1
TraesCS5A02G043400,2,1,1,1
TraesCS5A02G375800,1,0,1,1
TraesCS5A02G549700,1,0,1,1
TraesCS5B02G378000,1,0,1,1
TraesCS1A02G338900,2,1,1,1
TraesCS1B02G351300,1,0,1,1
TraesCS1D02G341000,1,0,1,1
TraesCS2A02G305400,2,1,1,1
TraesCS2D02G303900,2,1,1,1
TraesCS1B02G232700,1,0,1,1
TraesCS4D02G236600,1,0,1,1
TraesCS4D02G303500,1,0,1,1
TraesCS5B02G317400,1,0,1,1
TraesCS5D02G235300,1,0,1,1
TraesCS6A02G290800,2,1,1,1
TraesCS2A02G401200,1,0,1,1
TraesCS3B02G331200,2,1,1,1
TraesCS2D02G195100,1,0,1,1
TraesCS2A02G204500,1,0,1,1
TraesCS2B02G419600,1,0,1,1
TraesCS2D02G087400,1,0,1,1
TraesCS3B02G314600,1,0,1,1
TraesCS3B02G438900,1,0,1,1
TraesCS3D02G280600,1,0,1,1
TraesCS3D02G289000,1,0,1,1
TraesCS4B02G239700,1,0,1,1
TraesCS4D02G239600,1,0,1,1
TraesCS5A02G383800,1,0,1,1
TraesCS6A02G098800,1,0,1,1
TraesCS6D02G083800,1,0,1,1
TraesCS6A02G017400,1,0,1,1
TraesCS3A02G434900,1,0,1,1
TraesCS4A02G058900,1,0,1,1
TraesCS4B02G351500,2,1,1,1
TraesCS7D02G388600,2,1,1,1
TraesCS1A02G264300,1,0,1,1
TraesCS1B02G144800,1,0,1,1
TraesCS1D02G127700,1,0,1,1
TraesCS1D02G262700,1,0,1,1
TraesCS2D02G181400,1,0,1,1
TraesCS4B02G245800,2,1,1,1
TraesCS4D02G341700,1,0,1,1
TraesCS5A02G286800,1,0,1,1
TraesCS5A02G515500,1,0,1,1
TraesCS5B02G286100,1,0,1,1
TraesCS5D02G294500,1,0,1,1
TraesCS6A02G259000,1,0,1,1
TraesCS6B02G286400,1,0,1,1
TraesCS6D02G014600,1,0,1,1
TraesCS6D02G293200,1,0,1,1
TraesCS7A02G260600,1,0,1,1
TraesCS7B02G158600,1,0,1,1
TraesCS7D02G261600,1,0,1,1
TraesCS1A02G251800,1,0,1,1
TraesCS1B02G399400,1,0,1,1
TraesCS1D02G068000,1,0,1,1
TraesCS1D02G251800,1,0,1,1
TraesCS1D02G323800,1,0,1,1
TraesCS2A02G189200,1,0,1,1
TraesCS2A02G525900,1,0,1,1
TraesCS2B02G122000,1,0,1,1
TraesCS2B02G514500,1,0,1,1
TraesCS3A02G073600,1,0,1,1
TraesCS3B02G518100,1,0,1,1
TraesCS4A02G023900,1,0,1,1
TraesCS4A02G390500,1,0,1,1
TraesCS4D02G079700,1,0,1,1
TraesCS4D02G278100,1,0,1,1
TraesCS5B02G365700,1,0,1,1
TraesCS6A02G035600,1,0,1,1
TraesCS6A02G304600,1,0,1,1
TraesCS6B02G023600,1,0,1,1
TraesCS6B02G024000,1,0,1,1
TraesCS6B02G024400,1,0,1,1
TraesCS6B02G024800,1,0,1,1
TraesCS6B02G025100,1,0,1,1
TraesCS6B02G028000,1,0,1,1
TraesCS6B02G029100,1,0,1,1
TraesCS6B02G037100,1,0,1,1
TraesCS6B02G052800,1,0,1,1
TraesCS6B02G059600,1,0,1,1
TraesCS6B02G077200,1,0,1,1
TraesCS6B02G078100,1,0,1,1
TraesCS6B02G244200,1,0,1,1
TraesCS6B02G297700,1,0,1,1
TraesCS6B02G395400,1,0,1,1
TraesCS6D02G019700,1,0,1,1
TraesCS6D02G020800,1,0,1,1
TraesCS6D02G034900,1,0,1,1
TraesCS6D02G036100,2,1,1,1
TraesCS6D02G037000,1,0,1,1
TraesCS6D02G043300,1,0,1,1
TraesCS6D02G283900,1,0,1,1
TraesCS7B02G087900,1,0,1,1
TraesCS7B02G088500,1,0,1,1
TraesCS7B02G144700,1,0,1,1
TraesCS7B02G362000,1,0,1,1
TraesCS3A02G105800,1,0,1,1
TraesCS7A02G553800,1,0,1,1
TraesCS7D02G540700,1,0,1,1
TraesCS1A02G278900,2,1,1,1
TraesCS1A02G420500,1,0,1,1
TraesCS1B02G287700,1,0,1,1
TraesCS1B02G293300,1,0,1,1
TraesCS1D02G308600,1,0,1,1
TraesCS2A02G152700,1,0,1,1
TraesCS2A02G158900,2,1,1,1
TraesCS2A02G370300,1,0,1,1
TraesCS2A02G381900,1,0,1,1
TraesCS2B02G183100,1,0,1,1
TraesCS2B02G184500,1,0,1,1
TraesCS2B02G387700,2,1,1,1
TraesCS2D02G437600,2,1,1,1
TraesCS3A02G211500,1,0,1,1
TraesCS3A02G365200,1,0,1,1
TraesCS3A02G384400,1,0,1,1
TraesCS3B02G224500,2,1,1,1
TraesCS3B02G391900,1,0,1,1
TraesCS3B02G397100,1,0,1,1
TraesCS3D02G107800,1,0,1,1
TraesCS3D02G329400,1,0,1,1
TraesCS3D02G353500,1,0,1,1
TraesCS4A02G131700,1,0,1,1
TraesCS4A02G261600,1,0,1,1
TraesCS4A02G452600,1,0,1,1
TraesCS4B02G053000,1,0,1,1
TraesCS4B02G172900,1,0,1,1
TraesCS4D02G053300,1,0,1,1
TraesCS4D02G175000,1,0,1,1
TraesCS5A02G005500,1,0,1,1
TraesCS5A02G178500,1,0,1,1
TraesCS5B02G093000,2,1,1,1
TraesCS5B02G377500,1,0,1,1
TraesCS5D02G048400,1,0,1,1
TraesCS5D02G093100,2,1,1,1
TraesCS5D02G183000,1,0,1,1
TraesCS6A02G198000,1,0,1,1
TraesCS6A02G261100,1,0,1,1
TraesCS6B02G201700,1,0,1,1
TraesCS6D02G245900,1,0,1,1
TraesCS7A02G036100,1,0,1,1
TraesCS7A02G145200,1,0,1,1
TraesCS7A02G247200,1,0,1,1
TraesCS7A02G470700,1,0,1,1
TraesCS7B02G127800,1,0,1,1
TraesCS7B02G206300,1,0,1,1
TraesCS7B02G315800,2,1,1,1
TraesCS7B02G385700,1,0,1,1
TraesCS7D02G032700,1,0,1,1
TraesCS7D02G300000,2,1,1,1
TraesCS7D02G302800,1,0,1,1
TraesCS7D02G409100,2,1,1,1
TraesCS7D02G514800,1,0,1,1
TraesCSU02G069000,2,1,1,1
TraesCS1A02G263700,1,0,1,1
TraesCS1D02G263800,1,0,1,1
TraesCS1D02G266500,1,0,1,1
TraesCS2A02G326500,2,1,1,1
TraesCS2A02G338300,1,0,1,1
TraesCS2B02G067400,1,0,1,1
TraesCS2B02G343600,1,0,1,1
TraesCS2B02G355600,1,0,1,1
TraesCS2B02G616900,1,0,1,1
TraesCS2D02G100700,2,1,1,1
TraesCS2D02G100900,2,1,1,1
TraesCS2D02G324700,1,0,1,1
TraesCS2D02G334800,1,0,1,1
TraesCS2D02G567000,1,0,1,1
TraesCS3A02G078400,2,1,1,1
TraesCS3A02G245900,1,0,1,1
TraesCS3B02G472800,1,0,1,1
TraesCS3D02G183900,1,0,1,1
TraesCS3D02G245500,2,1,1,1
TraesCS3D02G480900,2,1,1,1
TraesCS4A02G130600,1,0,1,1
TraesCS4B02G132500,2,1,1,1
TraesCS4D02G094400,1,0,1,1
TraesCS4D02G176000,1,0,1,1
TraesCS5A02G049100,1,0,1,1
TraesCS5A02G468300,1,0,1,1
TraesCS5D02G148900,3,2,1,1
TraesCS6A02G406700,1,0,1,1
TraesCS6D02G390200,1,0,1,1
TraesCS7B02G160900,1,0,1,1
TraesCSU02G135000,1,0,1,1
TraesCS1A02G192800,1,0,1,1
TraesCS7B02G180100,1,0,1,1
TraesCS4A02G200200,1,0,1,1
TraesCS4B02G198700,1,0,1,1
TraesCS4D02G112800,1,0,1,1
TraesCS7B02G162700,1,0,1,1
TraesCS7D02G265600,1,0,1,1
TraesCS2B02G422400,1,0,1,1
TraesCS5A02G349500,1,0,1,1
TraesCS2B02G309100,1,0,1,1
TraesCS2D02G290500,1,0,1,1
TraesCS1A02G255300,1,0,1,1
TraesCS3D02G425800,1,0,1,1
TraesCS4A02G359500,1,0,1,1
TraesCS5B02G512800,1,0,1,1
TraesCS5D02G513300,1,0,1,1
TraesCS6B02G183400,1,0,1,1
TraesCS7A02G249100,1,0,1,1
TraesCS7B02G142200,1,0,1,1
TraesCS4D02G154500,1,0,1,1
TraesCS1B02G467100,2,1,1,1
TraesCS5B02G319600,2,1,1,1
TraesCS2A02G039500,1,0,1,1
TraesCS3A02G413600,1,0,1,1
TraesCS3B02G448000,1,0,1,1
TraesCS6A02G107300,1,0,1,1
TraesCS6B02G135800,1,0,1,1
TraesCS6D02G095400,1,0,1,1
TraesCS4A02G249400,2,1,1,1
TraesCS4B02G297100,2,1,1,1
TraesCS5D02G211200,1,0,1,1
TraesCS6D02G108700,1,0,1,1
TraesCS1A02G333900,1,0,1,1
TraesCS2A02G574000,1,0,1,1
TraesCS2D02G122900,2,1,1,1
TraesCS3A02G378300,1,0,1,1
TraesCS3B02G411000,2,1,1,1
TraesCS4B02G166400,1,0,1,1
TraesCS7B02G227000,1,0,1,1
TraesCS3B02G326500,1,0,1,1
TraesCS6D02G121500,1,0,1,1
TraesCS1A02G348600,2,1,1,1
TraesCS2A02G182700,1,0,1,1
TraesCS2B02G209200,1,0,1,1
TraesCS2B02G454300,2,1,1,1
TraesCS3B02G595800,1,0,1,1
TraesCS3D02G029100,1,0,1,1
TraesCS3D02G173300,1,0,1,1
TraesCS3D02G532800,1,0,1,1
TraesCS4D02G151700,1,0,1,1
TraesCS5A02G059100,1,0,1,1
TraesCS5A02G344100,1,0,1,1
TraesCS5A02G381000,2,1,1,1
TraesCS5B02G154900,1,0,1,1
TraesCS5B02G384600,2,1,1,1
TraesCS5D02G390800,2,1,1,1
TraesCS7B02G240000,1,0,1,1
TraesCS7D02G124300,1,0,1,1
TraesCS3A02G538000,1,0,1,1
TraesCS3B02G603400,1,0,1,1
TraesCS3D02G543400,1,0,1,1
TraesCS1A02G000400,1,0,1,1
TraesCS1A02G000700,1,0,1,1
TraesCS1A02G001900,1,0,1,1
TraesCS1A02G010300,1,0,1,1
TraesCS1A02G011600,1,0,1,1
TraesCS1A02G027600,1,0,1,1
TraesCS1A02G036500,1,0,1,1
TraesCS1A02G064800,1,0,1,1
TraesCS1A02G069700,1,0,1,1
TraesCS1A02G096500,1,0,1,1
TraesCS1A02G109300,1,0,1,1
TraesCS1A02G113700,1,0,1,1
TraesCS1A02G115400,1,0,1,1
TraesCS1A02G116600,1,0,1,1
TraesCS1A02G122800,1,0,1,1
TraesCS1A02G129100,1,0,1,1
TraesCS1A02G131900,1,0,1,1
TraesCS1A02G132400,1,0,1,1
TraesCS1A02G155500,1,0,1,1
TraesCS1A02G158500,1,0,1,1
TraesCS1A02G159100,1,0,1,1
TraesCS1A02G160100,1,0,1,1
TraesCS1A02G174600,1,0,1,1
TraesCS1A02G192400,1,0,1,1
TraesCS1A02G195300,1,0,1,1
TraesCS1A02G196800,1,0,1,1
TraesCS1A02G201300,1,0,1,1
TraesCS1A02G206000,1,0,1,1
TraesCS1A02G217800,1,0,1,1
TraesCS1A02G220500,1,0,1,1
TraesCS1A02G232300,1,0,1,1
TraesCS1A02G236000,1,0,1,1
TraesCS1A02G248400,2,1,1,1
TraesCS1A02G261900,1,0,1,1
TraesCS1A02G267700,3,2,1,1
TraesCS1A02G280800,1,0,1,1
TraesCS1A02G287800,1,0,1,1
TraesCS1A02G288800,1,0,1,1
TraesCS1A02G295400,1,0,1,1
TraesCS1A02G313500,1,0,1,1
TraesCS1A02G353300,1,0,1,1
TraesCS1A02G355800,1,0,1,1
TraesCS1A02G359800,1,0,1,1
TraesCS1A02G360200,1,0,1,1
TraesCS1A02G363000,2,1,1,1
TraesCS1A02G363700,1,0,1,1
TraesCS1A02G385900,1,0,1,1
TraesCS1A02G389500,1,0,1,1
TraesCS1A02G397400,1,0,1,1
TraesCS1A02G409700,1,0,1,1
TraesCS1A02G431800,1,0,1,1
TraesCS1A02G438600,1,0,1,1
TraesCS1B02G022100,1,0,1,1
TraesCS1B02G037900,1,0,1,1
TraesCS1B02G062900,1,0,1,1
TraesCS1B02G120300,1,0,1,1
TraesCS1B02G129400,1,0,1,1
TraesCS1B02G140200,1,0,1,1
TraesCS1B02G143400,2,1,1,1
TraesCS1B02G148500,1,0,1,1
TraesCS1B02G171700,1,0,1,1
TraesCS1B02G174700,1,0,1,1
TraesCS1B02G178500,1,0,1,1
TraesCS1B02G187600,1,0,1,1
TraesCS1B02G200000,1,0,1,1
TraesCS1B02G203900,1,0,1,1
TraesCS1B02G205700,1,0,1,1
TraesCS1B02G206800,1,0,1,1
TraesCS1B02G212800,1,0,1,1
TraesCS1B02G224100,1,0,1,1
TraesCS1B02G258700,1,0,1,1
TraesCS1B02G262300,1,0,1,1
TraesCS1B02G266800,2,1,1,1
TraesCS1B02G275700,1,0,1,1
TraesCS1B02G286900,1,0,1,1
TraesCS1B02G287200,1,0,1,1
TraesCS1B02G353500,1,0,1,1
TraesCS1B02G376400,2,1,1,1
TraesCS1B02G376600,1,0,1,1
TraesCS1B02G386200,2,1,1,1
TraesCS1B02G403100,2,1,1,1
TraesCS1B02G415400,1,0,1,1
TraesCS1B02G416600,2,1,1,1
TraesCS1B02G474100,1,0,1,1
TraesCS1B02G478200,1,0,1,1
TraesCS1D02G009100,2,1,1,1
TraesCS1D02G023900,1,0,1,1
TraesCS1D02G039900,1,0,1,1
TraesCS1D02G089300,1,0,1,1
TraesCS1D02G105100,1,0,1,1
TraesCS1D02G109000,1,0,1,1
TraesCS1D02G117800,1,0,1,1
TraesCS1D02G122000,1,0,1,1
TraesCS1D02G132700,1,0,1,1
TraesCS1D02G157900,1,0,1,1
TraesCS1D02G158700,1,0,1,1
TraesCS1D02G167200,1,0,1,1
TraesCS1D02G173500,1,0,1,1
TraesCS1D02G195800,1,0,1,1
TraesCS1D02G207800,2,1,1,1
TraesCS1D02G208200,1,0,1,1
TraesCS1D02G219100,1,0,1,1
TraesCS1D02G228000,1,0,1,1
TraesCS1D02G245200,1,0,1,1
TraesCS1D02G249900,1,0,1,1
TraesCS1D02G270900,2,1,1,1
TraesCS1D02G277400,1,0,1,1
TraesCS1D02G286700,1,0,1,1
TraesCS1D02G292100,2,1,1,1
TraesCS1D02G306100,2,1,1,1
TraesCS1D02G319300,1,0,1,1
TraesCS1D02G378100,1,0,1,1
TraesCS1D02G391600,1,0,1,1
TraesCS1D02G451000,1,0,1,1
TraesCS1D02G453600,1,0,1,1
TraesCS2A02G032800,1,0,1,1
TraesCS2A02G059300,1,0,1,1
TraesCS2A02G064200,1,0,1,1
TraesCS2A02G076700,1,0,1,1
TraesCS2A02G110700,1,0,1,1
TraesCS2A02G120100,1,0,1,1
TraesCS2A02G129000,1,0,1,1
TraesCS2A02G142900,1,0,1,1
TraesCS2A02G146900,1,0,1,1
TraesCS2A02G147000,1,0,1,1
TraesCS2A02G151300,1,0,1,1
TraesCS2A02G177600,1,0,1,1
TraesCS2A02G183600,1,0,1,1
TraesCS2A02G199400,1,0,1,1
TraesCS2A02G214900,1,0,1,1
TraesCS2A02G216100,1,0,1,1
TraesCS2A02G228200,1,0,1,1
TraesCS2A02G257800,1,0,1,1
TraesCS2A02G264200,1,0,1,1
TraesCS2A02G270400,1,0,1,1
TraesCS2A02G272200,1,0,1,1
TraesCS2A02G278600,1,0,1,1
TraesCS2A02G278700,1,0,1,1
TraesCS2A02G295200,1,0,1,1
TraesCS2A02G304400,1,0,1,1
TraesCS2A02G306100,1,0,1,1
TraesCS2A02G314500,1,0,1,1
TraesCS2A02G341900,1,0,1,1
TraesCS2A02G344800,1,0,1,1
TraesCS2A02G349700,1,0,1,1
TraesCS2A02G353400,2,1,1,1
TraesCS2A02G362300,1,0,1,1
TraesCS2A02G363500,1,0,1,1
TraesCS2A02G391300,1,0,1,1
TraesCS2A02G398100,1,0,1,1
TraesCS2A02G408000,1,0,1,1
TraesCS2A02G453400,1,0,1,1
TraesCS2A02G457700,1,0,1,1
TraesCS2A02G472000,1,0,1,1
TraesCS2A02G485300,1,0,1,1
TraesCS2A02G507200,1,0,1,1
TraesCS2A02G528800,1,0,1,1
TraesCS2A02G543300,1,0,1,1
TraesCS2A02G552500,1,0,1,1
TraesCS2A02G557600,1,0,1,1
TraesCS2A02G568200,1,0,1,1
TraesCS2A02G586900,1,0,1,1
TraesCS2B02G007800,1,0,1,1
TraesCS2B02G054400,1,0,1,1
TraesCS2B02G056800,1,0,1,1
TraesCS2B02G065400,1,0,1,1
TraesCS2B02G068200,1,0,1,1
TraesCS2B02G113700,1,0,1,1
TraesCS2B02G129200,1,0,1,1
TraesCS2B02G130200,1,0,1,1
TraesCS2B02G143100,1,0,1,1
TraesCS2B02G150400,1,0,1,1
TraesCS2B02G151100,1,0,1,1
TraesCS2B02G162200,1,0,1,1
TraesCS2B02G167400,1,0,1,1
TraesCS2B02G167900,1,0,1,1
TraesCS2B02G171400,1,0,1,1
TraesCS2B02G181100,1,0,1,1
TraesCS2B02G192300,1,0,1,1
TraesCS2B02G193600,1,0,1,1
TraesCS2B02G198400,1,0,1,1
TraesCS2B02G198600,1,0,1,1
TraesCS2B02G226700,1,0,1,1
TraesCS2B02G231400,1,0,1,1
TraesCS2B02G253200,1,0,1,1
TraesCS2B02G259600,1,0,1,1
TraesCS2B02G265900,1,0,1,1
TraesCS2B02G279500,1,0,1,1
TraesCS2B02G287400,1,0,1,1
TraesCS2B02G287600,1,0,1,1
TraesCS2B02G294800,1,0,1,1
TraesCS2B02G302800,1,0,1,1
TraesCS2B02G314900,1,0,1,1
TraesCS2B02G321100,1,0,1,1
TraesCS2B02G329800,1,0,1,1
TraesCS2B02G333000,1,0,1,1
TraesCS2B02G339700,1,0,1,1
TraesCS2B02G363800,1,0,1,1
TraesCS2B02G364700,1,0,1,1
TraesCS2B02G372800,1,0,1,1
TraesCS2B02G376100,1,0,1,1
TraesCS2B02G376400,1,0,1,1
TraesCS2B02G390600,1,0,1,1
TraesCS2B02G392800,1,0,1,1
TraesCS2B02G396400,1,0,1,1
TraesCS2B02G407900,1,0,1,1
TraesCS2B02G422700,1,0,1,1
TraesCS2B02G426500,1,0,1,1
TraesCS2B02G440300,2,1,1,1
TraesCS2B02G450800,1,0,1,1
TraesCS2B02G461400,1,0,1,1
TraesCS2B02G462300,1,0,1,1
TraesCS2B02G463500,1,0,1,1
TraesCS2B02G473600,1,0,1,1
TraesCS2B02G474900,2,1,1,1
TraesCS2B02G477800,1,0,1,1
TraesCS2B02G480100,1,0,1,1
TraesCS2B02G494300,1,0,1,1
TraesCS2B02G503600,1,0,1,1
TraesCS2B02G505100,1,0,1,1
TraesCS2B02G523800,1,0,1,1
TraesCS2B02G526400,1,0,1,1
TraesCS2B02G535200,1,0,1,1
TraesCS2B02G561400,1,0,1,1
TraesCS2B02G565400,1,0,1,1
TraesCS2B02G574200,1,0,1,1
TraesCS2B02G602100,1,0,1,1
TraesCS2B02G610000,2,1,1,1
TraesCS2B02G617600,1,0,1,1
TraesCS2B02G620900,1,0,1,1
TraesCS2B02G622700,1,0,1,1
TraesCS2D02G027600,1,0,1,1
TraesCS2D02G072600,1,0,1,1
TraesCS2D02G105700,1,0,1,1
TraesCS2D02G111200,1,0,1,1
TraesCS2D02G118300,1,0,1,1
TraesCS2D02G141300,1,0,1,1
TraesCS2D02G145500,1,0,1,1
TraesCS2D02G146000,1,0,1,1
TraesCS2D02G195500,1,0,1,1
TraesCS2D02G211300,1,0,1,1
TraesCS2D02G248800,2,1,1,1
TraesCS2D02G267600,1,0,1,1
TraesCS2D02G268900,1,0,1,1
TraesCS2D02G284800,1,0,1,1
TraesCS2D02G293800,1,0,1,1
TraesCS2D02G312600,1,0,1,1
TraesCS2D02G316700,1,0,1,1
TraesCS2D02G319100,2,1,1,1
TraesCS2D02G326400,1,0,1,1
TraesCS2D02G344900,1,0,1,1
TraesCS2D02G345900,1,0,1,1
TraesCS2D02G350700,2,1,1,1
TraesCS2D02G368700,1,0,1,1
TraesCS2D02G395800,1,0,1,1
TraesCS2D02G434000,1,0,1,1
TraesCS2D02G444900,1,0,1,1
TraesCS2D02G453100,1,0,1,1
TraesCS2D02G458400,1,0,1,1
TraesCS2D02G519800,1,0,1,1
TraesCS2D02G561500,1,0,1,1
TraesCS2D02G570400,1,0,1,1
TraesCS2D02G575200,2,1,1,1
TraesCS2D02G592000,1,0,1,1
TraesCS3A02G008100,1,0,1,1
TraesCS3A02G026800,1,0,1,1
TraesCS3A02G056500,1,0,1,1
TraesCS3A02G056800,1,0,1,1
TraesCS3A02G065500,1,0,1,1
TraesCS3A02G068100,1,0,1,1
TraesCS3A02G072400,1,0,1,1
TraesCS3A02G110200,1,0,1,1
TraesCS3A02G117400,1,0,1,1
TraesCS3A02G158300,1,0,1,1
TraesCS3A02G160600,1,0,1,1
TraesCS3A02G163700,1,0,1,1
TraesCS3A02G168800,1,0,1,1
TraesCS3A02G172200,1,0,1,1
TraesCS3A02G181200,1,0,1,1
TraesCS3A02G199000,1,0,1,1
TraesCS3A02G201400,1,0,1,1
TraesCS3A02G204500,1,0,1,1
TraesCS3A02G210200,1,0,1,1
TraesCS3A02G236100,1,0,1,1
TraesCS3A02G236800,1,0,1,1
TraesCS3A02G256000,1,0,1,1
TraesCS3A02G260500,1,0,1,1
TraesCS3A02G262500,1,0,1,1
TraesCS3A02G263500,1,0,1,1
TraesCS3A02G281200,1,0,1,1
TraesCS3A02G316500,1,0,1,1
TraesCS3A02G321400,1,0,1,1
TraesCS3A02G329300,1,0,1,1
TraesCS3A02G369300,1,0,1,1
TraesCS3A02G370700,1,0,1,1
TraesCS3A02G370800,1,0,1,1
TraesCS3A02G389500,1,0,1,1
TraesCS3A02G398000,1,0,1,1
TraesCS3A02G398800,2,1,1,1
TraesCS3A02G422600,1,0,1,1
TraesCS3A02G428900,1,0,1,1
TraesCS3A02G463900,1,0,1,1
TraesCS3A02G470300,2,1,1,1
TraesCS3A02G530400,1,0,1,1
TraesCS3B02G017100,1,0,1,1
TraesCS3B02G022000,1,0,1,1
TraesCS3B02G025200,1,0,1,1
TraesCS3B02G082300,1,0,1,1
TraesCS3B02G114400,2,1,1,1
TraesCS3B02G145700,1,0,1,1
TraesCS3B02G152800,1,0,1,1
TraesCS3B02G173000,1,0,1,1
TraesCS3B02G177100,1,0,1,1
TraesCS3B02G193500,1,0,1,1
TraesCS3B02G195800,1,0,1,1
TraesCS3B02G214100,1,0,1,1
TraesCS3B02G219800,1,0,1,1
TraesCS3B02G250100,1,0,1,1
TraesCS3B02G253000,1,0,1,1
TraesCS3B02G253800,1,0,1,1
TraesCS3B02G261500,1,0,1,1
TraesCS3B02G263800,1,0,1,1
TraesCS3B02G280600,1,0,1,1
TraesCS3B02G289900,1,0,1,1
TraesCS3B02G304900,1,0,1,1
TraesCS3B02G312900,1,0,1,1
TraesCS3B02G322300,1,0,1,1
TraesCS3B02G322900,1,0,1,1
TraesCS3B02G326300,1,0,1,1
TraesCS3B02G326400,1,0,1,1
TraesCS3B02G333500,1,0,1,1
TraesCS3B02G345100,1,0,1,1
TraesCS3B02G345200,1,0,1,1
TraesCS3B02G346900,1,0,1,1
TraesCS3B02G369300,2,1,1,1
TraesCS3B02G387600,1,0,1,1
TraesCS3B02G389200,1,0,1,1
TraesCS3B02G395500,1,0,1,1
TraesCS3B02G399500,1,0,1,1
TraesCS3B02G411200,1,0,1,1
TraesCS3B02G414500,1,0,1,1
TraesCS3B02G427600,2,1,1,1
TraesCS3B02G431900,1,0,1,1
TraesCS3B02G459900,1,0,1,1
TraesCS3B02G464700,1,0,1,1
TraesCS3B02G473800,1,0,1,1
TraesCS3B02G480600,1,0,1,1
TraesCS3B02G496700,2,1,1,1
TraesCS3B02G498900,1,0,1,1
TraesCS3B02G501500,1,0,1,1
TraesCS3B02G507400,1,0,1,1
TraesCS3B02G566100,1,0,1,1
TraesCS3B02G567100,2,1,1,1
TraesCS3B02G591000,1,0,1,1
TraesCS3B02G600200,1,0,1,1
TraesCS3B02G603500,1,0,1,1
TraesCS3B02G604100,1,0,1,1
TraesCS3D02G001300,1,0,1,1
TraesCS3D02G012600,1,0,1,1
TraesCS3D02G031500,1,0,1,1
TraesCS3D02G037600,1,0,1,1
TraesCS3D02G048300,1,0,1,1
TraesCS3D02G062400,1,0,1,1
TraesCS3D02G062700,1,0,1,1
TraesCS3D02G063100,1,0,1,1
TraesCS3D02G066000,1,0,1,1
TraesCS3D02G075400,1,0,1,1
TraesCS3D02G099000,2,1,1,1
TraesCS3D02G106900,1,0,1,1
TraesCS3D02G123800,1,0,1,1
TraesCS3D02G157000,1,0,1,1
TraesCS3D02G186600,1,0,1,1
TraesCS3D02G188600,1,0,1,1
TraesCS3D02G196500,1,0,1,1
TraesCS3D02G203600,1,0,1,1
TraesCS3D02G213000,1,0,1,1
TraesCS3D02G229100,1,0,1,1
TraesCS3D02G236500,1,0,1,1
TraesCS3D02G257000,1,0,1,1
TraesCS3D02G267200,1,0,1,1
TraesCS3D02G318200,2,1,1,1
TraesCS3D02G353200,1,0,1,1
TraesCS3D02G360800,1,0,1,1
TraesCS3D02G372500,1,0,1,1
TraesCS3D02G379000,1,0,1,1
TraesCS3D02G399100,1,0,1,1
TraesCS3D02G402700,1,0,1,1
TraesCS3D02G404000,2,1,1,1
TraesCS3D02G432200,1,0,1,1
TraesCS3D02G437700,1,0,1,1
TraesCS3D02G453800,1,0,1,1
TraesCS3D02G479500,1,0,1,1
TraesCS3D02G482400,1,0,1,1
TraesCS3D02G511900,1,0,1,1
TraesCS3D02G543500,1,0,1,1
TraesCS3D02G543900,2,1,1,1
TraesCS4A02G002000,1,0,1,1
TraesCS4A02G013400,1,0,1,1
TraesCS4A02G021900,1,0,1,1
TraesCS4A02G037700,1,0,1,1
TraesCS4A02G044600,1,0,1,1
TraesCS4A02G057500,2,1,1,1
TraesCS4A02G079800,1,0,1,1
TraesCS4A02G127200,2,1,1,1
TraesCS4A02G134900,1,0,1,1
TraesCS4A02G144300,2,1,1,1
TraesCS4A02G146300,1,0,1,1
TraesCS4A02G151300,1,0,1,1
TraesCS4A02G157700,1,0,1,1
TraesCS4A02G160700,1,0,1,1
TraesCS4A02G167300,1,0,1,1
TraesCS4A02G171800,1,0,1,1
TraesCS4A02G207300,1,0,1,1
TraesCS4A02G224100,1,0,1,1
TraesCS4A02G235700,1,0,1,1
TraesCS4A02G257200,1,0,1,1
TraesCS4A02G289400,1,0,1,1
TraesCS4A02G303300,1,0,1,1
TraesCS4A02G322700,1,0,1,1
TraesCS4A02G332600,1,0,1,1
TraesCS4A02G361300,1,0,1,1
TraesCS4A02G375100,1,0,1,1
TraesCS4A02G391100,2,1,1,1
TraesCS4A02G413500,2,1,1,1
TraesCS4A02G420800,1,0,1,1
TraesCS4A02G432200,1,0,1,1
TraesCS4A02G436000,2,1,1,1
TraesCS4A02G439000,1,0,1,1
TraesCS4A02G458600,1,0,1,1
TraesCS4A02G470000,1,0,1,1
TraesCS4B02G021000,1,0,1,1
TraesCS4B02G024300,1,0,1,1
TraesCS4B02G041400,1,0,1,1
TraesCS4B02G059400,1,0,1,1
TraesCS4B02G062300,1,0,1,1
TraesCS4B02G078300,2,1,1,1
TraesCS4B02G084800,2,1,1,1
TraesCS4B02G094200,1,0,1,1
TraesCS4B02G104300,1,0,1,1
TraesCS4B02G110800,1,0,1,1
TraesCS4B02G118400,1,0,1,1
TraesCS4B02G124300,1,0,1,1
TraesCS4B02G148800,1,0,1,1
TraesCS4B02G149400,1,0,1,1
TraesCS4B02G150300,1,0,1,1
TraesCS4B02G154700,1,0,1,1
TraesCS4B02G157900,1,0,1,1
TraesCS4B02G176200,2,1,1,1
TraesCS4B02G189200,1,0,1,1
TraesCS4B02G196700,1,0,1,1
TraesCS4B02G199200,1,0,1,1
TraesCS4B02G214200,1,0,1,1
TraesCS4B02G247400,1,0,1,1
TraesCS4B02G265300,1,0,1,1
TraesCS4B02G273400,1,0,1,1
TraesCS4B02G295400,1,0,1,1
TraesCS4B02G324500,1,0,1,1
TraesCS4B02G333900,1,0,1,1
TraesCS4B02G338900,1,0,1,1
TraesCS4B02G397200,1,0,1,1
TraesCS4D02G000400,1,0,1,1
TraesCS4D02G000700,1,0,1,1
TraesCS4D02G027900,1,0,1,1
TraesCS4D02G031100,1,0,1,1
TraesCS4D02G049900,1,0,1,1
TraesCS4D02G056700,1,0,1,1
TraesCS4D02G058800,1,0,1,1
TraesCS4D02G067000,1,0,1,1
TraesCS4D02G083600,1,0,1,1
TraesCS4D02G095800,1,0,1,1
TraesCS4D02G112200,1,0,1,1
TraesCS4D02G149300,1,0,1,1
TraesCS4D02G150100,1,0,1,1
TraesCS4D02G150300,1,0,1,1
TraesCS4D02G151200,1,0,1,1
TraesCS4D02G168900,1,0,1,1
TraesCS4D02G176800,1,0,1,1
TraesCS4D02G196600,1,0,1,1
TraesCS4D02G207400,1,0,1,1
TraesCS4D02G230300,1,0,1,1
TraesCS4D02G234600,1,0,1,1
TraesCS4D02G251300,1,0,1,1
TraesCS4D02G261400,1,0,1,1
TraesCS4D02G265300,1,0,1,1
TraesCS4D02G283900,1,0,1,1
TraesCS4D02G301600,1,0,1,1
TraesCS4D02G338900,1,0,1,1
TraesCS5A02G011100,1,0,1,1
TraesCS5A02G037500,1,0,1,1
TraesCS5A02G047900,1,0,1,1
TraesCS5A02G071200,1,0,1,1
TraesCS5A02G092400,1,0,1,1
TraesCS5A02G098000,1,0,1,1
TraesCS5A02G124600,1,0,1,1
TraesCS5A02G140800,1,0,1,1
TraesCS5A02G151300,1,0,1,1
TraesCS5A02G151700,1,0,1,1
TraesCS5A02G163000,2,1,1,1
TraesCS5A02G186900,1,0,1,1
TraesCS5A02G194800,2,1,1,1
TraesCS5A02G199000,1,0,1,1
TraesCS5A02G200700,1,0,1,1
TraesCS5A02G201700,1,0,1,1
TraesCS5A02G232100,1,0,1,1
TraesCS5A02G246700,1,0,1,1
TraesCS5A02G249200,1,0,1,1
TraesCS5A02G253100,1,0,1,1
TraesCS5A02G259700,1,0,1,1
TraesCS5A02G265000,1,0,1,1
TraesCS5A02G273800,1,0,1,1
TraesCS5A02G281200,1,0,1,1
TraesCS5A02G287200,1,0,1,1
TraesCS5A02G307300,1,0,1,1
TraesCS5A02G312600,1,0,1,1
TraesCS5A02G321600,1,0,1,1
TraesCS5A02G325600,1,0,1,1
TraesCS5A02G403100,1,0,1,1
TraesCS5A02G407100,1,0,1,1
TraesCS5A02G420300,1,0,1,1
TraesCS5A02G437800,1,0,1,1
TraesCS5A02G438100,1,0,1,1
TraesCS5A02G455600,1,0,1,1
TraesCS5A02G467400,1,0,1,1
TraesCS5A02G475700,1,0,1,1
TraesCS5A02G488100,1,0,1,1
TraesCS5A02G508000,1,0,1,1
TraesCS5A02G518800,1,0,1,1
TraesCS5A02G556100,1,0,1,1
TraesCS5B02G013400,1,0,1,1
TraesCS5B02G027100,1,0,1,1
TraesCS5B02G028000,2,1,1,1
TraesCS5B02G039300,1,0,1,1
TraesCS5B02G053000,1,0,1,1
TraesCS5B02G057300,1,0,1,1
TraesCS5B02G085200,1,0,1,1
TraesCS5B02G092100,1,0,1,1
TraesCS5B02G108100,2,1,1,1
TraesCS5B02G108800,1,0,1,1
TraesCS5B02G110900,1,0,1,1
TraesCS5B02G111000,1,0,1,1
TraesCS5B02G128700,1,0,1,1
TraesCS5B02G156800,1,0,1,1
TraesCS5B02G165200,1,0,1,1
TraesCS5B02G191500,1,0,1,1
TraesCS5B02G194400,1,0,1,1
TraesCS5B02G200200,1,0,1,1
TraesCS5B02G203300,1,0,1,1
TraesCS5B02G207000,1,0,1,1
TraesCS5B02G213700,1,0,1,1
TraesCS5B02G223200,1,0,1,1
TraesCS5B02G237300,2,1,1,1
TraesCS5B02G237900,1,0,1,1
TraesCS5B02G251200,1,0,1,1
TraesCS5B02G264500,1,0,1,1
TraesCS5B02G307700,1,0,1,1
TraesCS5B02G317300,1,0,1,1
TraesCS5B02G320300,1,0,1,1
TraesCS5B02G333700,1,0,1,1
TraesCS5B02G334100,1,0,1,1
TraesCS5B02G334600,1,0,1,1
TraesCS5B02G344300,1,0,1,1
TraesCS5B02G344600,1,0,1,1
TraesCS5B02G347900,1,0,1,1
TraesCS5B02G359700,1,0,1,1
TraesCS5B02G360000,1,0,1,1
TraesCS5B02G379400,1,0,1,1
TraesCS5B02G403200,1,0,1,1
TraesCS5B02G420000,1,0,1,1
TraesCS5B02G425600,1,0,1,1
TraesCS5B02G452000,1,0,1,1
TraesCS5B02G454800,1,0,1,1
TraesCS5B02G465100,2,1,1,1
TraesCS5B02G479700,1,0,1,1
TraesCS5B02G493400,1,0,1,1
TraesCS5B02G500500,1,0,1,1
TraesCS5B02G505200,1,0,1,1
TraesCS5B02G513100,1,0,1,1
TraesCS5B02G514000,1,0,1,1
TraesCS5B02G536600,1,0,1,1
TraesCS5B02G545100,1,0,1,1
TraesCS5D02G015100,1,0,1,1
TraesCS5D02G040200,1,0,1,1
TraesCS5D02G043200,1,0,1,1
TraesCS5D02G045500,1,0,1,1
TraesCS5D02G089900,1,0,1,1
TraesCS5D02G097000,1,0,1,1
TraesCS5D02G115300,1,0,1,1
TraesCS5D02G121200,1,0,1,1
TraesCS5D02G121300,1,0,1,1
TraesCS5D02G126100,1,0,1,1
TraesCS5D02G128400,1,0,1,1
TraesCS5D02G129600,1,0,1,1
TraesCS5D02G141000,1,0,1,1
TraesCS5D02G151800,1,0,1,1
TraesCS5D02G155100,1,0,1,1
TraesCS5D02G156000,1,0,1,1
TraesCS5D02G156400,1,0,1,1
TraesCS5D02G156900,1,0,1,1
TraesCS5D02G157800,1,0,1,1
TraesCS5D02G161100,2,1,1,1
TraesCS5D02G193000,1,0,1,1
TraesCS5D02G201800,1,0,1,1
TraesCS5D02G206400,1,0,1,1
TraesCS5D02G235900,1,0,1,1
TraesCS5D02G240300,1,0,1,1
TraesCS5D02G253800,1,0,1,1
TraesCS5D02G256400,1,0,1,1
TraesCS5D02G260700,1,0,1,1
TraesCS5D02G334100,1,0,1,1
TraesCS5D02G366800,1,0,1,1
TraesCS5D02G373000,1,0,1,1
TraesCS5D02G382900,1,0,1,1
TraesCS5D02G391900,1,0,1,1
TraesCS5D02G439500,2,1,1,1
TraesCS5D02G504700,1,0,1,1
TraesCS5D02G510000,1,0,1,1
TraesCS5D02G534100,1,0,1,1
TraesCS5D02G541100,1,0,1,1
TraesCS5D02G551900,1,0,1,1
TraesCS5D02G562500,1,0,1,1
TraesCS6A02G026500,1,0,1,1
TraesCS6A02G045900,1,0,1,1
TraesCS6A02G055400,2,1,1,1
TraesCS6A02G058700,1,0,1,1
TraesCS6A02G061000,1,0,1,1
TraesCS6A02G062000,2,1,1,1
TraesCS6A02G075200,2,1,1,1
TraesCS6A02G081600,1,0,1,1
TraesCS6A02G083200,1,0,1,1
TraesCS6A02G084000,1,0,1,1
TraesCS6A02G084200,1,0,1,1
TraesCS6A02G091500,1,0,1,1
TraesCS6A02G103800,1,0,1,1
TraesCS6A02G104200,1,0,1,1
TraesCS6A02G112300,1,0,1,1
TraesCS6A02G112800,1,0,1,1
TraesCS6A02G119700,1,0,1,1
TraesCS6A02G139500,1,0,1,1
TraesCS6A02G139900,1,0,1,1
TraesCS6A02G145600,1,0,1,1
TraesCS6A02G148500,1,0,1,1
TraesCS6A02G175300,1,0,1,1
TraesCS6A02G198400,1,0,1,1
TraesCS6A02G221700,1,0,1,1
TraesCS6A02G225900,1,0,1,1
TraesCS6A02G260700,1,0,1,1
TraesCS6A02G274400,1,0,1,1
TraesCS6A02G282500,1,0,1,1
TraesCS6A02G330900,1,0,1,1
TraesCS6A02G373800,1,0,1,1
TraesCS6A02G379800,1,0,1,1
TraesCS6A02G394800,1,0,1,1
TraesCS6A02G397000,1,0,1,1
TraesCS6A02G409500,1,0,1,1
TraesCS6A02G414000,1,0,1,1
TraesCS6B02G004300,1,0,1,1
TraesCS6B02G005100,1,0,1,1
TraesCS6B02G030900,1,0,1,1
TraesCS6B02G049100,2,1,1,1
TraesCS6B02G060600,1,0,1,1
TraesCS6B02G060800,1,0,1,1
TraesCS6B02G078600,1,0,1,1
TraesCS6B02G078900,1,0,1,1
TraesCS6B02G079200,2,1,1,1
TraesCS6B02G082500,2,1,1,1
TraesCS6B02G087900,1,0,1,1
TraesCS6B02G101700,1,0,1,1
TraesCS6B02G115500,1,0,1,1
TraesCS6B02G126900,1,0,1,1
TraesCS6B02G140500,1,0,1,1
TraesCS6B02G146100,1,0,1,1
TraesCS6B02G146500,1,0,1,1
TraesCS6B02G162300,1,0,1,1
TraesCS6B02G169600,1,0,1,1
TraesCS6B02G175600,1,0,1,1
TraesCS6B02G175800,1,0,1,1
TraesCS6B02G176900,1,0,1,1
TraesCS6B02G180100,1,0,1,1
TraesCS6B02G185800,1,0,1,1
TraesCS6B02G189800,2,1,1,1
TraesCS6B02G191700,1,0,1,1
TraesCS6B02G192700,1,0,1,1
TraesCS6B02G214500,1,0,1,1
TraesCS6B02G214600,1,0,1,1
TraesCS6B02G216000,1,0,1,1
TraesCS6B02G222100,1,0,1,1
TraesCS6B02G223300,1,0,1,1
TraesCS6B02G225500,1,0,1,1
TraesCS6B02G230000,1,0,1,1
TraesCS6B02G235000,1,0,1,1
TraesCS6B02G238500,1,0,1,1
TraesCS6B02G240100,1,0,1,1
TraesCS6B02G240500,1,0,1,1
TraesCS6B02G241800,1,0,1,1
TraesCS6B02G244300,1,0,1,1
TraesCS6B02G245500,1,0,1,1
TraesCS6B02G256600,1,0,1,1
TraesCS6B02G273600,1,0,1,1
TraesCS6B02G286800,1,0,1,1
TraesCS6B02G288000,1,0,1,1
TraesCS6B02G300000,1,0,1,1
TraesCS6B02G310900,1,0,1,1
TraesCS6B02G318200,2,1,1,1
TraesCS6B02G323900,1,0,1,1
TraesCS6B02G327100,1,0,1,1
TraesCS6B02G343000,1,0,1,1
TraesCS6B02G344200,1,0,1,1
TraesCS6B02G375600,1,0,1,1
TraesCS6B02G392000,1,0,1,1
TraesCS6B02G413100,1,0,1,1
TraesCS6B02G455500,1,0,1,1
TraesCS6B02G468900,1,0,1,1
TraesCS6B02G470300,1,0,1,1
TraesCS6D02G001600,1,0,1,1
TraesCS6D02G014300,1,0,1,1
TraesCS6D02G018600,1,0,1,1
TraesCS6D02G040300,2,1,1,1
TraesCS6D02G051800,2,1,1,1
TraesCS6D02G077000,1,0,1,1
TraesCS6D02G085700,1,0,1,1
TraesCS6D02G091100,1,0,1,1
TraesCS6D02G106700,1,0,1,1
TraesCS6D02G109600,1,0,1,1
TraesCS6D02G113800,1,0,1,1
TraesCS6D02G124100,1,0,1,1
TraesCS6D02G129800,1,0,1,1
TraesCS6D02G256200,1,0,1,1
TraesCS6D02G258600,1,0,1,1
TraesCS6D02G263000,1,0,1,1
TraesCS6D02G280400,1,0,1,1
TraesCS6D02G291200,1,0,1,1
TraesCS6D02G293400,1,0,1,1
TraesCS6D02G294000,1,0,1,1
TraesCS6D02G341500,1,0,1,1
TraesCS6D02G379500,1,0,1,1
TraesCS6D02G385700,1,0,1,1
TraesCS6D02G386600,1,0,1,1
TraesCS7A02G022500,1,0,1,1
TraesCS7A02G033300,1,0,1,1
TraesCS7A02G043600,1,0,1,1
TraesCS7A02G058600,1,0,1,1
TraesCS7A02G072100,1,0,1,1
TraesCS7A02G104700,1,0,1,1
TraesCS7A02G130300,1,0,1,1
TraesCS7A02G147200,1,0,1,1
TraesCS7A02G149300,1,0,1,1
TraesCS7A02G159400,1,0,1,1
TraesCS7A02G159600,1,0,1,1
TraesCS7A02G186800,2,1,1,1
TraesCS7A02G261800,1,0,1,1
TraesCS7A02G278100,1,0,1,1
TraesCS7A02G287300,1,0,1,1
TraesCS7A02G291300,1,0,1,1
TraesCS7A02G301200,1,0,1,1
TraesCS7A02G316800,1,0,1,1
TraesCS7A02G318200,1,0,1,1
TraesCS7A02G321500,1,0,1,1
TraesCS7A02G334400,1,0,1,1
TraesCS7A02G343700,1,0,1,1
TraesCS7A02G351700,1,0,1,1
TraesCS7A02G354600,1,0,1,1
TraesCS7A02G358500,1,0,1,1
TraesCS7A02G379000,1,0,1,1
TraesCS7A02G389200,2,1,1,1
TraesCS7A02G391700,1,0,1,1
TraesCS7A02G395300,1,0,1,1
TraesCS7A02G400200,1,0,1,1
TraesCS7A02G403000,1,0,1,1
TraesCS7A02G416200,1,0,1,1
TraesCS7A02G460200,1,0,1,1
TraesCS7A02G462700,1,0,1,1
TraesCS7A02G479700,5,4,1,1
TraesCS7A02G491000,1,0,1,1
TraesCS7A02G563900,1,0,1,1
TraesCS7A02G568100,1,0,1,1
TraesCS7B02G015500,1,0,1,1
TraesCS7B02G016000,2,1,1,1
TraesCS7B02G019000,2,1,1,1
TraesCS7B02G028100,1,0,1,1
TraesCS7B02G028600,1,0,1,1
TraesCS7B02G033100,1,0,1,1
TraesCS7B02G035500,1,0,1,1
TraesCS7B02G059000,1,0,1,1
TraesCS7B02G073800,1,0,1,1
TraesCS7B02G095600,1,0,1,1
TraesCS7B02G098200,1,0,1,1
TraesCS7B02G116000,1,0,1,1
TraesCS7B02G118700,1,0,1,1
TraesCS7B02G146000,1,0,1,1
TraesCS7B02G155100,1,0,1,1
TraesCS7B02G169300,1,0,1,1
TraesCS7B02G174300,1,0,1,1
TraesCS7B02G177400,2,1,1,1
TraesCS7B02G183200,1,0,1,1
TraesCS7B02G192300,1,0,1,1
TraesCS7B02G194200,1,0,1,1
TraesCS7B02G194900,1,0,1,1
TraesCS7B02G202100,1,0,1,1
TraesCS7B02G214500,1,0,1,1
TraesCS7B02G217400,1,0,1,1
TraesCS7B02G228400,1,0,1,1
TraesCS7B02G242100,1,0,1,1
TraesCS7B02G255200,1,0,1,1
TraesCS7B02G256900,1,0,1,1
TraesCS7B02G266500,1,0,1,1
TraesCS7B02G269000,1,0,1,1
TraesCS7B02G275600,1,0,1,1
TraesCS7B02G290300,1,0,1,1
TraesCS7B02G322600,1,0,1,1
TraesCS7B02G337400,1,0,1,1
TraesCS7B02G340500,1,0,1,1
TraesCS7B02G352100,1,0,1,1
TraesCS7B02G355400,1,0,1,1
TraesCS7B02G355900,2,1,1,1
TraesCS7B02G373900,1,0,1,1
TraesCS7B02G378900,1,0,1,1
TraesCS7B02G385900,1,0,1,1
TraesCS7B02G390400,1,0,1,1
TraesCS7B02G393500,1,0,1,1
TraesCS7B02G393800,2,1,1,1
TraesCS7B02G409700,1,0,1,1
TraesCS7B02G446300,1,0,1,1
TraesCS7B02G469400,1,0,1,1
TraesCS7D02G019700,1,0,1,1
TraesCS7D02G043700,1,0,1,1
TraesCS7D02G101800,1,0,1,1
TraesCS7D02G103200,1,0,1,1
TraesCS7D02G115400,2,1,1,1
TraesCS7D02G140300,1,0,1,1
TraesCS7D02G143200,2,1,1,1
TraesCS7D02G162400,1,0,1,1
TraesCS7D02G169800,1,0,1,1
TraesCS7D02G179800,1,0,1,1
TraesCS7D02G183300,1,0,1,1
TraesCS7D02G188500,1,0,1,1
TraesCS7D02G231800,1,0,1,1
TraesCS7D02G254200,1,0,1,1
TraesCS7D02G287000,1,0,1,1
TraesCS7D02G289400,1,0,1,1
TraesCS7D02G297400,1,0,1,1
TraesCS7D02G310400,1,0,1,1
TraesCS7D02G313300,1,0,1,1
TraesCS7D02G313400,1,0,1,1
TraesCS7D02G318400,1,0,1,1
TraesCS7D02G335400,1,0,1,1
TraesCS7D02G341200,1,0,1,1
TraesCS7D02G342600,1,0,1,1
TraesCS7D02G350300,1,0,1,1
TraesCS7D02G360400,1,0,1,1
TraesCS7D02G364200,1,0,1,1
TraesCS7D02G387300,1,0,1,1
TraesCS7D02G394500,1,0,1,1
TraesCS7D02G414400,1,0,1,1
TraesCS7D02G442700,1,0,1,1
TraesCS7D02G450600,1,0,1,1
TraesCS7D02G472300,2,1,1,1
TraesCS7D02G478500,1,0,1,1
TraesCS7D02G508100,1,0,1,1
TraesCS7D02G522800,1,0,1,1
TraesCS7D02G526000,1,0,1,1
TraesCS7D02G550300,1,0,1,1
TraesCSU02G016200,1,0,1,1
TraesCSU02G018900,1,0,1,1
TraesCSU02G022400,1,0,1,1
TraesCSU02G031300,1,0,1,1
TraesCSU02G035900,1,0,1,1
TraesCSU02G038500,2,1,1,1
TraesCSU02G049200,1,0,1,1
TraesCSU02G064700,1,0,1,1
TraesCSU02G072600,1,0,1,1
TraesCSU02G075700,1,0,1,1
TraesCSU02G079600,1,0,1,1
TraesCSU02G088100,2,1,1,1
TraesCSU02G112100,1,0,1,1
TraesCSU02G191400,1,0,1,1
TraesCSU02G260700,1,0,1,1
TraesCSU02G262700,1,0,1,1
TraesCS2A02G554300,3,3,0,0
TraesCS5B02G297100,1,1,0,0
TraesCS1A02G075800,1,1,0,0
TraesCS2A02G465700,1,1,0,0
TraesCS2B02G178300,1,1,0,0
TraesCS2B02G487800,1,1,0,0
TraesCS3A02G249100,1,1,0,0
TraesCS3A02G285500,1,1,0,0
TraesCS3A02G405100,1,1,0,0
TraesCS3B02G278000,1,1,0,0
TraesCS3B02G319400,1,1,0,0
TraesCS3D02G249100,1,1,0,0
TraesCS3D02G285300,1,1,0,0
TraesCS4A02G055500,1,1,0,0
TraesCS4B02G073600,1,1,0,0
TraesCS4B02G301400,1,1,0,0
TraesCS4D02G299700,1,1,0,0
TraesCS5A02G363700,1,1,0,0
TraesCS5A02G363800,1,1,0,0
TraesCS5A02G482700,1,1,0,0
TraesCS5D02G514900,1,1,0,0
TraesCS5D02G515200,1,1,0,0
TraesCS7A02G417300,1,1,0,0
TraesCS7D02G326300,1,1,0,0
TraesCSU02G075300,1,1,0,0
TraesCS1A02G221900,1,1,0,0
TraesCS1A02G242800,1,1,0,0
TraesCS1A02G272300,2,2,0,0
TraesCS1B02G233300,1,1,0,0
TraesCS1B02G307000,1,1,0,0
TraesCS1D02G059200,1,1,0,0
TraesCS1D02G221500,1,1,0,0
TraesCS1D02G223600,1,1,0,0
TraesCS1D02G230900,1,1,0,0
TraesCS1D02G242800,1,1,0,0
TraesCS2A02G185600,1,1,0,0
TraesCS2A02G288000,1,1,0,0
TraesCS2A02G415100,1,1,0,0
TraesCS2A02G427700,1,1,0,0
TraesCS2A02G514300,1,1,0,0
TraesCS2A02G542700,1,1,0,0
TraesCS2B02G448100,1,1,0,0
TraesCS2D02G412200,1,1,0,0
TraesCS2D02G425700,1,1,0,0
TraesCS2D02G515900,1,1,0,0
TraesCS2D02G543900,1,1,0,0
TraesCS3A02G099200,1,1,0,0
TraesCS3A02G328000,1,1,0,0
TraesCS3B02G115400,1,1,0,0
TraesCS3D02G099500,1,1,0,0
TraesCS3D02G260100,1,1,0,0
TraesCS3D02G321500,1,1,0,0
TraesCS3D02G321700,1,1,0,0
TraesCS4A02G005400,1,1,0,0
TraesCS4B02G299700,1,1,0,0
TraesCS4D02G120200,1,1,0,0
TraesCS4D02G182100,4,4,0,0
TraesCS4D02G291300,1,1,0,0
TraesCS4D02G298600,1,1,0,0
TraesCS5A02G215900,1,1,0,0
TraesCS5A02G473800,1,1,0,0
TraesCS5B02G315500,1,1,0,0
TraesCS6A02G131200,1,1,0,0
TraesCS6A02G235100,1,1,0,0
TraesCS6A02G301900,1,1,0,0
TraesCS6B02G159600,1,1,0,0
TraesCS6D02G161300,1,1,0,0
TraesCS6D02G225500,1,1,0,0
TraesCS6D02G281200,1,1,0,0
TraesCS7A02G264100,1,1,0,0
TraesCS7A02G292900,1,1,0,0
TraesCS7D02G127600,1,1,0,0
TraesCS7D02G292500,1,1,0,0
TraesCS2A02G547800,1,1,0,0
TraesCS2B02G326400,1,1,0,0
TraesCS2B02G578500,1,1,0,0
TraesCS3A02G159200,1,1,0,0
TraesCS3B02G273400,1,1,0,0
TraesCS5A02G038300,1,1,0,0
TraesCS5B02G039800,1,1,0,0
TraesCS5D02G045700,1,1,0,0
TraesCS6B02G141300,1,1,0,0
TraesCS7A02G252000,1,1,0,0
TraesCS7B02G316600,1,1,0,0
TraesCS7D02G250100,1,1,0,0
TraesCS7D02G409700,1,1,0,0
TraesCS7D02G463000,1,1,0,0
TraesCS6A02G189700,1,1,0,0
TraesCS3B02G106900,1,1,0,0
TraesCS3D02G091700,1,1,0,0
TraesCS4A02G067300,1,1,0,0
TraesCS4B02G224600,1,1,0,0
TraesCS4B02G361200,1,1,0,0
TraesCS2D02G199900,1,1,0,0
TraesCS7A02G354800,1,1,0,0
TraesCS7B02G272900,1,1,0,0
TraesCS7D02G368000,1,1,0,0
TraesCS1A02G102400,1,1,0,0
TraesCS1D02G084200,1,1,0,0
TraesCS2A02G253900,1,1,0,0
TraesCS2B02G273500,1,1,0,0
TraesCS2D02G254400,1,1,0,0
TraesCS3A02G204800,1,1,0,0
TraesCS3A02G252900,0,0,0,0
TraesCS3D02G210600,1,1,0,0
TraesCS4B02G056600,1,1,0,0
TraesCS5A02G264800,1,1,0,0
TraesCS5A02G376500,1,1,0,0
TraesCS5B02G380200,1,1,0,0
TraesCS5B02G422000,1,1,0,0
TraesCS5D02G386500,1,1,0,0
TraesCS5D02G428400,1,1,0,0
TraesCS6D02G270900,1,1,0,0
TraesCS7A02G311800,1,1,0,0
TraesCS7B02G026300,1,1,0,0
TraesCS7B02G211600,1,1,0,0
TraesCS7D02G244300,1,1,0,0
TraesCS2A02G251100,1,1,0,0
TraesCS2B02G265800,1,1,0,0
TraesCS3A02G436100,1,1,0,0
TraesCS3D02G428700,1,1,0,0
TraesCS5A02G121800,1,1,0,0
TraesCS5D02G040100,1,1,0,0
TraesCS6A02G412800,1,1,0,0
TraesCS6B02G462100,1,1,0,0
TraesCS6D02G397000,1,1,0,0
TraesCS2B02G372000,1,1,0,0
TraesCS2D02G351900,1,1,0,0
TraesCS4B02G045700,1,1,0,0
TraesCS4D02G046200,1,1,0,0
TraesCS5B02G163500,1,1,0,0
TraesCS6B02G179000,1,1,0,0
TraesCS1B02G347400,1,1,0,0
TraesCS1D02G336600,1,1,0,0
TraesCS2A02G590800,1,1,0,0
TraesCS2A02G591000,1,1,0,0
TraesCS2B02G592600,1,1,0,0
TraesCS2B02G592800,1,1,0,0
TraesCS2D02G231600,1,1,0,0
TraesCS2D02G563100,1,1,0,0
TraesCS2D02G563200,1,1,0,0
TraesCS3A02G180600,1,1,0,0
TraesCS3A02G306800,1,1,0,0
TraesCS3B02G210300,1,1,0,0
TraesCS3D02G185500,1,1,0,0
TraesCS4D02G285100,1,1,0,0
TraesCS1D02G106100,1,1,0,0
TraesCS3A02G538400,1,1,0,0
TraesCS7B02G264800,1,1,0,0
TraesCS7D02G359900,1,1,0,0
TraesCS4B02G245900,1,1,0,0
TraesCS5A02G371500,1,1,0,0
TraesCS5B02G373600,1,1,0,0
TraesCS5D02G033700,1,1,0,0
TraesCS5D02G380900,1,1,0,0
TraesCS1B02G444500,1,1,0,0
TraesCS1D02G405300,1,1,0,0
TraesCS2A02G039200,1,1,0,0
TraesCS2A02G307700,1,1,0,0
TraesCS2D02G101800,1,1,0,0
TraesCS3D02G177700,1,1,0,0
TraesCS4A02G082400,1,1,0,0
TraesCS4A02G190800,1,1,0,0
TraesCS5A02G143400,1,1,0,0
TraesCS5A02G267500,1,1,0,0
TraesCS5A02G423300,1,1,0,0
TraesCS5B02G425300,1,1,0,0
TraesCS5D02G148600,1,1,0,0
TraesCS5D02G275300,1,1,0,0
TraesCS7D02G294600,1,1,0,0
TraesCS3D02G426700,1,1,0,0
TraesCS2D02G180700,1,1,0,0
TraesCS4D02G033700,1,1,0,0
TraesCS6B02G366100,1,1,0,0
TraesCS6D02G315300,1,1,0,0
TraesCS4B02G008300,1,1,0,0
TraesCS1A02G310700,1,1,0,0
TraesCS5A02G256500,1,1,0,0
TraesCS5B02G255900,1,1,0,0
TraesCS5D02G265000,1,1,0,0
TraesCS7A02G239500,1,1,0,0
TraesCS7B02G135000,1,1,0,0
TraesCS7D02G237100,1,1,0,0
TraesCS7D02G463100,1,1,0,0
TraesCS1B02G462600,1,1,0,0
TraesCS4B02G028500,1,1,0,0
TraesCS5B02G062400,1,1,0,0
TraesCS1A02G262500,1,1,0,0
TraesCS1B02G273000,1,1,0,0
TraesCS1B02G273100,1,1,0,0
TraesCS1D02G262400,1,1,0,0
TraesCS1D02G262500,1,1,0,0
TraesCS2B02G313600,1,1,0,0
TraesCS4B02G268800,1,1,0,0
TraesCS6D02G291000,1,1,0,0
TraesCS4A02G129400,1,1,0,0
TraesCS3B02G204800,1,1,0,0
TraesCS3B02G504100,1,1,0,0
TraesCS1A02G019200,1,1,0,0
TraesCS1B02G178800,1,1,0,0
TraesCS2A02G317000,1,1,0,0
TraesCS2D02G314900,1,1,0,0
TraesCS3A02G174400,1,1,0,0
TraesCS3A02G174900,1,1,0,0
TraesCS3D02G180300,1,1,0,0
TraesCS3D02G180400,1,1,0,0
TraesCS4A02G206100,1,1,0,0
TraesCS4B02G109700,1,1,0,0
TraesCS7B02G154300,1,1,0,0
TraesCS2A02G116100,1,1,0,0
TraesCS3A02G161000,1,1,0,0
TraesCS3B02G191600,1,1,0,0
TraesCS3D02G168200,1,1,0,0
TraesCS3D02G531900,1,1,0,0
TraesCS4D02G131500,2,2,0,0
TraesCS5D02G411800,1,1,0,0
TraesCS6A02G385500,1,1,0,0
TraesCS6D02G370300,1,1,0,0
TraesCS7D02G404100,1,1,0,0
TraesCS2A02G151700,1,1,0,0
TraesCS2D02G156800,1,1,0,0
TraesCS3A02G042900,1,1,0,0
TraesCS3B02G040600,1,1,0,0
TraesCS3B02G200500,1,1,0,0
TraesCS3D02G037800,1,1,0,0
TraesCS3D02G176400,1,1,0,0
TraesCS4A02G138100,1,1,0,0
TraesCS4B02G159600,1,1,0,0
TraesCS5B02G233000,1,1,0,0
TraesCS5D02G022400,1,1,0,0
TraesCS6A02G326000,1,1,0,0
TraesCS7B02G074000,1,1,0,0
TraesCS7B02G105700,1,1,0,0
TraesCS7D02G170000,1,1,0,0
TraesCS7D02G201700,1,1,0,0
TraesCS1A02G209400,1,1,0,0
TraesCS3A02G408000,1,1,0,0
TraesCS3B02G392600,1,1,0,0
TraesCS3B02G441600,1,1,0,0
TraesCS3D02G354100,1,1,0,0
TraesCS3D02G403100,1,1,0,0
TraesCS4A02G176300,1,1,0,0
TraesCS4A02G191300,1,1,0,0
TraesCS4B02G141400,1,1,0,0
TraesCS4D02G040400,1,1,0,0
TraesCS4D02G122000,1,1,0,0
TraesCS4D02G127800,1,1,0,0
TraesCS4D02G135500,1,1,0,0
TraesCS4D02G136400,1,1,0,0
TraesCS6B02G277400,1,1,0,0
TraesCS4A02G434900,1,1,0,0
TraesCS4D02G020300,1,1,0,0
TraesCS6B02G296900,1,1,0,0
TraesCS7A02G049100,1,1,0,0
TraesCS7D02G044200,1,1,0,0
TraesCS3A02G312800,1,1,0,0
TraesCS3B02G159100,1,1,0,0
TraesCS3D02G245800,0,0,0,0
TraesCS4A02G040600,1,1,0,0
TraesCS5D02G052300,1,1,0,0
TraesCS5D02G385300,1,1,0,0
TraesCS5A02G142700,1,1,0,0
TraesCS5A02G227100,1,1,0,0
TraesCS5B02G141400,1,1,0,0
TraesCS5D02G234600,1,1,0,0
TraesCS5D02G253100,8,8,0,0
TraesCS1A02G219200,1,1,0,0
TraesCS1D02G220900,1,1,0,0
TraesCS4A02G059600,1,1,0,0
TraesCS4A02G405800,1,1,0,0
TraesCS4B02G235300,1,1,0,0
TraesCS4B02G305300,1,1,0,0
TraesCS4D02G286400,1,1,0,0
TraesCS5A02G199300,1,1,0,0
TraesCS5A02G316800,1,1,0,0
TraesCS5D02G323100,1,1,0,0
TraesCS6B02G321100,1,1,0,0
TraesCS6D02G272000,1,1,0,0
TraesCS2A02G474000,1,1,0,0
TraesCS2B02G497500,1,1,0,0
TraesCS2D02G473700,1,1,0,0
TraesCS5D02G320600,1,1,0,0
TraesCS6D02G237000,1,1,0,0
TraesCS7A02G270100,1,1,0,0
TraesCS7B02G168300,1,1,0,0
TraesCS7D02G270600,1,1,0,0
TraesCS1D02G382900,1,1,0,0
TraesCS2B02G232000,2,2,0,0
TraesCS2D02G399000,1,1,0,0
TraesCS4B02G385800,1,1,0,0
TraesCS5A02G237900,1,1,0,0
TraesCS5A02G314700,1,1,0,0
TraesCS5B02G236400,1,1,0,0
TraesCS5B02G315600,1,1,0,0
TraesCS5D02G321000,1,1,0,0
TraesCS5D02G553300,1,1,0,0
TraesCS6B02G127000,1,1,0,0
TraesCS7A02G355300,1,1,0,0
TraesCS7D02G367700,1,1,0,0
TraesCS3D02G427900,1,1,0,0
TraesCS1A02G125800,1,1,0,0
TraesCS1A02G199600,1,1,0,0
TraesCS1A02G262700,1,1,0,0
TraesCS1B02G273300,1,1,0,0
TraesCS1B02G275000,1,1,0,0
TraesCS3B02G157500,1,1,0,0
TraesCS4D02G243700,1,1,0,0
TraesCS4D02G301100,1,1,0,0
TraesCS5D02G401500,1,1,0,0
TraesCS5D02G401700,1,1,0,0
TraesCS6A02G011700,1,1,0,0
TraesCS7D02G120500,1,1,0,0
TraesCS1A02G313400,1,1,0,0
TraesCS1B02G047700,1,1,0,0
TraesCS1B02G263200,1,1,0,0
TraesCS1B02G325200,1,1,0,0
TraesCS1D02G420700,1,1,0,0
TraesCS2B02G267000,1,1,0,0
TraesCS2D02G255600,0,0,0,0
TraesCS2D02G528700,1,1,0,0
TraesCS3B02G538400,1,1,0,0
TraesCS4B02G103900,1,1,0,0
TraesCS4D02G100800,1,1,0,0
TraesCS5A02G239900,1,1,0,0
TraesCS5B02G241500,1,1,0,0
TraesCS5D02G030400,1,1,0,0
TraesCS5D02G030500,1,1,0,0
TraesCS6A02G016800,1,1,0,0
TraesCS6A02G019600,1,1,0,0
TraesCS6A02G031600,1,1,0,0
TraesCS6A02G066800,1,1,0,0
TraesCS6A02G270600,1,1,0,0
TraesCS6B02G022900,1,1,0,0
TraesCS6B02G023400,1,1,0,0
TraesCS6B02G025200,1,1,0,0
TraesCS6B02G025600,1,1,0,0
TraesCS6B02G025800,1,1,0,0
TraesCS6B02G027600,1,1,0,0
TraesCS6B02G027700,1,1,0,0
TraesCS6B02G045400,1,1,0,0
TraesCS6B02G059500,1,1,0,0
TraesCS6B02G219200,1,1,0,0
TraesCS6B02G333100,1,1,0,0
TraesCS6B02G333200,1,1,0,0
TraesCS6D02G018300,1,1,0,0
TraesCS6D02G020200,1,1,0,0
TraesCS6D02G020600,1,1,0,0
TraesCS6D02G022000,1,1,0,0
TraesCS6D02G022100,1,1,0,0
TraesCS6D02G023900,1,1,0,0
TraesCS6D02G025200,1,1,0,0
TraesCS6D02G036000,1,1,0,0
TraesCS7A02G182600,1,1,0,0
TraesCS7A02G182800,1,1,0,0
TraesCS7A02G183200,1,1,0,0
TraesCS7A02G250000,1,1,0,0
TraesCS7A02G460800,1,1,0,0
TraesCS7B02G087500,1,1,0,0
TraesCS7B02G088200,1,1,0,0
TraesCS7B02G141200,1,1,0,0
TraesCS7D02G184000,1,1,0,0
TraesCS7D02G185400,1,1,0,0
TraesCS7D02G252100,1,1,0,0
TraesCS7D02G448700,1,1,0,0
TraesCSU02G029100,1,1,0,0
TraesCS2B02G583800,2,2,0,0
TraesCS1A02G042700,1,1,0,0
TraesCS1A02G129300,1,1,0,0
TraesCS1A02G218800,1,1,0,0
TraesCS1B02G086600,0,0,0,0
TraesCS1B02G232300,1,1,0,0
TraesCS1B02G316200,1,1,0,0
TraesCS1B02G451500,1,1,0,0
TraesCS1D02G043300,1,1,0,0
TraesCS1D02G220500,1,1,0,0
TraesCS1D02G268900,1,1,0,0
TraesCS1D02G283100,1,1,0,0
TraesCS1D02G428400,1,1,0,0
TraesCS2A02G157600,1,1,0,0
TraesCS2A02G338200,1,1,0,0
TraesCS2A02G445500,1,1,0,0
TraesCS2A02G456600,1,1,0,0
TraesCS2B02G178000,1,1,0,0
TraesCS2B02G343800,1,1,0,0
TraesCS2B02G387300,1,1,0,0
TraesCS2B02G459800,1,1,0,0
TraesCS2B02G466400,1,1,0,0
TraesCS2B02G478700,1,1,0,0
TraesCS2D02G163700,1,1,0,0
TraesCS2D02G165900,1,1,0,0
TraesCS2D02G366800,1,1,0,0
TraesCS2D02G378400,1,1,0,0
TraesCS2D02G456900,1,1,0,0
TraesCS3A02G108000,1,1,0,0
TraesCS3A02G109300,1,1,0,0
TraesCS3A02G200300,1,1,0,0
TraesCS3A02G257800,1,1,0,0
TraesCS3A02G367600,1,1,0,0
TraesCS3A02G375500,1,1,0,0
TraesCS3B02G128500,1,1,0,0
TraesCS3B02G290600,1,1,0,0
TraesCS3B02G399300,1,1,0,0
TraesCS3B02G407700,1,1,0,0
TraesCS3D02G109100,1,1,0,0
TraesCS3D02G109800,1,1,0,0
TraesCS3D02G111100,1,1,0,0
TraesCS3D02G161100,1,1,0,0
TraesCS3D02G214200,1,1,0,0
TraesCS3D02G360500,1,1,0,0
TraesCS3D02G377300,1,1,0,0
TraesCS4A02G075400,1,1,0,0
TraesCS4A02G217800,1,1,0,0
TraesCS4B02G096500,1,1,0,0
TraesCS4D02G092900,1,1,0,0
TraesCS4D02G142900,1,1,0,0
TraesCS5A02G375400,1,1,0,0
TraesCS5B02G004400,1,1,0,0
TraesCS5B02G086900,1,1,0,0
TraesCS5B02G089200,2,2,0,0
TraesCS5B02G157300,1,1,0,0
TraesCS5B02G226100,1,1,0,0
TraesCS5B02G330100,1,1,0,0
TraesCS5D02G007000,1,1,0,0
TraesCS5D02G128200,1,1,0,0
TraesCS5D02G234800,1,1,0,0
TraesCS5D02G335700,1,1,0,0
TraesCS5D02G460800,1,1,0,0
TraesCS6A02G236700,1,1,0,0
TraesCS6A02G258600,1,1,0,0
TraesCS6A02G269000,1,1,0,0
TraesCS6B02G228500,1,1,0,0
TraesCS6D02G179100,1,1,0,0
TraesCS6D02G219300,1,1,0,0
TraesCS7A02G272100,1,1,0,0
TraesCS7A02G304600,1,1,0,0
TraesCS7A02G415800,1,1,0,0
TraesCS7B02G169900,1,1,0,0
TraesCS7B02G187400,1,1,0,0
TraesCS7B02G372500,1,1,0,0
TraesCS7D02G272400,1,1,0,0
TraesCS1A02G266300,1,1,0,0
TraesCS1B02G277300,1,1,0,0
TraesCS2B02G118500,1,1,0,0
TraesCS2B02G355400,1,1,0,0
TraesCS2B02G355500,1,1,0,0
TraesCS3B02G093300,1,1,0,0
TraesCS3B02G273600,1,1,0,0
TraesCS3B02G371200,1,1,0,0
TraesCS3D02G333100,1,1,0,0
TraesCS5D02G481200,1,1,0,0
TraesCS6A02G378600,1,1,0,0
TraesCS6D02G362900,1,1,0,0
TraesCS7A02G263100,1,1,0,0
TraesCS7A02G357500,1,1,0,0
TraesCS7B02G111300,1,1,0,0
TraesCS7B02G115400,1,1,0,0
TraesCS7B02G364600,1,1,0,0
TraesCS7D02G210600,1,1,0,0
TraesCS7D02G263800,1,1,0,0
TraesCS7D02G365200,1,1,0,0
TraesCS7D02G451700,1,1,0,0
TraesCS2B02G469000,1,1,0,0
TraesCS6A02G264400,1,1,0,0
TraesCS6B02G291400,1,1,0,0
TraesCS7A02G394800,1,1,0,0
TraesCS7B02G296800,1,1,0,0
TraesCS2D02G079600,1,1,0,0
TraesCS4A02G105300,1,1,0,0
TraesCS4D02G199600,1,1,0,0
TraesCS6A02G227900,1,1,0,0
TraesCS6B02G253900,1,1,0,0
TraesCS6D02G207100,1,1,0,0
TraesCS2A02G352400,1,1,0,0
TraesCS2A02G404400,1,1,0,0
TraesCS2B02G370400,1,1,0,0
TraesCS2B02G422300,1,1,0,0
TraesCS3A02G159600,1,1,0,0
TraesCS3D02G166900,1,1,0,0
TraesCS4A02G230700,1,1,0,0
TraesCS4B02G325500,1,1,0,0
TraesCS4D02G322400,1,1,0,0
TraesCS5A02G497800,1,1,0,0
TraesCS2A02G292700,1,1,0,0
TraesCS3B02G468400,1,1,0,0
TraesCS6A02G110100,1,1,0,0
TraesCS6A02G155300,1,1,0,0
TraesCS6B02G138400,1,1,0,0
TraesCS6D02G098500,1,1,0,0
TraesCS7A02G208000,1,1,0,0
TraesCS7B02G115200,1,1,0,0
TraesCS7D02G210400,1,1,0,0
TraesCS7D02G248000,1,1,0,0
TraesCS1B02G461600,1,1,0,0
TraesCS1D02G436500,1,1,0,0
TraesCS4A02G095200,1,1,0,0
TraesCS4B02G209300,1,1,0,0
TraesCS7A02G297900,1,1,0,0
TraesCS7B02G184800,1,1,0,0
TraesCS7D02G292000,1,1,0,0
TraesCS5A02G114700,1,1,0,0
TraesCS5D02G124700,1,1,0,0
TraesCSU02G136000,1,1,0,0
TraesCS2B02G359400,1,1,0,0
TraesCS3B02G433400,1,1,0,0
TraesCS3D02G408000,1,1,0,0
TraesCS3D02G408100,1,1,0,0
TraesCS7A02G414500,1,1,0,0
TraesCS7B02G314400,1,1,0,0
TraesCS7D02G407600,1,1,0,0
TraesCS2A02G169300,1,1,0,0
TraesCS2A02G506500,1,1,0,0
TraesCS2B02G195600,1,1,0,0
TraesCS2B02G534800,1,1,0,0
TraesCS2D02G176800,1,1,0,0
TraesCS2D02G507200,1,1,0,0
TraesCS4B02G065300,1,1,0,0
TraesCS4D02G064200,1,1,0,0
TraesCS2A02G120900,1,1,0,0
TraesCS2B02G141800,1,1,0,0
TraesCS3D02G371600,1,1,0,0
TraesCS4A02G140800,1,1,0,0
TraesCS4D02G164200,1,1,0,0
TraesCS6A02G272800,1,1,0,0
TraesCS6B02G300200,1,1,0,0
TraesCS4A02G395700,1,1,0,0
TraesCS7A02G095300,1,1,0,0
TraesCS7D02G091500,1,1,0,0
TraesCS1B02G453300,1,1,0,0
TraesCS2B02G289000,1,1,0,0
TraesCS1A02G070400,1,1,0,0
TraesCS1D02G072900,1,1,0,0
TraesCS1D02G429900,1,1,0,0
TraesCS2A02G433000,1,1,0,0
TraesCS2D02G190500,1,1,0,0
TraesCS2D02G431000,1,1,0,0
TraesCS3A02G242500,1,1,0,0
TraesCS3A02G289700,1,1,0,0
TraesCS3A02G527300,1,1,0,0
TraesCS3B02G199000,1,1,0,0
TraesCS3B02G270500,1,1,0,0
TraesCS3B02G324400,1,1,0,0
TraesCS3B02G379200,2,2,0,0
TraesCS3D02G242500,1,1,0,0
TraesCS3D02G289500,1,1,0,0
TraesCS4A02G162500,1,1,0,0
TraesCS4B02G121500,1,1,0,0
TraesCS5A02G104900,1,1,0,0
TraesCS5B02G399900,1,1,0,0
TraesCS5D02G162100,1,1,0,0
TraesCS5D02G190700,1,1,0,0
TraesCS5D02G349800,1,1,0,0
TraesCS5D02G404400,1,1,0,0
TraesCS6A02G146900,1,1,0,0
TraesCS7D02G345700,3,3,0,0
TraesCS1A02G065700,1,1,0,0
TraesCS1A02G010400,1,1,0,0
TraesCS1A02G012400,1,1,0,0
TraesCS1A02G038200,0,0,0,0
TraesCS1A02G045800,1,1,0,0
TraesCS1A02G080300,1,1,0,0
TraesCS1A02G084100,1,1,0,0
TraesCS1A02G088900,1,1,0,0
TraesCS1A02G092900,1,1,0,0
TraesCS1A02G099500,1,1,0,0
TraesCS1A02G105400,1,1,0,0
TraesCS1A02G105600,1,1,0,0
TraesCS1A02G112200,0,0,0,0
TraesCS1A02G125100,1,1,0,0
TraesCS1A02G133900,1,1,0,0
TraesCS1A02G147000,1,1,0,0
TraesCS1A02G164300,1,1,0,0
TraesCS1A02G171400,1,1,0,0
TraesCS1A02G214600,1,1,0,0
TraesCS1A02G222800,1,1,0,0
TraesCS1A02G229000,1,1,0,0
TraesCS1A02G255200,1,1,0,0
TraesCS1A02G262000,1,1,0,0
TraesCS1A02G262800,1,1,0,0
TraesCS1A02G286300,1,1,0,0
TraesCS1A02G287600,1,1,0,0
TraesCS1A02G291500,1,1,0,0
TraesCS1A02G291600,1,1,0,0
TraesCS1A02G291700,1,1,0,0
TraesCS1A02G292100,1,1,0,0
TraesCS1A02G295700,1,1,0,0
TraesCS1A02G306400,1,1,0,0
TraesCS1A02G307400,1,1,0,0
TraesCS1A02G316900,1,1,0,0
TraesCS1A02G341500,1,1,0,0
TraesCS1A02G359900,1,1,0,0
TraesCS1A02G360000,1,1,0,0
TraesCS1A02G360500,1,1,0,0
TraesCS1A02G361300,1,1,0,0
TraesCS1A02G361700,1,1,0,0
TraesCS1A02G361900,0,0,0,0
TraesCS1A02G366700,1,1,0,0
TraesCS1A02G371100,1,1,0,0
TraesCS1A02G378000,1,1,0,0
TraesCS1A02G379300,1,1,0,0
TraesCS1A02G380700,1,1,0,0
TraesCS1A02G388600,1,1,0,0
TraesCS1A02G389100,1,1,0,0
TraesCS1A02G399800,1,1,0,0
TraesCS1A02G417300,1,1,0,0
TraesCS1A02G436100,1,1,0,0
TraesCS1B02G007700,1,1,0,0
TraesCS1B02G051100,1,1,0,0
TraesCS1B02G060200,1,1,0,0
TraesCS1B02G080500,1,1,0,0
TraesCS1B02G090300,1,1,0,0
TraesCS1B02G134500,1,1,0,0
TraesCS1B02G144300,1,1,0,0
TraesCS1B02G154500,1,1,0,0
TraesCS1B02G158100,1,1,0,0
TraesCS1B02G159100,1,1,0,0
TraesCS1B02G159800,1,1,0,0
TraesCS1B02G164000,1,1,0,0
TraesCS1B02G164500,1,1,0,0
TraesCS1B02G166300,1,1,0,0
TraesCS1B02G174000,1,1,0,0
TraesCS1B02G174800,1,1,0,0
TraesCS1B02G175700,1,1,0,0
TraesCS1B02G176200,1,1,0,0
TraesCS1B02G189800,1,1,0,0
TraesCS1B02G189900,1,1,0,0
TraesCS1B02G192500,1,1,0,0
TraesCS1B02G204800,1,1,0,0
TraesCS1B02G212200,1,1,0,0
TraesCS1B02G216000,1,1,0,0
TraesCS1B02G221600,1,1,0,0
TraesCS1B02G226700,1,1,0,0
TraesCS1B02G228500,1,1,0,0
TraesCS1B02G230300,1,1,0,0
TraesCS1B02G232600,5,5,0,0
TraesCS1B02G243400,1,1,0,0
TraesCS1B02G244900,1,1,0,0
TraesCS1B02G245000,1,1,0,0
TraesCS1B02G245200,1,1,0,0
TraesCS1B02G245300,1,1,0,0
TraesCS1B02G248000,1,1,0,0
TraesCS1B02G255600,1,1,0,0
TraesCS1B02G258500,1,1,0,0
TraesCS1B02G259500,1,1,0,0
TraesCS1B02G266000,1,1,0,0
TraesCS1B02G274700,1,1,0,0
TraesCS1B02G281000,1,1,0,0
TraesCS1B02G283700,1,1,0,0
TraesCS1B02G290800,1,1,0,0
TraesCS1B02G292400,1,1,0,0
TraesCS1B02G295700,1,1,0,0
TraesCS1B02G297100,1,1,0,0
TraesCS1B02G297200,1,1,0,0
TraesCS1B02G301000,1,1,0,0
TraesCS1B02G304700,1,1,0,0
TraesCS1B02G305900,1,1,0,0
TraesCS1B02G317200,1,1,0,0
TraesCS1B02G357400,1,1,0,0
TraesCS1B02G357600,1,1,0,0
TraesCS1B02G362500,1,1,0,0
TraesCS1B02G364400,1,1,0,0
TraesCS1B02G375900,1,1,0,0
TraesCS1B02G376300,1,1,0,0
TraesCS1B02G376500,1,1,0,0
TraesCS1B02G376700,1,1,0,0
TraesCS1B02G377000,1,1,0,0
TraesCS1B02G378700,1,1,0,0
TraesCS1B02G380200,1,1,0,0
TraesCS1B02G384500,1,1,0,0
TraesCS1B02G386500,1,1,0,0
TraesCS1B02G386700,1,1,0,0
TraesCS1B02G389000,1,1,0,0
TraesCS1B02G390100,1,1,0,0
TraesCS1B02G391900,1,1,0,0
TraesCS1B02G398800,1,1,0,0
TraesCS1B02G403000,1,1,0,0
TraesCS1B02G408600,1,1,0,0
TraesCS1B02G411000,1,1,0,0
TraesCS1B02G417200,1,1,0,0
TraesCS1B02G445200,1,1,0,0
TraesCS1B02G448300,1,1,0,0
TraesCS1B02G450300,1,1,0,0
TraesCS1B02G469300,1,1,0,0
TraesCS1B02G472500,1,1,0,0
TraesCS1B02G478800,1,1,0,0
TraesCS1D02G003700,1,1,0,0
TraesCS1D02G004000,1,1,0,0
TraesCS1D02G036300,1,1,0,0
TraesCS1D02G056100,1,1,0,0
TraesCS1D02G074600,1,1,0,0
TraesCS1D02G081600,1,1,0,0
TraesCS1D02G101600,1,1,0,0
TraesCS1D02G107400,1,1,0,0
TraesCS1D02G109600,1,1,0,0
TraesCS1D02G109800,1,1,0,0
TraesCS1D02G113900,1,1,0,0
TraesCS1D02G115900,1,1,0,0
TraesCS1D02G128800,1,1,0,0
TraesCS1D02G130800,1,1,0,0
TraesCS1D02G144400,1,1,0,0
TraesCS1D02G145100,1,1,0,0
TraesCS1D02G155800,1,1,0,0
TraesCS1D02G156400,1,1,0,0
TraesCS1D02G159400,1,1,0,0
TraesCS1D02G163700,1,1,0,0
TraesCS1D02G186900,1,1,0,0
TraesCS1D02G199400,1,1,0,0
TraesCS1D02G201000,1,1,0,0
TraesCS1D02G202100,1,1,0,0
TraesCS1D02G208000,1,1,0,0
TraesCS1D02G216100,1,1,0,0
TraesCS1D02G217600,1,1,0,0
TraesCS1D02G219000,1,1,0,0
TraesCS1D02G219200,1,1,0,0
TraesCS1D02G220000,1,1,0,0
TraesCS1D02G225600,1,1,0,0
TraesCS1D02G233300,1,1,0,0
TraesCS1D02G261900,1,1,0,0
TraesCS1D02G262000,1,1,0,0
TraesCS1D02G264200,1,1,0,0
TraesCS1D02G274300,1,1,0,0
TraesCS1D02G285300,1,1,0,0
TraesCS1D02G286600,1,1,0,0
TraesCS1D02G287800,1,1,0,0
TraesCS1D02G290000,1,1,0,0
TraesCS1D02G290100,1,1,0,0
TraesCS1D02G290200,1,1,0,0
TraesCS1D02G306800,1,1,0,0
TraesCS1D02G332600,1,1,0,0
TraesCS1D02G357300,1,1,0,0
TraesCS1D02G361400,1,1,0,0
TraesCS1D02G361900,1,1,0,0
TraesCS1D02G364200,1,1,0,0
TraesCS1D02G364400,1,1,0,0
TraesCS1D02G364600,1,1,0,0
TraesCS1D02G366300,1,1,0,0
TraesCS1D02G366400,1,1,0,0
TraesCS1D02G366500,1,1,0,0
TraesCS1D02G366600,1,1,0,0
TraesCS1D02G368000,1,1,0,0
TraesCS1D02G371100,1,1,0,0
TraesCS1D02G372200,1,1,0,0
TraesCS1D02G373800,1,1,0,0
TraesCS1D02G374300,1,1,0,0
TraesCS1D02G385000,1,1,0,0
TraesCS1D02G386500,1,1,0,0
TraesCS1D02G394700,1,1,0,0
TraesCS1D02G396600,1,1,0,0
TraesCS1D02G397100,1,1,0,0
TraesCS1D02G402000,1,1,0,0
TraesCS1D02G407500,1,1,0,0
TraesCS1D02G411200,1,1,0,0
TraesCS1D02G416700,0,0,0,0
TraesCS1D02G420500,1,1,0,0
TraesCS1D02G443000,1,1,0,0
TraesCS1D02G450600,1,1,0,0
TraesCS2A02G040200,1,1,0,0
TraesCS2A02G063500,1,1,0,0
TraesCS2A02G066200,1,1,0,0
TraesCS2A02G104300,1,1,0,0
TraesCS2A02G109900,1,1,0,0
TraesCS2A02G110500,1,1,0,0
TraesCS2A02G115100,1,1,0,0
TraesCS2A02G131800,1,1,0,0
TraesCS2A02G146700,1,1,0,0
TraesCS2A02G151800,1,1,0,0
TraesCS2A02G151900,1,1,0,0
TraesCS2A02G155100,1,1,0,0
TraesCS2A02G163700,1,1,0,0
TraesCS2A02G165000,1,1,0,0
TraesCS2A02G168300,1,1,0,0
TraesCS2A02G170800,1,1,0,0
TraesCS2A02G184000,1,1,0,0
TraesCS2A02G188100,1,1,0,0
TraesCS2A02G194900,1,1,0,0
TraesCS2A02G199100,1,1,0,0
TraesCS2A02G207600,1,1,0,0
TraesCS2A02G209800,1,1,0,0
TraesCS2A02G214700,1,1,0,0
TraesCS2A02G221000,1,1,0,0
TraesCS2A02G224600,1,1,0,0
TraesCS2A02G227500,1,1,0,0
TraesCS2A02G228800,1,1,0,0
TraesCS2A02G234700,1,1,0,0
TraesCS2A02G245200,1,1,0,0
TraesCS2A02G245900,1,1,0,0
TraesCS2A02G254100,1,1,0,0
TraesCS2A02G259600,1,1,0,0
TraesCS2A02G286600,1,1,0,0
TraesCS2A02G287400,1,1,0,0
TraesCS2A02G294000,1,1,0,0
TraesCS2A02G296000,1,1,0,0
TraesCS2A02G299100,1,1,0,0
TraesCS2A02G301900,1,1,0,0
TraesCS2A02G308300,1,1,0,0
TraesCS2A02G313100,1,1,0,0
TraesCS2A02G314800,1,1,0,0
TraesCS2A02G318900,1,1,0,0
TraesCS2A02G335000,1,1,0,0
TraesCS2A02G339200,1,1,0,0
TraesCS2A02G343500,1,1,0,0
TraesCS2A02G346200,1,1,0,0
TraesCS2A02G352300,1,1,0,0
TraesCS2A02G360300,1,1,0,0
TraesCS2A02G364000,1,1,0,0
TraesCS2A02G366900,1,1,0,0
TraesCS2A02G370500,1,1,0,0
TraesCS2A02G372700,1,1,0,0
TraesCS2A02G377800,1,1,0,0
TraesCS2A02G379700,1,1,0,0
TraesCS2A02G380100,1,1,0,0
TraesCS2A02G380700,1,1,0,0
TraesCS2A02G383600,1,1,0,0
TraesCS2A02G391000,1,1,0,0
TraesCS2A02G393600,1,1,0,0
TraesCS2A02G397400,1,1,0,0
TraesCS2A02G397700,1,1,0,0
TraesCS2A02G401700,1,1,0,0
TraesCS2A02G404900,1,1,0,0
TraesCS2A02G406100,1,1,0,0
TraesCS2A02G429800,1,1,0,0
TraesCS2A02G432600,1,1,0,0
TraesCS2A02G443200,1,1,0,0
TraesCS2A02G462100,1,1,0,0
TraesCS2A02G479800,1,1,0,0
TraesCS2A02G485400,1,1,0,0
TraesCS2A02G501000,1,1,0,0
TraesCS2A02G504600,1,1,0,0
TraesCS2A02G552600,1,1,0,0
TraesCS2A02G556900,1,1,0,0
TraesCS2B02G012600,1,1,0,0
TraesCS2B02G013500,1,1,0,0
TraesCS2B02G045400,1,1,0,0
TraesCS2B02G053100,1,1,0,0
TraesCS2B02G060200,1,1,0,0
TraesCS2B02G078200,1,1,0,0
TraesCS2B02G089800,1,1,0,0
TraesCS2B02G097300,1,1,0,0
TraesCS2B02G109100,1,1,0,0
TraesCS2B02G115400,1,1,0,0
TraesCS2B02G126500,1,1,0,0
TraesCS2B02G127900,1,1,0,0
TraesCS2B02G143200,1,1,0,0
TraesCS2B02G154400,1,1,0,0
TraesCS2B02G158500,1,1,0,0
TraesCS2B02G169200,1,1,0,0
TraesCS2B02G170400,1,1,0,0
TraesCS2B02G170500,1,1,0,0
TraesCS2B02G181700,1,1,0,0
TraesCS2B02G186000,1,1,0,0
TraesCS2B02G189500,1,1,0,0
TraesCS2B02G191800,1,1,0,0
TraesCS2B02G194400,1,1,0,0
TraesCS2B02G207000,1,1,0,0
TraesCS2B02G219400,1,1,0,0
TraesCS2B02G220000,1,1,0,0
TraesCS2B02G223400,1,1,0,0
TraesCS2B02G225400,1,1,0,0
TraesCS2B02G246900,1,1,0,0
TraesCS2B02G258000,1,1,0,0
TraesCS2B02G259100,1,1,0,0
TraesCS2B02G260100,1,1,0,0
TraesCS2B02G262600,1,1,0,0
TraesCS2B02G262700,1,1,0,0
TraesCS2B02G266000,1,1,0,0
TraesCS2B02G273000,1,1,0,0
TraesCS2B02G275100,1,1,0,0
TraesCS2B02G293800,1,1,0,0
TraesCS2B02G308000,1,1,0,0
TraesCS2B02G310300,1,1,0,0
TraesCS2B02G312000,1,1,0,0
TraesCS2B02G312200,1,1,0,0
TraesCS2B02G312400,1,1,0,0
TraesCS2B02G318500,1,1,0,0
TraesCS2B02G324500,1,1,0,0
TraesCS2B02G329300,1,1,0,0
TraesCS2B02G337200,1,1,0,0
TraesCS2B02G338700,1,1,0,0
TraesCS2B02G342800,1,1,0,0
TraesCS2B02G344800,1,1,0,0
TraesCS2B02G347300,1,1,0,0
TraesCS2B02G352100,1,1,0,0
TraesCS2B02G352700,1,1,0,0
TraesCS2B02G359900,1,1,0,0
TraesCS2B02G380100,1,1,0,0
TraesCS2B02G382000,1,1,0,0
TraesCS2B02G384400,1,1,0,0
TraesCS2B02G393400,1,1,0,0
TraesCS2B02G397800,1,1,0,0
TraesCS2B02G415700,1,1,0,0
TraesCS2B02G415800,1,1,0,0
TraesCS2B02G415900,1,1,0,0
TraesCS2B02G422000,1,1,0,0
TraesCS2B02G423800,1,1,0,0
TraesCS2B02G441000,1,1,0,0
TraesCS2B02G443000,1,1,0,0
TraesCS2B02G443900,1,1,0,0
TraesCS2B02G453900,1,1,0,0
TraesCS2B02G464300,1,1,0,0
TraesCS2B02G470100,1,1,0,0
TraesCS2B02G477400,1,1,0,0
TraesCS2B02G480600,1,1,0,0
TraesCS2B02G490700,1,1,0,0
TraesCS2B02G491200,1,1,0,0
TraesCS2B02G492300,1,1,0,0
TraesCS2B02G518500,1,1,0,0
TraesCS2B02G545100,1,1,0,0
TraesCS2B02G553000,1,1,0,0
TraesCS2B02G594500,1,1,0,0
TraesCS2B02G600300,1,1,0,0
TraesCS2B02G609800,1,1,0,0
TraesCS2B02G626700,2,2,0,0
TraesCS2D02G010300,1,1,0,0
TraesCS2D02G010700,1,1,0,0
TraesCS2D02G019600,1,1,0,0
TraesCS2D02G064500,1,1,0,0
TraesCS2D02G064600,1,1,0,0
TraesCS2D02G110100,1,1,0,0
TraesCS2D02G116300,1,1,0,0
TraesCS2D02G128600,1,1,0,0
TraesCS2D02G150600,0,0,0,0
TraesCS2D02G156900,1,1,0,0
TraesCS2D02G157000,1,1,0,0
TraesCS2D02G160000,1,1,0,0
TraesCS2D02G162000,1,1,0,0
TraesCS2D02G171900,1,1,0,0
TraesCS2D02G175700,1,1,0,0
TraesCS2D02G178300,1,1,0,0
TraesCS2D02G199500,1,1,0,0
TraesCS2D02G203800,1,1,0,0
TraesCS2D02G207700,1,1,0,0
TraesCS2D02G232900,1,1,0,0
TraesCS2D02G235100,1,1,0,0
TraesCS2D02G235500,1,1,0,0
TraesCS2D02G237400,1,1,0,0
TraesCS2D02G237800,1,1,0,0
TraesCS2D02G238300,1,1,0,0
TraesCS2D02G242100,1,1,0,0
TraesCS2D02G246500,1,1,0,0
TraesCS2D02G248300,1,1,0,0
TraesCS2D02G258500,1,1,0,0
TraesCS2D02G260700,1,1,0,0
TraesCS2D02G261800,1,1,0,0
TraesCS2D02G262800,1,1,0,0
TraesCS2D02G272300,1,1,0,0
TraesCS2D02G275100,1,1,0,0
TraesCS2D02G297000,1,1,0,0
TraesCS2D02G306300,1,1,0,0
TraesCS2D02G310800,1,1,0,0
TraesCS2D02G313000,1,1,0,0
TraesCS2D02G323600,1,1,0,0
TraesCS2D02G323900,1,1,0,0
TraesCS2D02G336100,1,1,0,0
TraesCS2D02G339700,1,1,0,0
TraesCS2D02G347800,1,1,0,0
TraesCS2D02G349300,1,1,0,0
TraesCS2D02G361200,1,1,0,0
TraesCS2D02G361800,1,1,0,0
TraesCS2D02G363800,1,1,0,0
TraesCS2D02G373400,1,1,0,0
TraesCS2D02G379700,1,1,0,0
TraesCS2D02G395200,1,1,0,0
TraesCS2D02G401800,1,1,0,0
TraesCS2D02G403000,1,1,0,0
TraesCS2D02G421300,1,1,0,0
TraesCS2D02G422200,1,1,0,0
TraesCS2D02G423300,1,1,0,0
TraesCS2D02G426600,1,1,0,0
TraesCS2D02G427400,1,1,0,0
TraesCS2D02G430500,1,1,0,0
TraesCS2D02G442300,1,1,0,0
TraesCS2D02G453800,1,1,0,0
TraesCS2D02G467700,1,1,0,0
TraesCS2D02G468800,1,1,0,0
TraesCS2D02G469200,1,1,0,0
TraesCS2D02G480600,1,1,0,0
TraesCS2D02G490600,1,1,0,0
TraesCS2D02G538500,1,1,0,0
TraesCS2D02G541500,1,1,0,0
TraesCS2D02G553200,1,1,0,0
TraesCS2D02G588600,1,1,0,0
TraesCS3A02G002100,1,1,0,0
TraesCS3A02G007300,1,1,0,0
TraesCS3A02G026500,1,1,0,0
TraesCS3A02G041000,1,1,0,0
TraesCS3A02G059200,1,1,0,0
TraesCS3A02G075800,1,1,0,0
TraesCS3A02G077800,1,1,0,0
TraesCS3A02G081400,1,1,0,0
TraesCS3A02G085600,1,1,0,0
TraesCS3A02G089700,1,1,0,0
TraesCS3A02G091400,1,1,0,0
TraesCS3A02G102400,1,1,0,0
TraesCS3A02G107800,1,1,0,0
TraesCS3A02G110900,1,1,0,0
TraesCS3A02G113500,1,1,0,0
TraesCS3A02G115600,1,1,0,0
TraesCS3A02G132200,1,1,0,0
TraesCS3A02G133900,1,1,0,0
TraesCS3A02G134000,1,1,0,0
TraesCS3A02G136800,1,1,0,0
TraesCS3A02G153400,1,1,0,0
TraesCS3A02G153900,1,1,0,0
TraesCS3A02G154600,1,1,0,0
TraesCS3A02G175500,1,1,0,0
TraesCS3A02G177100,1,1,0,0
TraesCS3A02G181800,1,1,0,0
TraesCS3A02G186500,1,1,0,0
TraesCS3A02G188600,1,1,0,0
TraesCS3A02G191200,1,1,0,0
TraesCS3A02G194800,1,1,0,0
TraesCS3A02G209300,1,1,0,0
TraesCS3A02G211200,1,1,0,0
TraesCS3A02G220400,1,1,0,0
TraesCS3A02G222000,1,1,0,0
TraesCS3A02G225700,1,1,0,0
TraesCS3A02G238900,1,1,0,0
TraesCS3A02G254200,1,1,0,0
TraesCS3A02G259300,1,1,0,0
TraesCS3A02G263900,1,1,0,0
TraesCS3A02G266600,1,1,0,0
TraesCS3A02G267900,1,1,0,0
TraesCS3A02G268600,1,1,0,0
TraesCS3A02G270300,1,1,0,0
TraesCS3A02G287900,0,0,0,0
TraesCS3A02G313500,1,1,0,0
TraesCS3A02G318700,1,1,0,0
TraesCS3A02G326500,1,1,0,0
TraesCS3A02G339200,1,1,0,0
TraesCS3A02G342000,1,1,0,0
TraesCS3A02G353000,1,1,0,0
TraesCS3A02G354300,1,1,0,0
TraesCS3A02G355200,1,1,0,0
TraesCS3A02G357400,1,1,0,0
TraesCS3A02G357500,1,1,0,0
TraesCS3A02G359900,1,1,0,0
TraesCS3A02G366100,1,1,0,0
TraesCS3A02G372400,1,1,0,0
TraesCS3A02G372600,1,1,0,0
TraesCS3A02G375800,1,1,0,0
TraesCS3A02G377400,1,1,0,0
TraesCS3A02G412600,1,1,0,0
TraesCS3A02G414100,1,1,0,0
TraesCS3A02G467300,1,1,0,0
TraesCS3A02G498200,1,1,0,0
TraesCS3A02G531600,1,1,0,0
TraesCS3A02G534100,1,1,0,0
TraesCS3B02G004800,1,1,0,0
TraesCS3B02G040000,1,1,0,0
TraesCS3B02G077400,1,1,0,0
TraesCS3B02G089300,1,1,0,0
TraesCS3B02G089900,2,2,0,0
TraesCS3B02G100800,1,1,0,0
TraesCS3B02G105200,1,1,0,0
TraesCS3B02G114600,1,1,0,0
TraesCS3B02G133100,1,1,0,0
TraesCS3B02G136500,1,1,0,0
TraesCS3B02G146900,1,1,0,0
TraesCS3B02G154600,1,1,0,0
TraesCS3B02G158400,1,1,0,0
TraesCS3B02G158900,1,1,0,0
TraesCS3B02G167600,1,1,0,0
TraesCS3B02G178400,1,1,0,0
TraesCS3B02G180500,1,1,0,0
TraesCS3B02G205200,1,1,0,0
TraesCS3B02G211400,1,1,0,0
TraesCS3B02G216000,1,1,0,0
TraesCS3B02G220600,1,1,0,0
TraesCS3B02G229800,1,1,0,0
TraesCS3B02G235200,1,1,0,0
TraesCS3B02G239100,1,1,0,0
TraesCS3B02G244700,1,1,0,0
TraesCS3B02G251900,1,1,0,0
TraesCS3B02G265000,1,1,0,0
TraesCS3B02G271800,1,1,0,0
TraesCS3B02G281400,1,1,0,0
TraesCS3B02G284300,1,1,0,0
TraesCS3B02G284700,1,1,0,0
TraesCS3B02G289100,1,1,0,0
TraesCS3B02G297300,1,1,0,0
TraesCS3B02G298400,0,0,0,0
TraesCS3B02G298500,1,1,0,0
TraesCS3B02G299700,1,1,0,0
TraesCS3B02G303000,1,1,0,0
TraesCS3B02G305200,1,1,0,0
TraesCS3B02G314100,1,1,0,0
TraesCS3B02G315200,1,1,0,0
TraesCS3B02G321000,1,1,0,0
TraesCS3B02G341800,1,1,0,0
TraesCS3B02G351300,1,1,0,0
TraesCS3B02G359500,1,1,0,0
TraesCS3B02G370700,1,1,0,0
TraesCS3B02G370900,1,1,0,0
TraesCS3B02G373100,1,1,0,0
TraesCS3B02G376200,1,1,0,0
TraesCS3B02G376600,1,1,0,0
TraesCS3B02G390000,1,1,0,0
TraesCS3B02G390100,1,1,0,0
TraesCS3B02G390200,1,1,0,0
TraesCS3B02G401300,1,1,0,0
TraesCS3B02G405000,1,1,0,0
TraesCS3B02G420900,1,1,0,0
TraesCS3B02G432600,1,1,0,0
TraesCS3B02G443300,1,1,0,0
TraesCS3B02G450600,1,1,0,0
TraesCS3B02G492500,1,1,0,0
TraesCS3B02G502200,1,1,0,0
TraesCS3B02G502600,1,1,0,0
TraesCS3B02G502700,1,1,0,0
TraesCS3B02G524200,1,1,0,0
TraesCS3B02G536000,1,1,0,0
TraesCS3B02G557100,1,1,0,0
TraesCS3B02G581700,1,1,0,0
TraesCS3D02G003200,1,1,0,0
TraesCS3D02G005500,1,1,0,0
TraesCS3D02G030800,1,1,0,0
TraesCS3D02G058900,1,1,0,0
TraesCS3D02G059900,1,1,0,0
TraesCS3D02G072000,1,1,0,0
TraesCS3D02G075900,1,1,0,0
TraesCS3D02G085600,1,1,0,0
TraesCS3D02G116200,1,1,0,0
TraesCS3D02G119300,1,1,0,0
TraesCS3D02G127400,1,1,0,0
TraesCS3D02G137600,1,1,0,0
TraesCS3D02G140800,1,1,0,0
TraesCS3D02G150200,1,1,0,0
TraesCS3D02G150300,1,1,0,0
TraesCS3D02G161300,1,1,0,0
TraesCS3D02G166100,1,1,0,0
TraesCS3D02G177900,1,1,0,0
TraesCS3D02G183579,1,1,0,0
TraesCS3D02G188400,1,1,0,0
TraesCS3D02G190400,1,1,0,0
TraesCS3D02G195000,1,1,0,0
TraesCS3D02G201400,1,1,0,0
TraesCS3D02G203505,1,1,0,0
TraesCS3D02G205300,1,1,0,0
TraesCS3D02G209300,1,1,0,0
TraesCS3D02G212200,1,1,0,0
TraesCS3D02G216500,1,1,0,0
TraesCS3D02G230000,1,1,0,0
TraesCS3D02G232600,1,1,0,0
TraesCS3D02G236200,1,1,0,0
TraesCS3D02G238500,1,1,0,0
TraesCS3D02G244500,1,1,0,0
TraesCS3D02G253300,1,1,0,0
TraesCS3D02G253600,1,1,0,0
TraesCS3D02G264000,1,1,0,0
TraesCS3D02G266000,1,1,0,0
TraesCS3D02G268700,1,1,0,0
TraesCS3D02G280000,1,1,0,0
TraesCS3D02G282200,1,1,0,0
TraesCS3D02G291400,1,1,0,0
TraesCS3D02G307700,1,1,0,0
TraesCS3D02G319900,1,1,0,0
TraesCS3D02G325800,1,1,0,0
TraesCS3D02G332800,1,1,0,0
TraesCS3D02G338200,1,1,0,0
TraesCS3D02G340800,1,1,0,0
TraesCS3D02G347100,1,1,0,0
TraesCS3D02G348200,1,1,0,0
TraesCS3D02G351300,1,1,0,0
TraesCS3D02G351400,1,1,0,0
TraesCS3D02G365200,1,1,0,0
TraesCS3D02G365600,1,1,0,0
TraesCS3D02G370500,1,1,0,0
TraesCS3D02G383800,1,1,0,0
TraesCS3D02G406000,0,0,0,0
TraesCS3D02G406600,1,1,0,0
TraesCS3D02G408200,1,1,0,0
TraesCS3D02G475400,1,1,0,0
TraesCS3D02G506600,1,1,0,0
TraesCS3D02G536900,1,1,0,0
TraesCS3D02G537000,1,1,0,0
TraesCS3D02G539300,1,1,0,0
TraesCS4A02G005900,1,1,0,0
TraesCS4A02G006000,1,1,0,0
TraesCS4A02G006200,1,1,0,0
TraesCS4A02G019200,1,1,0,0
TraesCS4A02G022600,1,1,0,0
TraesCS4A02G030300,1,1,0,0
TraesCS4A02G030400,1,1,0,0
TraesCS4A02G036200,1,1,0,0
TraesCS4A02G042500,1,1,0,0
TraesCS4A02G044700,1,1,0,0
TraesCS4A02G048000,1,1,0,0
TraesCS4A02G064300,1,1,0,0
TraesCS4A02G065400,1,1,0,0
TraesCS4A02G067800,1,1,0,0
TraesCS4A02G072500,1,1,0,0
TraesCS4A02G077000,1,1,0,0
TraesCS4A02G087200,1,1,0,0
TraesCS4A02G089100,1,1,0,0
TraesCS4A02G091100,1,1,0,0
TraesCS4A02G100100,1,1,0,0
TraesCS4A02G100400,1,1,0,0
TraesCS4A02G107700,1,1,0,0
TraesCS4A02G109500,1,1,0,0
TraesCS4A02G114100,1,1,0,0
TraesCS4A02G124600,1,1,0,0
TraesCS4A02G125000,1,1,0,0
TraesCS4A02G129200,1,1,0,0
TraesCS4A02G138000,1,1,0,0
TraesCS4A02G139800,0,0,0,0
TraesCS4A02G165000,1,1,0,0
TraesCS4A02G167400,1,1,0,0
TraesCS4A02G168700,1,1,0,0
TraesCS4A02G173900,1,1,0,0
TraesCS4A02G189200,1,1,0,0
TraesCS4A02G190200,1,1,0,0
TraesCS4A02G203800,1,1,0,0
TraesCS4A02G208000,1,1,0,0
TraesCS4A02G209400,1,1,0,0
TraesCS4A02G213400,1,1,0,0
TraesCS4A02G227000,1,1,0,0
TraesCS4A02G233300,1,1,0,0
TraesCS4A02G236700,1,1,0,0
TraesCS4A02G239200,1,1,0,0
TraesCS4A02G263100,1,1,0,0
TraesCS4A02G324400,1,1,0,0
TraesCS4A02G342600,1,1,0,0
TraesCS4A02G348500,1,1,0,0
TraesCS4A02G367200,1,1,0,0
TraesCS4A02G368800,1,1,0,0
TraesCS4A02G401400,1,1,0,0
TraesCS4A02G402000,1,1,0,0
TraesCS4A02G408000,1,1,0,0
TraesCS4A02G428900,1,1,0,0
TraesCS4A02G434500,1,1,0,0
TraesCS4A02G434800,1,1,0,0
TraesCS4A02G453200,1,1,0,0
TraesCS4A02G463100,0,0,0,0
TraesCS4A02G472200,1,1,0,0
TraesCS4A02G494800,1,1,0,0
TraesCS4B02G008400,1,1,0,0
TraesCS4B02G018700,1,1,0,0
TraesCS4B02G022300,1,1,0,0
TraesCS4B02G026400,1,1,0,0
TraesCS4B02G041200,1,1,0,0
TraesCS4B02G041500,1,1,0,0
TraesCS4B02G052200,1,1,0,0
TraesCS4B02G055600,1,1,0,0
TraesCS4B02G064700,1,1,0,0
TraesCS4B02G082600,1,1,0,0
TraesCS4B02G083100,1,1,0,0
TraesCS4B02G095100,1,1,0,0
TraesCS4B02G105900,1,1,0,0
TraesCS4B02G111500,1,1,0,0
TraesCS4B02G123100,1,1,0,0
TraesCS4B02G124100,1,1,0,0
TraesCS4B02G128700,1,1,0,0
TraesCS4B02G129400,1,1,0,0
TraesCS4B02G134500,1,1,0,0
TraesCS4B02G157100,1,1,0,0
TraesCS4B02G158300,1,1,0,0
TraesCS4B02G164300,1,1,0,0
TraesCS4B02G166800,1,1,0,0
TraesCS4B02G177400,1,1,0,0
TraesCS4B02G179800,1,1,0,0
TraesCS4B02G190000,1,1,0,0
TraesCS4B02G196800,1,1,0,0
TraesCS4B02G196900,1,1,0,0
TraesCS4B02G198400,1,1,0,0
TraesCS4B02G204100,1,1,0,0
TraesCS4B02G209200,1,1,0,0
TraesCS4B02G215200,1,1,0,0
TraesCS4B02G225000,1,1,0,0
TraesCS4B02G225100,2,2,0,0
TraesCS4B02G233100,1,1,0,0
TraesCS4B02G236400,1,1,0,0
TraesCS4B02G242700,1,1,0,0
TraesCS4B02G242800,1,1,0,0
TraesCS4B02G247500,1,1,0,0
TraesCS4B02G250000,1,1,0,0
TraesCS4B02G260800,1,1,0,0
TraesCS4B02G265400,1,1,0,0
TraesCS4B02G275500,1,1,0,0
TraesCS4B02G278200,1,1,0,0
TraesCS4B02G285300,1,1,0,0
TraesCS4B02G299100,1,1,0,0
TraesCS4B02G299200,1,1,0,0
TraesCS4B02G324900,1,1,0,0
TraesCS4B02G344400,1,1,0,0
TraesCS4B02G344600,1,1,0,0
TraesCS4B02G385900,1,1,0,0
TraesCS4B02G399500,1,1,0,0
TraesCS4D02G006900,1,1,0,0
TraesCS4D02G014500,1,1,0,0
TraesCS4D02G023800,1,1,0,0
TraesCS4D02G050500,1,1,0,0
TraesCS4D02G052100,1,1,0,0
TraesCS4D02G064900,1,1,0,0
TraesCS4D02G067500,1,1,0,0
TraesCS4D02G073500,1,1,0,0
TraesCS4D02G076900,1,1,0,0
TraesCS4D02G082700,1,1,0,0
TraesCS4D02G091000,1,1,0,0
TraesCS4D02G105200,1,1,0,0
TraesCS4D02G109200,1,1,0,0
TraesCS4D02G110400,1,1,0,0
TraesCS4D02G122900,1,1,0,0
TraesCS4D02G123700,1,1,0,0
TraesCS4D02G127600,1,1,0,0
TraesCS4D02G140700,1,1,0,0
TraesCS4D02G143400,1,1,0,0
TraesCS4D02G144000,1,1,0,0
TraesCS4D02G157400,1,1,0,0
TraesCS4D02G157600,1,1,0,0
TraesCS4D02G169400,1,1,0,0
TraesCS4D02G177200,1,1,0,0
TraesCS4D02G181000,1,1,0,0
TraesCS4D02G191400,1,1,0,0
TraesCS4D02G196700,1,1,0,0
TraesCS4D02G197000,1,1,0,0
TraesCS4D02G197100,1,1,0,0
TraesCS4D02G197200,1,1,0,0
TraesCS4D02G205000,1,1,0,0
TraesCS4D02G205100,1,1,0,0
TraesCS4D02G205300,1,1,0,0
TraesCS4D02G209900,1,1,0,0
TraesCS4D02G225700,1,1,0,0
TraesCS4D02G229300,1,1,0,0
TraesCS4D02G246800,1,1,0,0
TraesCS4D02G260400,1,1,0,0
TraesCS4D02G263300,1,1,0,0
TraesCS4D02G266100,1,1,0,0
TraesCS4D02G274000,1,1,0,0
TraesCS4D02G283700,1,1,0,0
TraesCS4D02G290000,1,1,0,0
TraesCS4D02G295500,1,1,0,0
TraesCS4D02G298000,1,1,0,0
TraesCS4D02G333400,1,1,0,0
TraesCS4D02G333800,1,1,0,0
TraesCS4D02G339500,1,1,0,0
TraesCS4D02G356400,1,1,0,0
TraesCS4D02G360300,1,1,0,0
TraesCS4D02G361700,1,1,0,0
TraesCS5A02G014500,1,1,0,0
TraesCS5A02G029600,1,1,0,0
TraesCS5A02G032000,1,1,0,0
TraesCS5A02G042600,1,1,0,0
TraesCS5A02G051900,1,1,0,0
TraesCS5A02G062900,1,1,0,0
TraesCS5A02G076600,0,0,0,0
TraesCS5A02G082800,1,1,0,0
TraesCS5A02G091800,1,1,0,0
TraesCS5A02G093800,1,1,0,0
TraesCS5A02G098300,1,1,0,0
TraesCS5A02G099600,1,1,0,0
TraesCS5A02G099900,1,1,0,0
TraesCS5A02G101600,1,1,0,0
TraesCS5A02G105200,1,1,0,0
TraesCS5A02G109200,1,1,0,0
TraesCS5A02G112400,1,1,0,0
TraesCS5A02G123500,1,1,0,0
TraesCS5A02G138500,1,1,0,0
TraesCS5A02G140700,1,1,0,0
TraesCS5A02G142600,1,1,0,0
TraesCS5A02G142900,1,1,0,0
TraesCS5A02G156400,1,1,0,0
TraesCS5A02G158900,1,1,0,0
TraesCS5A02G160200,1,1,0,0
TraesCS5A02G162400,1,1,0,0
TraesCS5A02G167200,1,1,0,0
TraesCS5A02G170200,1,1,0,0
TraesCS5A02G170300,1,1,0,0
TraesCS5A02G175200,1,1,0,0
TraesCS5A02G178700,1,1,0,0
TraesCS5A02G191600,1,1,0,0
TraesCS5A02G192300,1,1,0,0
TraesCS5A02G198100,1,1,0,0
TraesCS5A02G199700,1,1,0,0
TraesCS5A02G204700,1,1,0,0
TraesCS5A02G216600,1,1,0,0
TraesCS5A02G220000,1,1,0,0
TraesCS5A02G223100,1,1,0,0
TraesCS5A02G227800,1,1,0,0
TraesCS5A02G236100,1,1,0,0
TraesCS5A02G245400,1,1,0,0
TraesCS5A02G246200,1,1,0,0
TraesCS5A02G247400,1,1,0,0
TraesCS5A02G252300,1,1,0,0
TraesCS5A02G264300,1,1,0,0
TraesCS5A02G276000,1,1,0,0
TraesCS5A02G279100,1,1,0,0
TraesCS5A02G287400,1,1,0,0
TraesCS5A02G288400,1,1,0,0
TraesCS5A02G296200,1,1,0,0
TraesCS5A02G299500,1,1,0,0
TraesCS5A02G314300,1,1,0,0
TraesCS5A02G315900,1,1,0,0
TraesCS5A02G320100,1,1,0,0
TraesCS5A02G328200,1,1,0,0
TraesCS5A02G334200,1,1,0,0
TraesCS5A02G339400,1,1,0,0
TraesCS5A02G352100,1,1,0,0
TraesCS5A02G353600,1,1,0,0
TraesCS5A02G357200,1,1,0,0
TraesCS5A02G360200,1,1,0,0
TraesCS5A02G374500,1,1,0,0
TraesCS5A02G392900,1,1,0,0
TraesCS5A02G398800,1,1,0,0
TraesCS5A02G399000,1,1,0,0
TraesCS5A02G415400,1,1,0,0
TraesCS5A02G417600,1,1,0,0
TraesCS5A02G417900,1,1,0,0
TraesCS5A02G426400,1,1,0,0
TraesCS5A02G426700,1,1,0,0
TraesCS5A02G434200,1,1,0,0
TraesCS5A02G443700,1,1,0,0
TraesCS5A02G443800,1,1,0,0
TraesCS5A02G444300,1,1,0,0
TraesCS5A02G452400,1,1,0,0
TraesCS5A02G456100,1,1,0,0
TraesCS5A02G458900,1,1,0,0
TraesCS5A02G462100,1,1,0,0
TraesCS5A02G469300,1,1,0,0
TraesCS5A02G486600,1,1,0,0
TraesCS5A02G487700,1,1,0,0
TraesCS5A02G550800,1,1,0,0
TraesCS5A02G556200,1,1,0,0
TraesCS5B02G005100,1,1,0,0
TraesCS5B02G013300,1,1,0,0
TraesCS5B02G024300,1,1,0,0
TraesCS5B02G032700,1,1,0,0
TraesCS5B02G037700,1,1,0,0
TraesCS5B02G039500,1,1,0,0
TraesCS5B02G047300,1,1,0,0
TraesCS5B02G053800,1,1,0,0
TraesCS5B02G058200,1,1,0,0
TraesCS5B02G059600,1,1,0,0
TraesCS5B02G064900,1,1,0,0
TraesCS5B02G065400,1,1,0,0
TraesCS5B02G066700,1,1,0,0
TraesCS5B02G070000,1,1,0,0
TraesCS5B02G076800,1,1,0,0
TraesCS5B02G085400,1,1,0,0
TraesCS5B02G088900,1,1,0,0
TraesCS5B02G097800,1,1,0,0
TraesCS5B02G103500,1,1,0,0
TraesCS5B02G103600,1,1,0,0
TraesCS5B02G105700,1,1,0,0
TraesCS5B02G113300,1,1,0,0
TraesCS5B02G114200,1,1,0,0
TraesCS5B02G116300,1,1,0,0
TraesCS5B02G118400,1,1,0,0
TraesCS5B02G120400,1,1,0,0
TraesCS5B02G139000,1,1,0,0
TraesCS5B02G141300,1,1,0,0
TraesCS5B02G141700,1,1,0,0
TraesCS5B02G153700,1,1,0,0
TraesCS5B02G154300,1,1,0,0
TraesCS5B02G161600,1,1,0,0
TraesCS5B02G165500,1,1,0,0
TraesCS5B02G167000,1,1,0,0
TraesCS5B02G170100,1,1,0,0
TraesCS5B02G171200,1,1,0,0
TraesCS5B02G173800,1,1,0,0
TraesCS5B02G175800,1,1,0,0
TraesCS5B02G186900,1,1,0,0
TraesCS5B02G209600,1,1,0,0
TraesCS5B02G215500,1,1,0,0
TraesCS5B02G219100,1,1,0,0
TraesCS5B02G234400,1,1,0,0
TraesCS5B02G243500,0,0,0,0
TraesCS5B02G278500,1,1,0,0
TraesCS5B02G287900,1,1,0,0
TraesCS5B02G301800,1,1,0,0
TraesCS5B02G316500,1,1,0,0
TraesCS5B02G321900,1,1,0,0
TraesCS5B02G331700,1,1,0,0
TraesCS5B02G347600,1,1,0,0
TraesCS5B02G357800,1,1,0,0
TraesCS5B02G359100,1,1,0,0
TraesCS5B02G374800,1,1,0,0
TraesCS5B02G393600,1,1,0,0
TraesCS5B02G395700,1,1,0,0
TraesCS5B02G418900,1,1,0,0
TraesCS5B02G425100,1,1,0,0
TraesCS5B02G431500,1,1,0,0
TraesCS5B02G437200,1,1,0,0
TraesCS5B02G442100,1,1,0,0
TraesCS5B02G448200,1,1,0,0
TraesCS5B02G448400,1,1,0,0
TraesCS5B02G461300,1,1,0,0
TraesCS5B02G463200,1,1,0,0
TraesCS5B02G473100,1,1,0,0
TraesCS5B02G481800,1,1,0,0
TraesCS5B02G486500,1,1,0,0
TraesCS5B02G496300,1,1,0,0
TraesCS5B02G517800,0,0,0,0
TraesCS5B02G554400,1,1,0,0
TraesCS5B02G562500,1,1,0,0
TraesCS5D02G014700,1,1,0,0
TraesCS5D02G031800,1,1,0,0
TraesCS5D02G040400,1,1,0,0
TraesCS5D02G045200,0,0,0,0
TraesCS5D02G063200,1,1,0,0
TraesCS5D02G070900,1,1,0,0
TraesCS5D02G095100,1,1,0,0
TraesCS5D02G095400,1,1,0,0
TraesCS5D02G103900,1,1,0,0
TraesCS5D02G110600,1,1,0,0
TraesCS5D02G111400,1,1,0,0
TraesCS5D02G111500,1,1,0,0
TraesCS5D02G113100,1,1,0,0
TraesCS5D02G115800,1,1,0,0
TraesCS5D02G121600,1,1,0,0
TraesCS5D02G125600,1,1,0,0
TraesCS5D02G126000,1,1,0,0
TraesCS5D02G127000,1,1,0,0
TraesCS5D02G129200,1,1,0,0
TraesCS5D02G149500,1,1,0,0
TraesCS5D02G174600,1,1,0,0
TraesCS5D02G180800,1,1,0,0
TraesCS5D02G198900,1,1,0,0
TraesCS5D02G228100,1,1,0,0
TraesCS5D02G244200,1,1,0,0
TraesCS5D02G252200,1,1,0,0
TraesCS5D02G252700,1,1,0,0
TraesCS5D02G259900,1,1,0,0
TraesCS5D02G286200,1,1,0,0
TraesCS5D02G296200,1,1,0,0
TraesCS5D02G308500,1,1,0,0
TraesCS5D02G336000,1,1,0,0
TraesCS5D02G337400,1,1,0,0
TraesCS5D02G346900,1,1,0,0
TraesCS5D02G360900,1,1,0,0
TraesCS5D02G384100,1,1,0,0
TraesCS5D02G388000,1,1,0,0
TraesCS5D02G408400,1,1,0,0
TraesCS5D02G423300,1,1,0,0
TraesCS5D02G431700,1,1,0,0
TraesCS5D02G434700,1,1,0,0
TraesCS5D02G442100,1,1,0,0
TraesCS5D02G446300,1,1,0,0
TraesCS5D02G451100,1,1,0,0
TraesCS5D02G451200,1,1,0,0
TraesCS5D02G452000,1,1,0,0
TraesCS5D02G462800,1,1,0,0
TraesCS5D02G466200,1,1,0,0
TraesCS5D02G470000,1,1,0,0
TraesCS5D02G474800,1,1,0,0
TraesCS5D02G523600,1,1,0,0
TraesCS5D02G527100,1,1,0,0
TraesCS5D02G542300,1,1,0,0
TraesCS5D02G556800,1,1,0,0
TraesCS6A02G011600,1,1,0,0
TraesCS6A02G034300,1,1,0,0
TraesCS6A02G034500,1,1,0,0
TraesCS6A02G034600,1,1,0,0
TraesCS6A02G034800,1,1,0,0
TraesCS6A02G034900,1,1,0,0
TraesCS6A02G035000,1,1,0,0
TraesCS6A02G035200,1,1,0,0
TraesCS6A02G035800,1,1,0,0
TraesCS6A02G036000,1,1,0,0
TraesCS6A02G040200,1,1,0,0
TraesCS6A02G040400,1,1,0,0
TraesCS6A02G042700,1,1,0,0
TraesCS6A02G047900,1,1,0,0
TraesCS6A02G052500,1,1,0,0
TraesCS6A02G055000,1,1,0,0
TraesCS6A02G055200,1,1,0,0
TraesCS6A02G057700,1,1,0,0
TraesCS6A02G061300,1,1,0,0
TraesCS6A02G061500,1,1,0,0
TraesCS6A02G061600,1,1,0,0
TraesCS6A02G062600,1,1,0,0
TraesCS6A02G062800,1,1,0,0
TraesCS6A02G063100,1,1,0,0
TraesCS6A02G063400,1,1,0,0
TraesCS6A02G070200,1,1,0,0
TraesCS6A02G086200,1,1,0,0
TraesCS6A02G086400,1,1,0,0
TraesCS6A02G090300,1,1,0,0
TraesCS6A02G103700,1,1,0,0
TraesCS6A02G107900,1,1,0,0
TraesCS6A02G117200,1,1,0,0
TraesCS6A02G121600,1,1,0,0
TraesCS6A02G155800,1,1,0,0
TraesCS6A02G167100,1,1,0,0
TraesCS6A02G177400,1,1,0,0
TraesCS6A02G195200,1,1,0,0
TraesCS6A02G204900,1,1,0,0
TraesCS6A02G209500,1,1,0,0
TraesCS6A02G216700,1,1,0,0
TraesCS6A02G219000,1,1,0,0
TraesCS6A02G219800,1,1,0,0
TraesCS6A02G221000,1,1,0,0
TraesCS6A02G237000,1,1,0,0
TraesCS6A02G242300,1,1,0,0
TraesCS6A02G251800,1,1,0,0
TraesCS6A02G252400,1,1,0,0
TraesCS6A02G268100,1,1,0,0
TraesCS6A02G268300,1,1,0,0
TraesCS6A02G271700,1,1,0,0
TraesCS6A02G282200,1,1,0,0
TraesCS6A02G291500,1,1,0,0
TraesCS6A02G314800,1,1,0,0
TraesCS6A02G316100,1,1,0,0
TraesCS6A02G331000,1,1,0,0
TraesCS6A02G332000,1,1,0,0
TraesCS6A02G344000,1,1,0,0
TraesCS6A02G348000,1,1,0,0
TraesCS6A02G373400,1,1,0,0
TraesCS6A02G374500,1,1,0,0
TraesCS6A02G380200,1,1,0,0
TraesCS6A02G385700,1,1,0,0
TraesCS6A02G386600,1,1,0,0
TraesCS6A02G398000,1,1,0,0
TraesCS6A02G400300,1,1,0,0
TraesCS6A02G401600,1,1,0,0
TraesCS6A02G409600,1,1,0,0
TraesCS6A02G410700,1,1,0,0
TraesCS6A02G413400,1,1,0,0
TraesCS6B02G007300,1,1,0,0
TraesCS6B02G048300,1,1,0,0
TraesCS6B02G048500,1,1,0,0
TraesCS6B02G048600,1,1,0,0
TraesCS6B02G048800,1,1,0,0
TraesCS6B02G049000,1,1,0,0
TraesCS6B02G049300,1,1,0,0
TraesCS6B02G049400,1,1,0,0
TraesCS6B02G049500,1,1,0,0
TraesCS6B02G058400,1,1,0,0
TraesCS6B02G074000,1,1,0,0
TraesCS6B02G078200,1,1,0,0
TraesCS6B02G078400,1,1,0,0
TraesCS6B02G079000,1,1,0,0
TraesCS6B02G081600,1,1,0,0
TraesCS6B02G081800,1,1,0,0
TraesCS6B02G082200,1,1,0,0
TraesCS6B02G082400,1,1,0,0
TraesCS6B02G082600,1,1,0,0
TraesCS6B02G082800,1,1,0,0
TraesCS6B02G084100,1,1,0,0
TraesCS6B02G084300,1,1,0,0
TraesCS6B02G092600,1,1,0,0
TraesCS6B02G112400,1,1,0,0
TraesCS6B02G112700,1,1,0,0
TraesCS6B02G115100,1,1,0,0
TraesCS6B02G115800,1,1,0,0
TraesCS6B02G116000,1,1,0,0
TraesCS6B02G134800,1,1,0,0
TraesCS6B02G141200,1,1,0,0
TraesCS6B02G144900,1,1,0,0
TraesCS6B02G163400,1,1,0,0
TraesCS6B02G177100,1,1,0,0
TraesCS6B02G177200,1,1,0,0
TraesCS6B02G198500,2,2,0,0
TraesCS6B02G203600,1,1,0,0
TraesCS6B02G219700,1,1,0,0
TraesCS6B02G223800,1,1,0,0
TraesCS6B02G224200,1,1,0,0
TraesCS6B02G225200,1,1,0,0
TraesCS6B02G225600,1,1,0,0
TraesCS6B02G230200,1,1,0,0
TraesCS6B02G230300,1,1,0,0
TraesCS6B02G230700,1,1,0,0
TraesCS6B02G234000,1,1,0,0
TraesCS6B02G236000,1,1,0,0
TraesCS6B02G249200,1,1,0,0
TraesCS6B02G251700,1,1,0,0
TraesCS6B02G262500,1,1,0,0
TraesCS6B02G271600,1,1,0,0
TraesCS6B02G273700,1,1,0,0
TraesCS6B02G295500,1,1,0,0
TraesCS6B02G312700,1,1,0,0
TraesCS6B02G315400,1,1,0,0
TraesCS6B02G322000,1,1,0,0
TraesCS6B02G345000,1,1,0,0
TraesCS6B02G346500,1,1,0,0
TraesCS6B02G349300,1,1,0,0
TraesCS6B02G352100,1,1,0,0
TraesCS6B02G361200,1,1,0,0
TraesCS6B02G362800,1,1,0,0
TraesCS6B02G365100,1,1,0,0
TraesCS6B02G366800,1,1,0,0
TraesCS6B02G376800,1,1,0,0
TraesCS6B02G384900,1,1,0,0
TraesCS6B02G404400,1,1,0,0
TraesCS6B02G414800,1,1,0,0
TraesCS6B02G419000,1,1,0,0
TraesCS6B02G424800,1,1,0,0
TraesCS6B02G425000,1,1,0,0
TraesCS6B02G425700,1,1,0,0
TraesCS6B02G437500,1,1,0,0
TraesCS6B02G438500,1,1,0,0
TraesCS6B02G443800,1,1,0,0
TraesCS6B02G455400,1,1,0,0
TraesCS6B02G455600,1,1,0,0
TraesCS6B02G462700,1,1,0,0
TraesCS6D02G014200,1,1,0,0
TraesCS6D02G031200,1,1,0,0
TraesCS6D02G039900,1,1,0,0
TraesCS6D02G040200,1,1,0,0
TraesCS6D02G040700,1,1,0,0
TraesCS6D02G040800,1,1,0,0
TraesCS6D02G046200,1,1,0,0
TraesCS6D02G046400,1,1,0,0
TraesCS6D02G046600,1,1,0,0
TraesCS6D02G055400,1,1,0,0
TraesCS6D02G061700,1,1,0,0
TraesCS6D02G062100,1,1,0,0
TraesCS6D02G062300,1,1,0,0
TraesCS6D02G062900,1,1,0,0
TraesCS6D02G063000,1,1,0,0
TraesCS6D02G063300,1,1,0,0
TraesCS6D02G070200,1,1,0,0
TraesCS6D02G070900,1,1,0,0
TraesCS6D02G077200,1,1,0,0
TraesCS6D02G078000,1,1,0,0
TraesCS6D02G081200,1,1,0,0
TraesCS6D02G084800,1,1,0,0
TraesCS6D02G090500,1,1,0,0
TraesCS6D02G094200,1,1,0,0
TraesCS6D02G102100,1,1,0,0
TraesCS6D02G106800,1,1,0,0
TraesCS6D02G110100,0,0,0,0
TraesCS6D02G137800,0,0,0,0
TraesCS6D02G145800,1,1,0,0
TraesCS6D02G149700,1,1,0,0
TraesCS6D02G155600,1,1,0,0
TraesCS6D02G177000,1,1,0,0
TraesCS6D02G180100,1,1,0,0
TraesCS6D02G181700,1,1,0,0
TraesCS6D02G190100,1,1,0,0
TraesCS6D02G191700,0,0,0,0
TraesCS6D02G198900,1,1,0,0
TraesCS6D02G200300,1,1,0,0
TraesCS6D02G201200,1,1,0,0
TraesCS6D02G201600,1,1,0,0
TraesCS6D02G202700,1,1,0,0
TraesCS6D02G209600,1,1,0,0
TraesCS6D02G214200,1,1,0,0
TraesCS6D02G214400,1,1,0,0
TraesCS6D02G214900,1,1,0,0
TraesCS6D02G220200,1,1,0,0
TraesCS6D02G222200,1,1,0,0
TraesCS6D02G222800,1,1,0,0
TraesCS6D02G233500,1,1,0,0
TraesCS6D02G246600,1,1,0,0
TraesCS6D02G246800,1,1,0,0
TraesCS6D02G255600,1,1,0,0
TraesCS6D02G262700,1,1,0,0
TraesCS6D02G270400,1,1,0,0
TraesCS6D02G279200,1,1,0,0
TraesCS6D02G282200,0,0,0,0
TraesCS6D02G286100,1,1,0,0
TraesCS6D02G290100,1,1,0,0
TraesCS6D02G301100,1,1,0,0
TraesCS6D02G325100,1,1,0,0
TraesCS6D02G326700,1,1,0,0
TraesCS6D02G326800,1,1,0,0
TraesCS6D02G357600,1,1,0,0
TraesCS6D02G358300,1,1,0,0
TraesCS6D02G360000,1,1,0,0
TraesCS6D02G364900,1,1,0,0
TraesCS6D02G371200,1,1,0,0
TraesCS6D02G378200,1,1,0,0
TraesCS6D02G384500,1,1,0,0
TraesCS6D02G385500,1,1,0,0
TraesCS6D02G388500,1,1,0,0
TraesCS6D02G393600,1,1,0,0
TraesCS7A02G013800,1,1,0,0
TraesCS7A02G018200,1,1,0,0
TraesCS7A02G110000,1,1,0,0
TraesCS7A02G119400,1,1,0,0
TraesCS7A02G119700,1,1,0,0
TraesCS7A02G119900,1,1,0,0
TraesCS7A02G121500,1,1,0,0
TraesCS7A02G130500,1,1,0,0
TraesCS7A02G131200,1,1,0,0
TraesCS7A02G134100,1,1,0,0
TraesCS7A02G137100,1,1,0,0
TraesCS7A02G141800,1,1,0,0
TraesCS7A02G145500,1,1,0,0
TraesCS7A02G168900,0,0,0,0
TraesCS7A02G180500,1,1,0,0
TraesCS7A02G188000,1,1,0,0
TraesCS7A02G191300,1,1,0,0
TraesCS7A02G192900,1,1,0,0
TraesCS7A02G204800,1,1,0,0
TraesCS7A02G212500,0,0,0,0
TraesCS7A02G219900,1,1,0,0
TraesCS7A02G225400,1,1,0,0
TraesCS7A02G241300,1,1,0,0
TraesCS7A02G242200,1,1,0,0
TraesCS7A02G247700,1,1,0,0
TraesCS7A02G248700,1,1,0,0
TraesCS7A02G255000,1,1,0,0
TraesCS7A02G256700,1,1,0,0
TraesCS7A02G259500,1,1,0,0
TraesCS7A02G272000,1,1,0,0
TraesCS7A02G272900,1,1,0,0
TraesCS7A02G278000,1,1,0,0
TraesCS7A02G296800,1,1,0,0
TraesCS7A02G303600,1,1,0,0
TraesCS7A02G315916,1,1,0,0
TraesCS7A02G316200,1,1,0,0
TraesCS7A02G325000,1,1,0,0
TraesCS7A02G329300,1,1,0,0
TraesCS7A02G329900,1,1,0,0
TraesCS7A02G331900,1,1,0,0
TraesCS7A02G335100,1,1,0,0
TraesCS7A02G350000,1,1,0,0
TraesCS7A02G356300,1,1,0,0
TraesCS7A02G358400,1,1,0,0
TraesCS7A02G359500,1,1,0,0
TraesCS7A02G360700,1,1,0,0
TraesCS7A02G396700,1,1,0,0
TraesCS7A02G419400,1,1,0,0
TraesCS7A02G424000,1,1,0,0
TraesCS7A02G426400,1,1,0,0
TraesCS7A02G437900,1,1,0,0
TraesCS7A02G438000,1,1,0,0
TraesCS7A02G438400,1,1,0,0
TraesCS7A02G442900,1,1,0,0
TraesCS7A02G446700,1,1,0,0
TraesCS7A02G454900,1,1,0,0
TraesCS7A02G469100,1,1,0,0
TraesCS7A02G483700,1,1,0,0
TraesCS7A02G490900,1,1,0,0
TraesCS7A02G491100,1,1,0,0
TraesCS7A02G496500,1,1,0,0
TraesCS7A02G501300,1,1,0,0
TraesCS7A02G503700,1,1,0,0
TraesCS7A02G527600,1,1,0,0
TraesCS7A02G534500,1,1,0,0
TraesCS7A02G546500,1,1,0,0
TraesCS7A02G564200,1,1,0,0
TraesCS7A02G565900,1,1,0,0
TraesCS7B02G012700,1,1,0,0
TraesCS7B02G016700,1,1,0,0
TraesCS7B02G016900,1,1,0,0
TraesCS7B02G017000,1,1,0,0
TraesCS7B02G017400,2,2,0,0
TraesCS7B02G017600,1,1,0,0
TraesCS7B02G030800,1,1,0,0
TraesCS7B02G031500,1,1,0,0
TraesCS7B02G034200,1,1,0,0
TraesCS7B02G061300,1,1,0,0
TraesCS7B02G063800,1,1,0,0
TraesCS7B02G065500,1,1,0,0
TraesCS7B02G068600,1,1,0,0
TraesCS7B02G112000,1,1,0,0
TraesCS7B02G130000,1,1,0,0
TraesCS7B02G134700,1,1,0,0
TraesCS7B02G144100,1,1,0,0
TraesCS7B02G155900,1,1,0,0
TraesCS7B02G157300,1,1,0,0
TraesCS7B02G158100,1,1,0,0
TraesCS7B02G159700,1,1,0,0
TraesCS7B02G170900,1,1,0,0
TraesCS7B02G181200,1,1,0,0
TraesCS7B02G182000,1,1,0,0
TraesCS7B02G187500,1,1,0,0
TraesCS7B02G189800,1,1,0,0
TraesCS7B02G198400,1,1,0,0
TraesCS7B02G199700,1,1,0,0
TraesCS7B02G203800,1,1,0,0
TraesCS7B02G210500,1,1,0,0
TraesCS7B02G212300,1,1,0,0
TraesCS7B02G216600,1,1,0,0
TraesCS7B02G217300,1,1,0,0
TraesCS7B02G217900,1,1,0,0
TraesCS7B02G221900,1,1,0,0
TraesCS7B02G230000,1,1,0,0
TraesCS7B02G243300,1,1,0,0
TraesCS7B02G246900,1,1,0,0
TraesCS7B02G254900,1,1,0,0
TraesCS7B02G259100,4,4,0,0
TraesCS7B02G271400,1,1,0,0
TraesCS7B02G282300,1,1,0,0
TraesCS7B02G291800,1,1,0,0
TraesCS7B02G292100,1,1,0,0
TraesCS7B02G293400,1,1,0,0
TraesCS7B02G314900,1,1,0,0
TraesCS7B02G334600,1,1,0,0
TraesCS7B02G336700,1,1,0,0
TraesCS7B02G337500,1,1,0,0
TraesCS7B02G341600,1,1,0,0
TraesCS7B02G347900,1,1,0,0
TraesCS7B02G362600,1,1,0,0
TraesCS7B02G373000,1,1,0,0
TraesCS7B02G380100,1,1,0,0
TraesCS7B02G394500,1,1,0,0
TraesCS7B02G394600,1,1,0,0
TraesCS7B02G394800,1,1,0,0
TraesCS7B02G394900,1,1,0,0
TraesCS7B02G399800,1,1,0,0
TraesCS7B02G408800,1,1,0,0
TraesCS7B02G426600,0,0,0,0
TraesCS7B02G426700,0,0,0,0
TraesCS7B02G433300,1,1,0,0
TraesCS7B02G435700,1,1,0,0
TraesCS7B02G446900,1,1,0,0
TraesCS7B02G447900,1,1,0,0
TraesCS7B02G451600,1,1,0,0
TraesCS7B02G481600,0,0,0,0
TraesCS7B02G486700,1,1,0,0
TraesCS7B02G489800,1,1,0,0
TraesCS7D02G003000,1,1,0,0
TraesCS7D02G025000,1,1,0,0
TraesCS7D02G028400,1,1,0,0
TraesCS7D02G054700,1,1,0,0
TraesCS7D02G066800,1,1,0,0
TraesCS7D02G086300,1,1,0,0
TraesCS7D02G096300,1,1,0,0
TraesCS7D02G097600,1,1,0,0
TraesCS7D02G116600,1,1,0,0
TraesCS7D02G116800,1,1,0,0
TraesCS7D02G116900,1,1,0,0
TraesCS7D02G125500,1,1,0,0
TraesCS7D02G129900,1,1,0,0
TraesCS7D02G130500,1,1,0,0
TraesCS7D02G140900,2,2,0,0
TraesCS7D02G150800,1,1,0,0
TraesCS7D02G155200,1,1,0,0
TraesCS7D02G156300,1,1,0,0
TraesCS7D02G161500,1,1,0,0
TraesCS7D02G162300,1,1,0,0
TraesCS7D02G164400,1,1,0,0
TraesCS7D02G192300,1,1,0,0
TraesCS7D02G194100,1,1,0,0
TraesCS7D02G197200,1,1,0,0
TraesCS7D02G198900,1,1,0,0
TraesCS7D02G200200,1,1,0,0
TraesCS7D02G210700,1,1,0,0
TraesCS7D02G212600,1,1,0,0
TraesCS7D02G218000,1,1,0,0
TraesCS7D02G226300,1,1,0,0
TraesCS7D02G232400,1,1,0,0
TraesCS7D02G240300,1,1,0,0
TraesCS7D02G243500,1,1,0,0
TraesCS7D02G246300,1,1,0,0
TraesCS7D02G246600,1,1,0,0
TraesCS7D02G250500,1,1,0,0
TraesCS7D02G253900,1,1,0,0
TraesCS7D02G257700,1,1,0,0
TraesCS7D02G260500,1,1,0,0
TraesCS7D02G276800,1,1,0,0
TraesCS7D02G278800,1,1,0,0
TraesCS7D02G279300,1,1,0,0
TraesCS7D02G281700,1,1,0,0
TraesCS7D02G291300,1,1,0,0
TraesCS7D02G292800,1,1,0,0
TraesCS7D02G296300,1,1,0,0
TraesCS7D02G297200,1,1,0,0
TraesCS7D02G309000,1,1,0,0
TraesCS7D02G312600,1,1,0,0
TraesCS7D02G313200,1,1,0,0
TraesCS7D02G317500,1,1,0,0
TraesCS7D02G326200,1,1,0,0
TraesCS7D02G326800,1,1,0,0
TraesCS7D02G340100,1,1,0,0
TraesCS7D02G354600,1,1,0,0
TraesCS7D02G355000,1,1,0,0
TraesCS7D02G355700,1,1,0,0
TraesCS7D02G362300,0,0,0,0
TraesCS7D02G366400,1,1,0,0
TraesCS7D02G370500,1,1,0,0
TraesCS7D02G393800,1,1,0,0
TraesCS7D02G399900,1,1,0,0
TraesCS7D02G412200,1,1,0,0
TraesCS7D02G418200,1,1,0,0
TraesCS7D02G427800,1,1,0,0
TraesCS7D02G432000,1,1,0,0
TraesCS7D02G437400,1,1,0,0
TraesCS7D02G451000,1,1,0,0
TraesCS7D02G467000,1,1,0,0
TraesCS7D02G471100,1,1,0,0
TraesCS7D02G476100,1,1,0,0
TraesCS7D02G477300,1,1,0,0
TraesCS7D02G477400,1,1,0,0
TraesCS7D02G480000,1,1,0,0
TraesCS7D02G488700,1,1,0,0
TraesCS7D02G515600,1,1,0,0
TraesCS7D02G523200,1,1,0,0
TraesCS7D02G550900,1,1,0,0
TraesCSU02G012500,1,1,0,0
TraesCSU02G016900,1,1,0,0
TraesCSU02G027800,1,1,0,0
TraesCSU02G039800,1,1,0,0
TraesCSU02G040100,1,1,0,0
TraesCSU02G040800,1,1,0,0
TraesCSU02G053400,1,1,0,0
TraesCSU02G056000,1,1,0,0
TraesCSU02G056300,1,1,0,0
TraesCSU02G065200,1,1,0,0
TraesCSU02G065700,1,1,0,0
TraesCSU02G077200,1,1,0,0
TraesCSU02G077400,1,1,0,0
TraesCSU02G081000,1,1,0,0
TraesCSU02G081100,1,1,0,0
TraesCSU02G081300,1,1,0,0
TraesCSU02G093200,1,1,0,0
TraesCSU02G093400,1,1,0,0
TraesCSU02G095700,1,1,0,0
TraesCSU02G095800,1,1,0,0
TraesCSU02G116500,0,0,0,0
TraesCSU02G121000,1,1,0,0
TraesCSU02G121200,1,1,0,0
TraesCSU02G142200,1,1,0,0
TraesCSU02G201500,0,0,0,0
TraesCSU02G218200,0,0,0,0
TraesCS5D02G304900,1,2,-1,1
TraesCS2D02G466100,1,2,-1,1
TraesCS4A02G363200,1,2,-1,1
TraesCS5D02G411500,0,1,-1,1
TraesCS6A02G176600,0,1,-1,1
TraesCS7A02G329600,0,1,-1,1
TraesCS7A02G399500,4,5,-1,1
TraesCS7B02G230100,0,1,-1,1
TraesCS7D02G020700,0,1,-1,1
TraesCS1A02G231200,0,1,-1,1
TraesCS1B02G235100,1,2,-1,1
TraesCS1B02G254300,0,1,-1,1
TraesCS2A02G415300,0,1,-1,1
TraesCS2B02G304800,0,1,-1,1
TraesCS2B02G542400,0,1,-1,1
TraesCS3D02G372900,1,2,-1,1
TraesCS5D02G150500,0,1,-1,1
TraesCS5D02G486600,0,1,-1,1
TraesCS6A02G171900,0,1,-1,1
TraesCS6A02G343300,0,1,-1,1
TraesCS6B02G274200,0,1,-1,1
TraesCS6B02G331000,0,1,-1,1
TraesCS6B02G375400,0,1,-1,1
TraesCS6D02G084900,4,5,-1,1
TraesCS6D02G121100,0,1,-1,1
TraesCS7A02G376300,0,1,-1,1
TraesCS7D02G170600,1,2,-1,1
TraesCS7D02G372700,0,1,-1,1
TraesCS1A02G156600,0,1,-1,1
TraesCS1B02G424700,0,1,-1,1
TraesCS2A02G309300,0,1,-1,1
TraesCS2D02G307600,0,1,-1,1
TraesCS2D02G376600,0,1,-1,1
TraesCS2D02G548900,1,2,-1,1
TraesCS3A02G246000,0,1,-1,1
TraesCS6B02G167100,0,1,-1,1
TraesCS6D02G127600,0,1,-1,1
TraesCS7A02G416400,1,2,-1,1
TraesCS7A02G461700,0,1,-1,1
TraesCS7D02G449900,0,1,-1,1
TraesCS6D02G180000,0,1,-1,1
TraesCS4B02G079900,0,1,-1,1
TraesCS3B02G236900,0,1,-1,1
TraesCS3D02G434900,2,3,-1,1
TraesCS4D02G056900,0,1,-1,1
TraesCS5A02G420200,1,2,-1,1
TraesCS6A02G114100,4,5,-1,1
TraesCS6B02G295900,0,1,-1,1
TraesCS6B02G411300,0,1,-1,1
TraesCS7B02G465400,0,1,-1,1
TraesCS2D02G252100,1,2,-1,1
TraesCS2A02G353900,1,2,-1,1
TraesCS4A02G268500,0,1,-1,1
TraesCS6B02G248400,0,1,-1,1
TraesCS2B02G592900,0,1,-1,1
TraesCS2D02G399500,0,1,-1,1
TraesCS3D02G537400,0,1,-1,1
TraesCS1A02G340900,0,1,-1,1
TraesCS1B02G353700,0,1,-1,1
TraesCS1D02G343000,0,1,-1,1
TraesCS2B02G406400,0,1,-1,1
TraesCS3B02G603900,0,1,-1,1
TraesCS5A02G022100,0,1,-1,1
TraesCS5B02G018600,0,1,-1,1
TraesCS4A02G058800,1,2,-1,1
TraesCS4D02G245300,1,2,-1,1
TraesCS5B02G025100,0,1,-1,1
TraesCS1A02G397300,0,1,-1,1
TraesCS1B02G425600,0,1,-1,1
TraesCS1B02G444400,0,1,-1,1
TraesCS1D02G421700,0,1,-1,1
TraesCS2B02G051800,0,1,-1,1
TraesCS2B02G515600,0,1,-1,1
TraesCS2D02G488300,0,1,-1,1
TraesCS3A02G179200,0,1,-1,1
TraesCS3B02G201900,0,1,-1,1
TraesCS3D02G181900,0,1,-1,1
TraesCS4A02G276700,0,1,-1,1
TraesCS4B02G124600,0,1,-1,1
TraesCS4D02G122500,0,1,-1,1
TraesCS5D02G119200,0,1,-1,1
TraesCS6A02G166900,0,1,-1,1
TraesCS6A02G340600,0,1,-1,1
TraesCS6B02G372100,0,1,-1,1
TraesCS6D02G155400,0,1,-1,1
TraesCS6D02G321200,0,1,-1,1
TraesCS7A02G298900,0,1,-1,1
TraesCS7B02G187100,0,1,-1,1
TraesCS1A02G288500,1,2,-1,1
TraesCS1A02G411700,0,1,-1,1
TraesCS7B02G121900,11,12,-1,1
TraesCS4B02G290400,2,3,-1,1
TraesCS4A02G306400,0,1,-1,1
TraesCS1B02G322000,0,1,-1,1
TraesCS6B02G093900,0,1,-1,1
TraesCS6D02G067500,0,1,-1,1
TraesCS1A02G139700,0,1,-1,1
TraesCS7D02G199600,0,1,-1,1
TraesCS2B02G116900,0,1,-1,1
TraesCS2D02G099400,0,1,-1,1
TraesCS5A02G265700,0,1,-1,1
TraesCS5D02G273600,0,1,-1,1
TraesCS1B02G022900,0,1,-1,1
TraesCS1D02G018400,0,1,-1,1
TraesCS2B02G335400,1,2,-1,1
TraesCS3B02G204600,1,2,-1,1
TraesCS6B02G449300,0,1,-1,1
TraesCS6D02G388400,0,1,-1,1
TraesCS7A02G258700,0,1,-1,1
TraesCS2A02G264800,0,1,-1,1
TraesCS2D02G119100,0,1,-1,1
TraesCS5A02G153000,11,12,-1,1
TraesCS5A02G401600,1,2,-1,1
TraesCS5B02G075300,0,1,-1,1
TraesCS5B02G151800,7,8,-1,1
TraesCS5D02G081000,0,1,-1,1
TraesCS6B02G424600,0,1,-1,1
TraesCS7D02G404000,1,2,-1,1
TraesCS2B02G176900,0,1,-1,1
TraesCS3A02G165200,0,1,-1,1
TraesCS5A02G234500,0,1,-1,1
TraesCS5D02G241400,0,1,-1,1
TraesCS6D02G305700,0,1,-1,1
TraesCS7A02G199000,0,1,-1,1
TraesCS4D02G054000,0,1,-1,1
TraesCS5A02G511900,1,2,-1,1
TraesCS5D02G152700,0,1,-1,1
TraesCS5D02G332000,0,1,-1,1
TraesCS5D02G422300,0,1,-1,1
TraesCS7A02G059000,0,1,-1,1
TraesCS7D02G174100,1,2,-1,1
TraesCS2A02G435100,1,2,-1,1
TraesCS2D02G246600,0,1,-1,1
TraesCS4A02G255000,1,2,-1,1
TraesCS4B02G060000,0,1,-1,1
TraesCS6A02G269600,1,2,-1,1
TraesCS1A02G395600,0,1,-1,1
TraesCS3D02G141500,0,1,-1,1
TraesCS5B02G225700,1,2,-1,1
TraesCS5D02G149400,0,1,-1,1
TraesCS1B02G208400,0,1,-1,1
TraesCS1D02G197300,0,1,-1,1
TraesCS5B02G315100,0,1,-1,1
TraesCS6D02G304300,1,2,-1,1
TraesCS5D02G445100,0,1,-1,1
TraesCS1A02G375600,1,2,-1,1
TraesCS2A02G401600,0,1,-1,1
TraesCS2D02G211400,1,2,-1,1
TraesCS3A02G289200,0,1,-1,1
TraesCS4B02G278100,0,1,-1,1
TraesCS5B02G556200,0,1,-1,1
TraesCS5D02G244800,1,2,-1,1
TraesCS5D02G393200,1,2,-1,1
TraesCS7B02G272500,1,2,-1,1
TraesCS4A02G078700,0,1,-1,1
TraesCS3D02G284200,0,1,-1,1
TraesCS4D02G245200,1,2,-1,1
TraesCS5A02G117500,0,1,-1,1
TraesCS5A02G391700,0,1,-1,1
TraesCS5B02G396600,0,1,-1,1
TraesCS6A02G158100,0,1,-1,1
TraesCS6B02G186700,0,1,-1,1
TraesCS6D02G147400,0,1,-1,1
TraesCS7A02G122000,0,1,-1,1
TraesCS1B02G441100,0,1,-1,1
TraesCS1D02G252000,0,1,-1,1
TraesCS1D02G313900,1,2,-1,1
TraesCS2B02G218100,0,1,-1,1
TraesCS2D02G198500,0,1,-1,1
TraesCS4B02G279700,0,1,-1,1
TraesCS6A02G021400,0,1,-1,1
TraesCS6A02G032300,0,1,-1,1
TraesCS6A02G058000,0,1,-1,1
TraesCS6A02G214200,0,1,-1,1
TraesCS6B02G021900,0,1,-1,1
TraesCS6B02G043100,1,2,-1,1
TraesCS6B02G045000,0,1,-1,1
TraesCS6B02G045300,0,1,-1,1
TraesCS6B02G045500,0,1,-1,1
TraesCS6B02G076900,0,1,-1,1
TraesCS6B02G090000,0,1,-1,1
TraesCS6B02G395300,0,1,-1,1
TraesCS6D02G034400,0,1,-1,1
TraesCS6D02G036200,0,1,-1,1
TraesCS6D02G037100,0,1,-1,1
TraesCS6D02G196900,0,1,-1,1
TraesCS7B02G149800,0,1,-1,1
TraesCS7D02G203000,0,1,-1,1
TraesCS7D02G248600,0,1,-1,1
TraesCSU02G118300,0,1,-1,1
TraesCS1A02G219400,0,1,-1,1
TraesCS1B02G232800,0,1,-1,1
TraesCS1D02G125400,0,1,-1,1
TraesCS2A02G441300,0,1,-1,1
TraesCS2B02G399200,0,1,-1,1
TraesCS2B02G466500,0,1,-1,1
TraesCS2D02G337400,0,1,-1,1
TraesCS3A02G056000,0,1,-1,1
TraesCS3A02G153700,0,1,-1,1
TraesCS3D02G108000,0,1,-1,1
TraesCS3D02G257800,1,2,-1,1
TraesCS3D02G432300,0,1,-1,1
TraesCS3D02G540600,1,2,-1,1
TraesCS5A02G227400,0,1,-1,1
TraesCS5A02G307100,0,1,-1,1
TraesCS5A02G450800,0,1,-1,1
TraesCS5B02G119800,0,1,-1,1
TraesCS5B02G307500,0,1,-1,1
TraesCS5B02G459200,0,1,-1,1
TraesCS5D02G099100,1,2,-1,1
TraesCS5D02G314000,0,1,-1,1
TraesCS6B02G265200,1,2,-1,1
TraesCS6B02G296300,0,1,-1,1
TraesCS6D02G239800,0,1,-1,1
TraesCS7A02G299400,0,1,-1,1
TraesCS7A02G306100,1,2,-1,1
TraesCS7B02G188000,0,1,-1,1
TraesCS7B02G204800,1,2,-1,1
TraesCS1B02G274300,0,1,-1,1
TraesCS2A02G101100,1,2,-1,1
TraesCS2A02G101400,1,2,-1,1
TraesCS2A02G459700,0,1,-1,1
TraesCS3A02G406000,1,2,-1,1
TraesCS3B02G208300,0,1,-1,1
TraesCS3B02G439600,1,2,-1,1
TraesCS3D02G401200,1,2,-1,1
TraesCS4D02G175700,1,2,-1,1
TraesCS5A02G143100,1,2,-1,1
TraesCS5A02G143200,1,2,-1,1
TraesCS5B02G141900,1,2,-1,1
TraesCS5B02G480900,0,1,-1,1
TraesCS6A02G208900,0,1,-1,1
TraesCS6B02G237900,0,1,-1,1
TraesCS6D02G192400,0,1,-1,1
TraesCS7A02G464100,0,1,-1,1
TraesCS7A02G464800,1,2,-1,1
TraesCS7A02G549000,1,2,-1,1
TraesCS2D02G447400,0,1,-1,1
TraesCS3D02G505000,1,2,-1,1
TraesCS6D02G250500,0,1,-1,1
TraesCS2A02G404500,0,1,-1,1
TraesCS2D02G350400,0,1,-1,1
TraesCS2D02G401300,0,1,-1,1
TraesCS2D02G401400,0,1,-1,1
TraesCS4B02G085200,0,1,-1,1
TraesCS4D02G083200,0,1,-1,1
TraesCS5D02G294400,1,2,-1,1
TraesCS4B02G163500,0,1,-1,1
TraesCS2A02G323200,1,2,-1,1
TraesCS3A02G400400,1,2,-1,1
TraesCS4A02G285900,0,1,-1,1
TraesCS6D02G252800,0,1,-1,1
TraesCS1D02G338300,0,1,-1,1
TraesCS2A02G270200,1,2,-1,1
TraesCS2D02G269200,1,2,-1,1
TraesCS3A02G167200,1,2,-1,1
TraesCS3D02G341100,1,2,-1,1
TraesCS4A02G128100,0,1,-1,1
TraesCS4B02G176700,0,1,-1,1
TraesCS4D02G119700,0,1,-1,1
TraesCS4D02G178400,0,1,-1,1
TraesCS5A02G258100,0,1,-1,1
TraesCS5A02G395100,0,1,-1,1
TraesCS5B02G108500,0,1,-1,1
TraesCS5B02G257300,0,1,-1,1
TraesCS5D02G071800,0,1,-1,1
TraesCS5D02G266300,0,1,-1,1
TraesCS6B02G175100,1,2,-1,1
TraesCS7D02G287200,0,1,-1,1
TraesCS4A02G182900,0,1,-1,1
TraesCS5B02G153300,0,1,-1,1
TraesCS5D02G160100,0,1,-1,1
TraesCS1A02G002000,0,1,-1,1
TraesCS1A02G025900,0,1,-1,1
TraesCS1A02G037900,0,1,-1,1
TraesCS1A02G107900,1,2,-1,1
TraesCS1A02G112000,0,1,-1,1
TraesCS1A02G132600,0,1,-1,1
TraesCS1A02G141400,0,1,-1,1
TraesCS1A02G199500,1,2,-1,1
TraesCS1A02G213300,0,1,-1,1
TraesCS1A02G224000,0,1,-1,1
TraesCS1A02G228300,0,1,-1,1
TraesCS1A02G229100,1,2,-1,1
TraesCS1A02G251600,0,1,-1,1
TraesCS1A02G261000,1,2,-1,1
TraesCS1A02G265000,1,2,-1,1
TraesCS1A02G269100,0,1,-1,1
TraesCS1A02G276300,0,1,-1,1
TraesCS1A02G278300,1,2,-1,1
TraesCS1A02G297000,1,2,-1,1
TraesCS1A02G330200,0,1,-1,1
TraesCS1A02G340700,0,1,-1,1
TraesCS1A02G348700,0,1,-1,1
TraesCS1A02G350700,0,1,-1,1
TraesCS1A02G404300,0,1,-1,1
TraesCS1A02G428700,0,1,-1,1
TraesCS1A02G433000,0,1,-1,1
TraesCS1A02G439300,0,1,-1,1
TraesCS1A02G445000,0,1,-1,1
TraesCS1B02G132700,0,1,-1,1
TraesCS1B02G148600,0,1,-1,1
TraesCS1B02G150800,0,1,-1,1
TraesCS1B02G156200,0,1,-1,1
TraesCS1B02G162100,1,2,-1,1
TraesCS1B02G175800,0,1,-1,1
TraesCS1B02G179100,0,1,-1,1
TraesCS1B02G242500,0,1,-1,1
TraesCS1B02G318100,0,1,-1,1
TraesCS1B02G343100,0,1,-1,1
TraesCS1B02G380800,0,1,-1,1
TraesCS1B02G401000,0,1,-1,1
TraesCS1B02G459900,0,1,-1,1
TraesCS1B02G461300,0,1,-1,1
TraesCS1D02G000800,0,1,-1,1
TraesCS1D02G029100,0,1,-1,1
TraesCS1D02G041400,0,1,-1,1
TraesCS1D02G061600,0,1,-1,1
TraesCS1D02G067700,0,1,-1,1
TraesCS1D02G091100,0,1,-1,1
TraesCS1D02G105500,0,1,-1,1
TraesCS1D02G114100,0,1,-1,1
TraesCS1D02G133100,0,1,-1,1
TraesCS1D02G174000,0,1,-1,1
TraesCS1D02G204700,0,1,-1,1
TraesCS1D02G208800,0,1,-1,1
TraesCS1D02G245300,0,1,-1,1
TraesCS1D02G303800,0,1,-1,1
TraesCS1D02G368700,0,1,-1,1
TraesCS1D02G390500,0,1,-1,1
TraesCS1D02G445700,0,1,-1,1
TraesCS1D02G452400,0,1,-1,1
TraesCS2A02G022000,0,1,-1,1
TraesCS2A02G029600,0,1,-1,1
TraesCS2A02G094200,0,1,-1,1
TraesCS2A02G108900,0,1,-1,1
TraesCS2A02G125200,0,1,-1,1
TraesCS2A02G169800,0,1,-1,1
TraesCS2A02G221900,0,1,-1,1
TraesCS2A02G222000,0,1,-1,1
TraesCS2A02G225200,0,1,-1,1
TraesCS2A02G262200,0,1,-1,1
TraesCS2A02G272800,0,1,-1,1
TraesCS2A02G276100,0,1,-1,1
TraesCS2A02G295700,0,1,-1,1
TraesCS2A02G325200,0,1,-1,1
TraesCS2A02G352500,0,1,-1,1
TraesCS2A02G354200,0,1,-1,1
TraesCS2A02G356000,0,1,-1,1
TraesCS2A02G359900,0,1,-1,1
TraesCS2A02G388800,0,1,-1,1
TraesCS2A02G390900,0,1,-1,1
TraesCS2A02G404700,0,1,-1,1
TraesCS2A02G459000,0,1,-1,1
TraesCS2A02G488400,0,1,-1,1
TraesCS2A02G584700,0,1,-1,1
TraesCS2A02G590000,0,1,-1,1
TraesCS2B02G078500,1,2,-1,1
TraesCS2B02G106400,5,6,-1,1
TraesCS2B02G109000,0,1,-1,1
TraesCS2B02G129300,0,1,-1,1
TraesCS2B02G178700,1,2,-1,1
TraesCS2B02G197200,0,1,-1,1
TraesCS2B02G207900,0,1,-1,1
TraesCS2B02G211900,0,1,-1,1
TraesCS2B02G245000,2,3,-1,1
TraesCS2B02G249100,0,1,-1,1
TraesCS2B02G270200,0,1,-1,1
TraesCS2B02G274200,0,1,-1,1
TraesCS2B02G280000,0,1,-1,1
TraesCS2B02G296700,0,1,-1,1
TraesCS2B02G344600,0,1,-1,1
TraesCS2B02G356700,0,1,-1,1
TraesCS2B02G362900,0,1,-1,1
TraesCS2B02G371800,0,1,-1,1
TraesCS2B02G375100,0,1,-1,1
TraesCS2B02G377200,0,1,-1,1
TraesCS2B02G418200,0,1,-1,1
TraesCS2B02G479500,0,1,-1,1
TraesCS2B02G479700,0,1,-1,1
TraesCS2B02G534700,0,1,-1,1
TraesCS2B02G554300,0,1,-1,1
TraesCS2B02G561100,0,1,-1,1
TraesCS2B02G626000,0,1,-1,1
TraesCS2D02G038800,0,1,-1,1
TraesCS2D02G084700,0,1,-1,1
TraesCS2D02G092800,0,1,-1,1
TraesCS2D02G109000,0,1,-1,1
TraesCS2D02G111100,0,1,-1,1
TraesCS2D02G128300,0,1,-1,1
TraesCS2D02G170300,0,1,-1,1
TraesCS2D02G177300,0,1,-1,1
TraesCS2D02G178700,1,2,-1,1
TraesCS2D02G189600,0,1,-1,1
TraesCS2D02G192000,0,1,-1,1
TraesCS2D02G253500,0,1,-1,1
TraesCS2D02G275300,0,1,-1,1
TraesCS2D02G277000,0,1,-1,1
TraesCS2D02G277700,0,1,-1,1
TraesCS2D02G291600,0,1,-1,1
TraesCS2D02G293900,0,1,-1,1
TraesCS2D02G301300,0,1,-1,1
TraesCS2D02G323500,0,1,-1,1
TraesCS2D02G342900,0,1,-1,1
TraesCS2D02G354800,0,1,-1,1
TraesCS2D02G364200,1,2,-1,1
TraesCS2D02G377000,0,1,-1,1
TraesCS2D02G388500,0,1,-1,1
TraesCS2D02G398800,0,1,-1,1
TraesCS2D02G439300,0,1,-1,1
TraesCS2D02G460300,0,1,-1,1
TraesCS2D02G503000,0,1,-1,1
TraesCS2D02G507000,0,1,-1,1
TraesCS2D02G562500,0,1,-1,1
TraesCS2D02G571300,2,3,-1,1
TraesCS3A02G025500,0,1,-1,1
TraesCS3A02G059600,0,1,-1,1
TraesCS3A02G070500,0,1,-1,1
TraesCS3A02G125800,0,1,-1,1
TraesCS3A02G128800,0,1,-1,1
TraesCS3A02G143800,0,1,-1,1
TraesCS3A02G149400,0,1,-1,1
TraesCS3A02G149900,0,1,-1,1
TraesCS3A02G164700,0,1,-1,1
TraesCS3A02G187900,0,1,-1,1
TraesCS3A02G252700,0,1,-1,1
TraesCS3A02G268300,0,1,-1,1
TraesCS3A02G280300,0,1,-1,1
TraesCS3A02G286800,0,1,-1,1
TraesCS3A02G324900,0,1,-1,1
TraesCS3A02G334300,1,2,-1,1
TraesCS3A02G364800,0,1,-1,1
TraesCS3A02G374200,0,1,-1,1
TraesCS3A02G414000,0,1,-1,1
TraesCS3A02G429800,0,1,-1,1
TraesCS3A02G476100,0,1,-1,1
TraesCS3A02G530900,0,1,-1,1
TraesCS3B02G007200,1,2,-1,1
TraesCS3B02G042400,0,1,-1,1
TraesCS3B02G069800,0,1,-1,1
TraesCS3B02G080500,0,1,-1,1
TraesCS3B02G092400,0,1,-1,1
TraesCS3B02G093200,0,1,-1,1
TraesCS3B02G094700,0,1,-1,1
TraesCS3B02G095500,0,1,-1,1
TraesCS3B02G112300,1,2,-1,1
TraesCS3B02G201400,0,1,-1,1
TraesCS3B02G207100,0,1,-1,1
TraesCS3B02G209300,0,1,-1,1
TraesCS3B02G220000,0,1,-1,1
TraesCS3B02G239900,0,1,-1,1
TraesCS3B02G243400,0,1,-1,1
TraesCS3B02G256700,0,1,-1,1
TraesCS3B02G275500,0,1,-1,1
TraesCS3B02G288800,0,1,-1,1
TraesCS3B02G294300,1,2,-1,1
TraesCS3B02G353900,0,1,-1,1
TraesCS3B02G366700,0,1,-1,1
TraesCS3B02G385700,0,1,-1,1
TraesCS3B02G388800,0,1,-1,1
TraesCS3B02G389800,0,1,-1,1
TraesCS3B02G470400,0,1,-1,1
TraesCS3B02G479700,0,1,-1,1
TraesCS3B02G578700,0,1,-1,1
TraesCS3D02G004200,0,1,-1,1
TraesCS3D02G055300,1,2,-1,1
TraesCS3D02G056300,0,1,-1,1
TraesCS3D02G058300,0,1,-1,1
TraesCS3D02G115500,0,1,-1,1
TraesCS3D02G173100,0,1,-1,1
TraesCS3D02G197500,0,1,-1,1
TraesCS3D02G266300,0,1,-1,1
TraesCS3D02G268400,0,1,-1,1
TraesCS3D02G317900,1,2,-1,1
TraesCS3D02G329000,0,1,-1,1
TraesCS3D02G332600,0,1,-1,1
TraesCS3D02G349900,0,1,-1,1
TraesCS3D02G351200,0,1,-1,1
TraesCS3D02G359100,1,2,-1,1
TraesCS3D02G373200,0,1,-1,1
TraesCS3D02G400000,1,2,-1,1
TraesCS3D02G513400,0,1,-1,1
TraesCS3D02G524400,0,1,-1,1
TraesCS4A02G021600,0,1,-1,1
TraesCS4A02G072800,0,1,-1,1
TraesCS4A02G080300,1,2,-1,1
TraesCS4A02G080500,0,1,-1,1
TraesCS4A02G100200,0,1,-1,1
TraesCS4A02G113500,0,1,-1,1
TraesCS4A02G118700,0,1,-1,1
TraesCS4A02G134000,0,1,-1,1
TraesCS4A02G175700,0,1,-1,1
TraesCS4A02G184200,0,1,-1,1
TraesCS4A02G240800,0,1,-1,1
TraesCS4A02G312600,0,1,-1,1
TraesCS4A02G329600,0,1,-1,1
TraesCS4A02G332100,0,1,-1,1
TraesCS4A02G341000,0,1,-1,1
TraesCS4A02G383700,0,1,-1,1
TraesCS4A02G415000,0,1,-1,1
TraesCS4A02G417400,0,1,-1,1
TraesCS4A02G419000,0,1,-1,1
TraesCS4A02G458400,0,1,-1,1
TraesCS4A02G488100,0,1,-1,1
TraesCS4A02G495500,0,1,-1,1
TraesCS4B02G016100,0,1,-1,1
TraesCS4B02G035500,0,1,-1,1
TraesCS4B02G154000,0,1,-1,1
TraesCS4B02G163700,0,1,-1,1
TraesCS4B02G170900,0,1,-1,1
TraesCS4B02G175300,0,1,-1,1
TraesCS4B02G190600,0,1,-1,1
TraesCS4B02G209000,0,1,-1,1
TraesCS4B02G211900,0,1,-1,1
TraesCS4B02G252900,0,1,-1,1
TraesCS4B02G260000,0,1,-1,1
TraesCS4B02G281900,0,1,-1,1
TraesCS4B02G348800,0,1,-1,1
TraesCS4B02G382900,0,1,-1,1
TraesCS4B02G393300,0,1,-1,1
TraesCS4D02G006700,0,1,-1,1
TraesCS4D02G041700,0,1,-1,1
TraesCS4D02G059800,0,1,-1,1
TraesCS4D02G067700,0,1,-1,1
TraesCS4D02G074400,1,2,-1,1
TraesCS4D02G128700,0,1,-1,1
TraesCS4D02G136900,0,1,-1,1
TraesCS4D02G168200,0,1,-1,1
TraesCS4D02G171300,0,1,-1,1
TraesCS4D02G172900,0,1,-1,1
TraesCS4D02G223800,0,1,-1,1
TraesCS4D02G230000,0,1,-1,1
TraesCS4D02G234300,0,1,-1,1
TraesCS4D02G264800,0,1,-1,1
TraesCS4D02G280500,0,1,-1,1
TraesCS4D02G283600,0,1,-1,1
TraesCS4D02G300900,0,1,-1,1
TraesCS4D02G319600,1,2,-1,1
TraesCS4D02G354700,0,1,-1,1
TraesCS5A02G025100,1,2,-1,1
TraesCS5A02G030200,1,2,-1,1
TraesCS5A02G040600,0,1,-1,1
TraesCS5A02G054500,0,1,-1,1
TraesCS5A02G100700,0,1,-1,1
TraesCS5A02G104000,0,1,-1,1
TraesCS5A02G114200,0,1,-1,1
TraesCS5A02G129400,0,1,-1,1
TraesCS5A02G136400,0,1,-1,1
TraesCS5A02G181600,0,1,-1,1
TraesCS5A02G221200,0,1,-1,1
TraesCS5A02G247100,0,1,-1,1
TraesCS5A02G256600,0,1,-1,1
TraesCS5A02G275400,1,2,-1,1
TraesCS5A02G279400,0,1,-1,1
TraesCS5A02G331300,0,1,-1,1
TraesCS5A02G331500,0,1,-1,1
TraesCS5A02G341200,0,1,-1,1
TraesCS5A02G455900,0,1,-1,1
TraesCS5A02G493200,0,1,-1,1
TraesCS5A02G509200,0,1,-1,1
TraesCS5A02G529700,0,1,-1,1
TraesCS5A02G536700,0,1,-1,1
TraesCS5A02G540400,0,1,-1,1
TraesCS5A02G554700,0,1,-1,1
TraesCS5B02G041800,0,1,-1,1
TraesCS5B02G061900,0,1,-1,1
TraesCS5B02G167100,0,1,-1,1
TraesCS5B02G190300,0,1,-1,1
TraesCS5B02G226600,0,1,-1,1
TraesCS5B02G246900,0,1,-1,1
TraesCS5B02G256200,0,1,-1,1
TraesCS5B02G303700,0,1,-1,1
TraesCS5B02G397800,0,1,-1,1
TraesCS5B02G431300,0,1,-1,1
TraesCS5B02G448100,0,1,-1,1
TraesCS5B02G479500,0,1,-1,1
TraesCS5B02G489600,0,1,-1,1
TraesCS5B02G503200,0,1,-1,1
TraesCS5B02G510000,0,1,-1,1
TraesCS5B02G520500,0,1,-1,1
TraesCS5D02G047700,0,1,-1,1
TraesCS5D02G065800,0,1,-1,1
TraesCS5D02G069800,0,1,-1,1
TraesCS5D02G123000,0,1,-1,1
TraesCS5D02G154000,0,1,-1,1
TraesCS5D02G164000,0,1,-1,1
TraesCS5D02G174700,0,1,-1,1
TraesCS5D02G211900,0,1,-1,1
TraesCS5D02G222200,0,1,-1,1
TraesCS5D02G237900,0,1,-1,1
TraesCS5D02G239800,0,1,-1,1
TraesCS5D02G259500,0,1,-1,1
TraesCS5D02G286400,0,1,-1,1
TraesCS5D02G365400,0,1,-1,1
TraesCS5D02G402800,0,1,-1,1
TraesCS5D02G407800,0,1,-1,1
TraesCS5D02G410900,0,1,-1,1
TraesCS5D02G420000,0,1,-1,1
TraesCS5D02G489900,0,1,-1,1
TraesCS5D02G529100,1,2,-1,1
TraesCS6A02G028700,0,1,-1,1
TraesCS6A02G040500,0,1,-1,1
TraesCS6A02G047100,0,1,-1,1
TraesCS6A02G074100,0,1,-1,1
TraesCS6A02G074600,0,1,-1,1
TraesCS6A02G166300,0,1,-1,1
TraesCS6A02G183200,0,1,-1,1
TraesCS6A02G185600,1,2,-1,1
TraesCS6A02G187000,0,1,-1,1
TraesCS6A02G216200,0,1,-1,1
TraesCS6A02G224600,0,1,-1,1
TraesCS6A02G233900,0,1,-1,1
TraesCS6A02G259900,0,1,-1,1
TraesCS6A02G263600,0,1,-1,1
TraesCS6A02G280200,1,2,-1,1
TraesCS6A02G300500,0,1,-1,1
TraesCS6A02G331700,0,1,-1,1
TraesCS6A02G358700,0,1,-1,1
TraesCS6A02G360400,0,1,-1,1
TraesCS6A02G386000,0,1,-1,1
TraesCS6A02G406300,0,1,-1,1
TraesCS6B02G005400,0,1,-1,1
TraesCS6B02G041500,0,1,-1,1
TraesCS6B02G050200,0,1,-1,1
TraesCS6B02G099200,0,1,-1,1
TraesCS6B02G163000,0,1,-1,1
TraesCS6B02G166700,0,1,-1,1
TraesCS6B02G170600,0,1,-1,1
TraesCS6B02G179200,0,1,-1,1
TraesCS6B02G181100,0,1,-1,1
TraesCS6B02G192100,0,1,-1,1
TraesCS6B02G235100,0,1,-1,1
TraesCS6B02G244900,1,2,-1,1
TraesCS6B02G251500,0,1,-1,1
TraesCS6B02G252100,0,1,-1,1
TraesCS6B02G256900,0,1,-1,1
TraesCS6B02G263300,0,1,-1,1
TraesCS6B02G287200,0,1,-1,1
TraesCS6B02G287900,1,2,-1,1
TraesCS6B02G300900,0,1,-1,1
TraesCS6B02G310100,0,1,-1,1
TraesCS6B02G315600,0,1,-1,1
TraesCS6B02G328400,0,1,-1,1
TraesCS6B02G369700,0,1,-1,1
TraesCS6B02G372300,0,1,-1,1
TraesCS6B02G392400,0,1,-1,1
TraesCS6B02G393300,0,1,-1,1
TraesCS6B02G409900,0,1,-1,1
TraesCS6B02G410800,0,1,-1,1
TraesCS6B02G411100,1,2,-1,1
TraesCS6B02G443700,0,1,-1,1
TraesCS6B02G451800,0,1,-1,1
TraesCS6B02G469000,0,1,-1,1
TraesCS6D02G004800,0,1,-1,1
TraesCS6D02G033200,0,1,-1,1
TraesCS6D02G048800,0,1,-1,1
TraesCS6D02G139100,0,1,-1,1
TraesCS6D02G178500,1,2,-1,1
TraesCS6D02G202400,1,2,-1,1
TraesCS6D02G209400,0,1,-1,1
TraesCS6D02G216200,0,1,-1,1
TraesCS6D02G217100,0,1,-1,1
TraesCS6D02G225800,0,1,-1,1
TraesCS6D02G253600,0,1,-1,1
TraesCS6D02G262100,0,1,-1,1
TraesCS6D02G264300,0,1,-1,1
TraesCS6D02G272800,0,1,-1,1
TraesCS6D02G311300,0,1,-1,1
TraesCS6D02G356300,0,1,-1,1
TraesCS7A02G016500,0,1,-1,1
TraesCS7A02G033400,0,1,-1,1
TraesCS7A02G077100,0,1,-1,1
TraesCS7A02G112000,0,1,-1,1
TraesCS7A02G155900,0,1,-1,1
TraesCS7A02G231000,0,1,-1,1
TraesCS7A02G246000,0,1,-1,1
TraesCS7A02G256300,0,1,-1,1
TraesCS7A02G261600,0,1,-1,1
TraesCS7A02G292100,0,1,-1,1
TraesCS7A02G293500,0,1,-1,1
TraesCS7A02G295800,0,1,-1,1
TraesCS7A02G301100,0,1,-1,1
TraesCS7A02G301400,0,1,-1,1
TraesCS7A02G305800,0,1,-1,1
TraesCS7A02G309900,0,1,-1,1
TraesCS7A02G316300,0,1,-1,1
TraesCS7A02G322300,0,1,-1,1
TraesCS7A02G322700,0,1,-1,1
TraesCS7A02G344500,0,1,-1,1
TraesCS7A02G348900,0,1,-1,1
TraesCS7A02G370900,0,1,-1,1
TraesCS7A02G419100,0,1,-1,1
TraesCS7A02G521900,0,1,-1,1
TraesCS7A02G568800,0,1,-1,1
TraesCS7B02G022100,0,1,-1,1
TraesCS7B02G060000,0,1,-1,1
TraesCS7B02G062700,0,1,-1,1
TraesCS7B02G063700,0,1,-1,1
TraesCS7B02G066700,0,1,-1,1
TraesCS7B02G077900,0,1,-1,1
TraesCS7B02G121100,1,2,-1,1
TraesCS7B02G146600,0,1,-1,1
TraesCS7B02G152900,0,1,-1,1
TraesCS7B02G185100,0,1,-1,1
TraesCS7B02G201700,0,1,-1,1
TraesCS7B02G209900,0,1,-1,1
TraesCS7B02G238600,0,1,-1,1
TraesCS7B02G336900,0,1,-1,1
TraesCS7B02G352800,0,1,-1,1
TraesCS7B02G355300,0,1,-1,1
TraesCS7B02G376200,0,1,-1,1
TraesCS7B02G407300,0,1,-1,1
TraesCS7B02G411600,0,1,-1,1
TraesCS7B02G418900,0,1,-1,1
TraesCS7B02G430600,0,1,-1,1
TraesCS7B02G437300,1,2,-1,1
TraesCS7B02G446700,0,1,-1,1
TraesCS7B02G473000,1,2,-1,1
TraesCS7B02G482200,0,1,-1,1
TraesCS7D02G080300,0,1,-1,1
TraesCS7D02G096600,0,1,-1,1
TraesCS7D02G241100,0,1,-1,1
TraesCS7D02G257100,0,1,-1,1
TraesCS7D02G267500,0,1,-1,1
TraesCS7D02G278500,0,1,-1,1
TraesCS7D02G291700,0,1,-1,1
TraesCS7D02G296800,0,1,-1,1
TraesCS7D02G313800,0,1,-1,1
TraesCS7D02G335000,0,1,-1,1
TraesCS7D02G411600,0,1,-1,1
TraesCS7D02G428400,0,1,-1,1
TraesCS7D02G432600,0,1,-1,1
TraesCS7D02G454600,1,2,-1,1
TraesCS7D02G480900,1,2,-1,1
TraesCS7D02G511400,0,1,-1,1
TraesCSU02G015600,0,1,-1,1
TraesCSU02G071300,0,1,-1,1
TraesCSU02G122900,0,1,-1,1
TraesCSU02G123400,0,1,-1,1
TraesCSU02G140100,0,1,-1,1
TraesCSU02G178100,0,1,-1,1
TraesCS2B02G482400,0,2,-2,2
TraesCS7D02G388100,1,3,-2,2
TraesCS2B02G534000,1,3,-2,2
TraesCS3B02G158800,5,7,-2,2
TraesCS4A02G123800,2,4,-2,2
TraesCS6A02G181400,0,2,-2,2
TraesCS6D02G084200,1,3,-2,2
TraesCS2B02G397300,0,2,-2,2
TraesCS2D02G461700,4,6,-2,2
TraesCS3A02G142900,2,4,-2,2
TraesCS3A02G442200,2,4,-2,2
TraesCS5A02G031900,1,3,-2,2
TraesCS7D02G216800,4,6,-2,2
TraesCS5A02G053800,1,3,-2,2
TraesCS5D02G065300,1,3,-2,2
TraesCS6A02G311700,1,3,-2,2
TraesCS6B02G341900,0,2,-2,2
TraesCS7A02G411100,2,4,-2,2
TraesCS6B02G354900,1,3,-2,2
TraesCS1B02G236900,4,6,-2,2
TraesCS3B02G180300,0,2,-2,2
TraesCS5D02G095600,1,3,-2,2
TraesCS7D02G135700,8,10,-2,2
TraesCS5D02G148800,1,3,-2,2
TraesCS7D02G543500,36,38,-2,2
TraesCS3A02G497900,1,3,-2,2
TraesCS3B02G560600,1,3,-2,2
TraesCS4B02G297000,1,3,-2,2
TraesCS3A02G347500,0,2,-2,2
TraesCS6D02G136200,1,3,-2,2
TraesCS1A02G138400,0,2,-2,2
TraesCS1A02G209600,0,2,-2,2
TraesCS1A02G287700,1,3,-2,2
TraesCS2B02G183200,1,3,-2,2
TraesCS2B02G418000,0,2,-2,2
TraesCS2D02G267100,1,3,-2,2
TraesCS2D02G512000,1,3,-2,2
TraesCS4A02G109900,0,2,-2,2
TraesCS4A02G123400,0,2,-2,2
TraesCS7A02G156300,0,2,-2,2
TraesCS7A02G561100,0,2,-2,2
TraesCS7D02G013800,1,3,-2,2
TraesCS7D02G305500,1,3,-2,2
TraesCS7D02G413500,2,4,-2,2
TraesCS7D02G474400,0,2,-2,2
TraesCSU02G127000,1,3,-2,2
TraesCS2B02G589800,2,5,-3,3
TraesCS2D02G560000,2,5,-3,3
TraesCS4A02G011600,10,13,-3,3
TraesCS4B02G180600,1,4,-3,3
TraesCS6B02G125900,2,5,-3,3
TraesCS6B02G210300,0,3,-3,3
TraesCS7D02G483200,2,5,-3,3
TraesCS3B02G476000,1,4,-3,3
TraesCS5B02G406300,1,4,-3,3
TraesCS5D02G158300,1,4,-3,3
TraesCS4D02G338800,2,5,-3,3
TraesCS1D02G225200,12,15,-3,3
TraesCS2A02G230400,5,8,-3,3
TraesCS2A02G552400,1,4,-3,3
TraesCS2D02G444200,1,4,-3,3
TraesCS7D02G135200,4,7,-3,3
TraesCS2D02G305300,2,5,-3,3
TraesCS5D02G059700,1,4,-3,3
TraesCS2A02G448300,1,4,-3,3
TraesCS3B02G561000,8,11,-3,3
TraesCS3A02G234600,2,5,-3,3
TraesCS6D02G003200,2,5,-3,3
TraesCS3D02G157100,1,5,-4,4
TraesCS4B02G292900,6,10,-4,4
TraesCS5A02G538600,3,7,-4,4
TraesCS1D02G421200,1,5,-4,4
TraesCS1A02G223600,4,8,-4,4
TraesCS7A02G304500,1,5,-4,4
TraesCS3D02G505200,17,21,-4,4
TraesCS3B02G349300,0,4,-4,4
TraesCS7A02G338500,1,5,-4,4
TraesCS2B02G390700,1,5,-4,4
TraesCS3D02G008300,1,5,-4,4
TraesCS5A02G432600,1,5,-4,4
TraesCS6B02G027800,2,6,-4,4
TraesCS7A02G308800,1,5,-4,4
TraesCS7D02G087300,1,5,-4,4
TraesCS7D02G488300,0,4,-4,4
TraesCS2B02G434100,2,7,-5,5
TraesCS2D02G286300,1,6,-5,5
TraesCS3A02G317100,0,5,-5,5
TraesCS3D02G314100,1,6,-5,5
TraesCS1B02G088900,1,6,-5,5
TraesCS1A02G228800,0,5,-5,5
TraesCS5A02G494800,1,6,-5,5
TraesCS7D02G419400,1,6,-5,5
TraesCS6A02G330500,4,10,-6,6
TraesCS4B02G173600,1,7,-6,6
TraesCS7A02G189200,23,29,-6,6
TraesCS5B02G211000,2,8,-6,6
TraesCS5D02G159800,7,13,-6,6
TraesCS6D02G238900,2,9,-7,7
TraesCS7A02G130700,9,16,-7,7
TraesCS2A02G326600,4,11,-7,7
TraesCS4A02G007900,1,8,-7,7
TraesCS4D02G295900,1,8,-7,7
TraesCS4D02G296000,2,9,-7,7
TraesCS6D02G103500,3,10,-7,7
TraesCS7B02G191400,1,8,-7,7
TraesCS2A02G505600,1,9,-8,8
TraesCS6A02G097700,1,9,-8,8
TraesCS6B02G142000,3,11,-8,8
TraesCS1B02G443800,2,10,-8,8
TraesCS5B02G243800,1,9,-8,8
TraesCS3B02G125500,1,9,-8,8
TraesCS4A02G006100,25,33,-8,8
TraesCS2D02G214100,1,9,-8,8
TraesCS5D02G397300,0,9,-9,9
TraesCS1B02G076300,2,11,-9,9
TraesCS7A02G250900,1,10,-9,9
TraesCS5A02G155900,34,43,-9,9
TraesCS7B02G121800,12,21,-9,9
TraesCS4D02G297900,17,26,-9,9
TraesCS2B02G228900,4,13,-9,9
TraesCS3A02G497600,7,16,-9,9
TraesCS4A02G007800,1,10,-9,9
TraesCS1D02G422700,1,10,-9,9
TraesCS5B02G552600,2,11,-9,9
TraesCS5A02G387400,1,11,-10,10
TraesCS1D02G275400,24,34,-10,10
TraesCS2D02G444300,1,11,-10,10
TraesCS7B02G031000,16,26,-10,10
TraesCS7B02G036500,6,16,-10,10
TraesCS2A02G101900,2,12,-10,10
TraesCS6D02G315700,1,12,-11,11
TraesCS1B02G285000,26,37,-11,11
TraesCS2B02G119000,1,12,-11,11
TraesCS6D02G096300,1,13,-12,12
TraesCS2B02G436100,1,14,-13,13
TraesCS4D02G362800,5,18,-13,13
TraesCS7B02G094000,30,43,-13,13
TraesCS5A02G212800,2,15,-13,13
TraesCS2A02G102000,1,15,-14,14
TraesCS2A02G201800,3,17,-14,14
TraesCS2D02G101400,1,15,-14,14
TraesCS5A02G295200,5,19,-14,14
TraesCS2D02G545500,12,27,-15,15
TraesCS1B02G256000,24,40,-16,16
TraesCS1D02G244500,19,35,-16,16
TraesCS4D02G051600,15,31,-16,16
TraesCS6D02G268100,21,37,-16,16
TraesCS2D02G047500,1,17,-16,16
TraesCS1A02G244800,22,39,-17,17
TraesCS5B02G375500,8,25,-17,17
TraesCS1A02G415200,6,23,-17,17
TraesCS3A02G347200,1,19,-18,18
TraesCS2D02G414300,4,23,-19,19
TraesCS5D02G530600,1,20,-19,19
TraesCS7D02G208000,24,44,-20,20
TraesCS6A02G287400,16,37,-21,21
TraesCS7B02G112400,22,44,-22,22
TraesCS5D02G302800,9,31,-22,22
TraesCS6A02G108300,1,24,-23,23
TraesCS1A02G413800,1,26,-25,25
TraesCS5D02G219300,4,29,-25,25
TraesCS3B02G438800,2,28,-26,26
TraesCS5B02G394700,18,44,-26,26
TraesCS6B02G316700,20,48,-28,28
TraesCS2B02G119100,1,34,-33,33
TraesCS4A02G131000,1,34,-33,33
TraesCS2A02G389400,1,37,-36,36
TraesCS3D02G319200,2,39,-37,37
TraesCS7D02G149000,15,55,-40,40
TraesCS3B02G354900,3,45,-42,42
TraesCS2B02G430900,9,56,-47,47
TraesCS7D02G039100,7,69,-62,62
TraesCS3A02G325800,2,67,-65,65
TraesCS3B02G306300,91,2856,-2765,2765
