TF_name,TF_family,TAM111,TAM112,diff,abs_diff
TraesCS7B02G248300,CCAAT_HAP5,343,16,327,327
TraesCS7D02G344400,CCAAT_HAP5,125,16,109,109
TraesCS7A02G336700,CCAAT_HAP5,97,9,88,88
TraesCS5B02G043100,MYB-related,68,0,68,68
TraesCS7A02G194700,NAC,55,39,16,16
TraesCS5A02G155900,C2C2_Dof,40,21,19,19
TraesCS7D02G216600,CCAAT_Dr1,36,9,27,27
TraesCS5B02G154100,C2C2_Dof,35,19,16,16
TraesCS7B02G100300,NAC,34,19,15,15
TraesCS7A02G205100,MYB-related,31,31,0,0
TraesCS5A02G245900,NAC,27,23,4,4
TraesCS7D02G135700,MYB-related,25,17,8,8
TraesCS7B02G094000,NAC,24,24,0,0
TraesCS1B02G285000,MYB-related,23,31,-8,8
TraesCS2D02G234000,MYB-related,22,5,17,17
TraesCS7D02G196300,NAC,21,19,2,2
TraesCS7B02G112400,MYB-related,20,41,-21,21
TraesCS1A02G275800,MYB-related,19,15,4,4
TraesCS6D02G268100,CCAAT_Dr1,18,41,-23,23
TraesCS4B02G299000,MYB-related,18,2,16,16
TraesCS7D02G208000,MYB-related,18,38,-20,20
TraesCS4A02G006100,MYB-related,17,20,-3,3
TraesCS7B02G031000,MYB-related,17,10,7,7
TraesCS7D02G543500,NAC,17,30,-13,13
TraesCS3D02G505200,PLATZ,17,19,-2,2
TraesCS5A02G529300,AS2/LOB,16,7,9,9
TraesCS7A02G189200,NAC,16,24,-8,8
TraesCS7B02G489500,NAC,16,23,-7,7
TraesCS5D02G161000,C2C2_Dof,15,2,13,13
TraesCS6A02G287400,CCAAT_Dr1,14,36,-22,22
TraesCS7D02G130100,MYB-related,14,6,8,8
TraesCS3D02G412800,ABI3/VP1,13,8,5,5
TraesCS6B02G316700,CCAAT_Dr1,13,50,-37,37
TraesCS7B02G121800,CCAAT_Dr1,13,8,5,5
TraesCS4D02G289600,CCAAT_HAP2,13,5,8,8
TraesCS3B02G561000,PLATZ,13,15,-2,2
TraesCS7A02G214500,CCAAT_Dr1,12,12,0,0
TraesCS7B02G121900,CCAAT_Dr1,11,4,7,7
TraesCS3A02G368700,MYB-related,11,3,8,8
TraesCS7B02G036500,MYB-related,11,7,4,4
TraesCS7A02G569100,NAC,11,28,-17,17
TraesCS7D02G154200,NAC,11,33,-22,22
TraesCS5D02G253100,HD_PLINC,10,17,-7,7
TraesCS1D02G225200,MYB-related,10,5,5,5
TraesCS1D02G275400,MYB-related,10,24,-14,14
TraesCS3A02G077900,NAC,10,7,3,3
TraesCS3D02G078500,NAC,10,10,0,0
TraesCS1A02G244800,AP2/EREBP,9,53,-44,44
TraesCS1B02G256000,AP2/EREBP,9,56,-47,47
TraesCS1D02G244500,AP2/EREBP,9,46,-37,37
TraesCS2A02G172500,CCAAT_HAP2,9,4,5,5
TraesCS3B02G092800,NAC,9,8,1,1
TraesCS7A02G152500,NAC,9,17,-8,8
TraesCS7B02G056300,NAC,9,12,-3,3
TraesCS3B02G452200,ABI3/VP1,8,14,-6,6
TraesCS4D02G354200,AS2/LOB,8,12,-4,4
TraesCS4D02G362800,C2C2_GATA,8,22,-14,14
TraesCS2B02G252000,MYB-related,8,3,5,5
TraesCS3B02G400200,MYB-related,8,1,7,7
TraesCS3D02G361600,MYB-related,8,1,7,7
TraesCS7A02G130700,MYB-related,8,5,3,3
TraesCS2D02G336300,NAC,8,3,5,5
TraesCS7D02G543400,NAC,8,10,-2,2
TraesCS1D02G351600,WRKY,8,3,5,5
TraesCS5D02G320800,AP2/EREBP,7,14,-7,7
TraesCS4B02G361100,AS2/LOB,7,15,-8,8
TraesCS4B02G290400,CCAAT_HAP2,7,3,4,4
TraesCS5A02G153000,GARP_G2-like,7,8,-1,1
TraesCS6D02G315700,GRF,7,11,-4,4
TraesCS3A02G417300,ABI3/VP1,6,11,-5,5
TraesCS2B02G434100,AP2/EREBP,6,4,2,2
TraesCS6A02G114100,bHLH,6,1,5,5
TraesCS7A02G214700,CCAAT_Dr1,6,13,-7,7
TraesCS2D02G179600,CCAAT_HAP2,6,4,2,2
TraesCS4D02G297900,MYB-related,6,6,0,0
TraesCS3A02G497600,PLATZ,6,10,-4,4
TraesCS3B02G438800,ABI3/VP1,5,16,-11,11
TraesCS2D02G461700,bHLH,5,2,3,3
TraesCS4D02G051600,bHLH,5,35,-30,30
TraesCS5A02G538600,C2C2_GATA,5,15,-10,10
TraesCS2B02G198700,CCAAT_HAP2,5,6,-1,1
TraesCS5D02G383000,CCAAT_HAP2,5,13,-8,8
TraesCS5B02G151800,GARP_G2-like,5,11,-6,6
TraesCS5B02G054200,NAC,5,3,2,2
TraesCS5D02G148900,NAC,5,4,1,1
TraesCS1A02G348600,WRKY,5,1,4,4
TraesCS7A02G399500,ABI3/VP1,4,2,2,2
TraesCS2B02G529200,AP2/EREBP,4,4,0,0
TraesCS2B02G572500,AP2/EREBP,4,3,1,1
TraesCS3B02G412500,AP2/EREBP,4,3,1,1
TraesCS4A02G011600,AP2/EREBP,4,19,-15,15
TraesCS6A02G330500,AP2/EREBP,4,7,-3,3
TraesCS6D02G084900,AP2/EREBP,4,9,-5,5
TraesCS5B02G375500,CCAAT_HAP2,4,22,-18,18
TraesCS4A02G180900,GARP_G2-like,4,8,-4,4
TraesCS6D02G238900,GRF,4,6,-2,2
TraesCS3A02G325800,HD-Zip_IV,4,65,-61,61
TraesCS3B02G354900,HD-Zip_IV,4,57,-53,53
TraesCS3D02G319200,HD-Zip_IV,4,47,-43,43
TraesCS1A02G096800,MYB-related,4,0,4,4
TraesCS1B02G236900,MYB-related,4,4,0,0
TraesCS2A02G326600,NAC,4,1,3,3
TraesCS2A02G101900,NAC,4,13,-9,9
TraesCS2A02G325900,NAC,4,2,2,2
TraesCS6D02G096300,NAC,4,21,-17,17
TraesCS7A02G569300,NAC,4,4,0,0
TraesCS2A02G554300,ABI3/VP1,3,13,-10,10
TraesCS2D02G560000,ABI3/VP1,3,5,-2,2
TraesCS1B02G076300,AP2/EREBP,3,10,-7,7
TraesCS1D02G059200,AP2/EREBP,3,5,-2,2
TraesCS2A02G505600,AP2/EREBP,3,10,-7,7
TraesCS4A02G123800,AP2/EREBP,3,7,-4,4
TraesCS5A02G314600,AP2/EREBP,3,9,-6,6
TraesCS6B02G361400,AP2/EREBP,3,3,0,0
TraesCS7D02G483200,AP2/EREBP,3,8,-5,5
TraesCS7A02G354800,BES1,3,2,1,1
TraesCS6B02G142000,bHLH,3,9,-6,6
TraesCS7D02G216800,CCAAT_Dr1,3,2,1,1
TraesCS6A02G335400,CCAAT_HAP2,3,3,0,0
TraesCS6D02G315300,CCAAT_HAP2,3,2,1,1
TraesCS5A02G401600,GARP_G2-like,3,3,0,0
TraesCS5B02G406300,GARP_G2-like,3,6,-3,3
TraesCS7A02G411100,GARP_G2-like,3,3,0,0
TraesCS7D02G404100,GARP_G2-like,3,3,0,0
TraesCS5A02G043400,HD,3,3,0,0
TraesCS1A02G087700,HD_PLINC,3,0,3,3
TraesCS5B02G243800,HD_PLINC,3,7,-4,4
TraesCS4A02G405800,HD-Zip_I_II,3,3,0,0
TraesCS2B02G232000,HSF,3,3,0,0
TraesCS5D02G393200,HSF,3,1,2,2
TraesCS2B02G583800,MYB-related,3,4,-1,1
TraesCS1A02G223600,MYB-related,3,1,2,2
TraesCS2A02G230400,MYB-related,3,3,0,0
TraesCS7D02G135200,MYB-related,3,3,0,0
TraesCSU02G069000,MYB-related,3,5,-2,2
TraesCS2A02G201800,NAC,3,12,-9,9
TraesCS2D02G100700,NAC,3,1,2,2
TraesCS2D02G214100,NAC,3,16,-13,13
TraesCS3A02G078400,NAC,3,2,1,1
TraesCS6A02G108300,NAC,3,18,-15,15
TraesCS7B02G314400,TAZ,3,1,2,2
TraesCS2D02G122900,TUB,3,1,2,2
TraesCS2B02G454300,WRKY,3,2,1,1
TraesCS5A02G156700,WRKY,3,0,3,3
TraesCS5A02G381000,WRKY,3,1,2,2
TraesCS2B02G589800,ABI3/VP1,2,7,-5,5
TraesCS3A02G249100,ABI3/VP1,2,4,-2,2
TraesCS3A02G405100,ABI3/VP1,2,5,-3,3
TraesCS3B02G278000,ABI3/VP1,2,4,-2,2
TraesCS3D02G249100,ABI3/VP1,2,7,-5,5
TraesCS4A02G055500,ABI3/VP1,2,2,0,0
TraesCS4B02G073600,ABI3/VP1,2,3,-1,1
TraesCS5B02G073800,ABI3/VP1,2,1,1,1
TraesCS6D02G384000,ABI3/VP1,2,1,1,1
TraesCS7A02G062700,ABI3/VP1,2,0,2,2
TraesCS1A02G272300,AP2/EREBP,2,1,1,1
TraesCS1B02G282300,AP2/EREBP,2,1,1,1
TraesCS2B02G127800,AP2/EREBP,2,0,2,2
TraesCS2D02G506500,AP2/EREBP,2,3,-1,1
TraesCS3A02G259900,AP2/EREBP,2,0,2,2
TraesCS4B02G180600,AP2/EREBP,2,6,-4,4
TraesCS4B02G292900,AP2/EREBP,2,6,-4,4
TraesCS4D02G182100,AP2/EREBP,2,9,-7,7
TraesCS6A02G097700,AP2/EREBP,2,8,-6,6
TraesCS6B02G125900,AP2/EREBP,2,4,-2,2
TraesCS6D02G084200,AP2/EREBP,2,5,-3,3
TraesCS7A02G250900,AP2/EREBP,2,2,0,0
TraesCS2D02G491200,ARF,2,1,1,1
TraesCS2D02G548900,ARF,2,1,1,1
TraesCS3D02G434700,ARF,2,0,2,2
TraesCS7D02G250100,ARF,2,2,0,0
TraesCS2A02G194500,AS2/LOB,2,3,-1,1
TraesCS2B02G212400,AS2/LOB,2,3,-1,1
TraesCS2D02G193400,AS2/LOB,2,3,-1,1
TraesCS4D02G078800,AS2/LOB,2,2,0,0
TraesCS6A02G085800,BES1,2,0,2,2
TraesCS7B02G272900,BES1,2,2,0,0
TraesCS2A02G461700,bHLH,2,3,-1,1
TraesCS3A02G442200,bHLH,2,4,-2,2
TraesCS3D02G434900,bHLH,2,4,-2,2
TraesCS3A02G140100,bHLH_TCP,2,4,-2,2
TraesCS5B02G032000,bHLH_TCP,2,1,1,1
TraesCS2A02G353900,C2C2_CO-like,2,2,0,0
TraesCS3A02G306800,C2C2_Dof,2,4,-2,2
TraesCS3B02G210300,C2C2_Dof,2,2,0,0
TraesCS7B02G264800,C2C2_GATA,2,3,-1,1
TraesCS7D02G359900,C2C2_GATA,2,3,-1,1
TraesCS4B02G245900,C2C2_YABBY,2,1,1,1
TraesCS2A02G102300,C3H,2,1,1,1
TraesCS5B02G502600,C3H,2,0,2,2
TraesCS1B02G297900,CCAAT_Dr1,2,0,2,2
TraesCS6B02G366100,CCAAT_HAP2,2,6,-4,4
TraesCS2D02G295300,E2F/DP,2,0,2,2
TraesCS2B02G335400,FHA,2,3,-1,1
TraesCS4D02G131500,GARP_G2-like,2,4,-2,2
TraesCS5D02G158300,GARP_G2-like,2,6,-4,4
TraesCS5D02G411800,GARP_G2-like,2,3,-1,1
TraesCS4B02G124000,GRAS,2,3,-1,1
TraesCS4D02G127800,GRAS,2,1,1,1
TraesCS4D02G338800,GRAS,2,8,-6,6
TraesCS2A02G305400,HD_PLINC,2,1,1,1
TraesCS2D02G303900,HD_PLINC,2,1,1,1
TraesCS5B02G225700,HD_PLINC,2,1,1,1
TraesCS1B02G232700,HD-Zip_I_II,2,1,1,1
TraesCS4B02G287600,HD-Zip_I_II,2,15,-13,13
TraesCS4B02G305300,HD-Zip_I_II,2,1,1,1
TraesCS6A02G290800,HD-Zip_I_II,2,2,0,0
TraesCS6D02G304300,HD-Zip_IV,2,5,-3,3
TraesCS7D02G270600,HSF,2,3,-1,1
TraesCS1D02G382900,HSF,2,2,0,0
TraesCS5D02G244800,HSF,2,14,-12,12
TraesCS4B02G346700,MADS_II,2,0,2,2
TraesCS7D02G540700,MYB-related,2,0,2,2
TraesCS1A02G042700,MYB-related,2,4,-2,2
TraesCS1B02G122500,MYB-related,2,0,2,2
TraesCS2A02G456600,MYB-related,2,1,1,1
TraesCS3A02G375500,MYB-related,2,1,1,1
TraesCS3B02G612200,MYB-related,2,6,-4,4
TraesCS4B02G096500,MYB-related,2,2,0,0
TraesCS4D02G142900,MYB-related,2,4,-2,2
TraesCS5D02G093100,MYB-related,2,4,-2,2
TraesCS5D02G128200,MYB-related,2,1,1,1
TraesCS6D02G245900,MYB-related,2,0,2,2
TraesCS7A02G415800,MYB-related,2,3,-1,1
TraesCS1A02G266300,NAC,2,1,1,1
TraesCS1D02G266500,NAC,2,1,1,1
TraesCS2B02G228900,NAC,2,19,-17,17
TraesCS2B02G355300,NAC,2,2,0,0
TraesCS3B02G093300,NAC,2,4,-2,2
TraesCS4A02G131000,NAC,2,53,-51,51
TraesCS5A02G049100,NAC,2,0,2,2
TraesCS5A02G143100,NAC,2,3,-1,1
TraesCS5A02G468300,NAC,2,0,2,2
TraesCS5D02G059700,NAC,2,8,-6,6
TraesCS7A02G464800,NAC,2,3,-1,1
TraesCS7D02G365200,NAC,2,2,0,0
TraesCS7D02G451700,NAC,2,1,1,1
TraesCS3B02G560600,PLATZ,2,5,-3,3
TraesCS3D02G505000,PLATZ,2,4,-2,2
TraesCS7A02G394800,PLATZ,2,3,-1,1
TraesCS7B02G296800,PLATZ,2,4,-2,2
TraesCS4A02G105300,Pseudo ARR-B,2,3,-1,1
TraesCS2B02G422400,RWP-RK,2,1,1,1
TraesCS5A02G114700,Sir2,2,1,1,1
TraesCS3A02G491500,SRS,2,2,0,0
TraesCS7A02G422900,tify,2,1,1,1
TraesCS3B02G379200,WRKY,2,2,0,0
TraesCS5B02G384600,WRKY,2,1,1,1
TraesCS5D02G390800,WRKY,2,1,1,1
TraesCS7A02G343000,WRKY,2,0,2,2
TraesCS7D02G336400,WRKY,2,0,2,2
TraesCS7D02G345700,WRKY,2,2,0,0
TraesCS5B02G297100,ABI3/VP1,1,1,0,0
TraesCS5D02G304900,ABI3/VP1,1,1,0,0
TraesCS1A02G075800,ABI3/VP1,1,1,0,0
TraesCS1D02G078100,ABI3/VP1,1,0,1,1
TraesCS1D02G302100,ABI3/VP1,1,0,1,1
TraesCS2A02G144100,ABI3/VP1,1,0,1,1
TraesCS2A02G465700,ABI3/VP1,1,1,0,0
TraesCS2B02G168900,ABI3/VP1,1,0,1,1
TraesCS2B02G178300,ABI3/VP1,1,2,-1,1
TraesCS2B02G487800,ABI3/VP1,1,1,0,0
TraesCS2D02G466100,ABI3/VP1,1,1,0,0
TraesCS3A02G285500,ABI3/VP1,1,2,-1,1
TraesCS3B02G319400,ABI3/VP1,1,1,0,0
TraesCS3D02G285300,ABI3/VP1,1,1,0,0
TraesCS3D02G504400,ABI3/VP1,1,0,1,1
TraesCS4A02G053000,ABI3/VP1,1,0,1,1
TraesCS4A02G214700,ABI3/VP1,1,0,1,1
TraesCS4A02G241500,ABI3/VP1,1,1,0,0
TraesCS4A02G363200,ABI3/VP1,1,2,-1,1
TraesCS4B02G101400,ABI3/VP1,1,0,1,1
TraesCS4B02G251500,ABI3/VP1,1,0,1,1
TraesCS4B02G301400,ABI3/VP1,1,3,-2,2
TraesCS4D02G071900,ABI3/VP1,1,1,0,0
TraesCS4D02G098100,ABI3/VP1,1,0,1,1
TraesCS4D02G251500,ABI3/VP1,1,0,1,1
TraesCS4D02G299700,ABI3/VP1,1,1,0,0
TraesCS5A02G090100,ABI3/VP1,1,1,0,0
TraesCS5A02G127100,ABI3/VP1,1,1,0,0
TraesCS5A02G363800,ABI3/VP1,1,1,0,0
TraesCS5A02G387400,ABI3/VP1,1,18,-17,17
TraesCS5A02G438600,ABI3/VP1,1,2,-1,1
TraesCS5A02G482700,ABI3/VP1,1,1,0,0
TraesCS5B02G095900,ABI3/VP1,1,0,1,1
TraesCS5B02G365800,ABI3/VP1,1,1,0,0
TraesCS5B02G510500,ABI3/VP1,1,0,1,1
TraesCS5D02G372900,ABI3/VP1,1,0,1,1
TraesCS5D02G496300,ABI3/VP1,1,0,1,1
TraesCS5D02G514900,ABI3/VP1,1,2,-1,1
TraesCS5D02G515100,ABI3/VP1,1,0,1,1
TraesCS5D02G515200,ABI3/VP1,1,1,0,0
TraesCS6A02G213000,ABI3/VP1,1,0,1,1
TraesCS6B02G440000,ABI3/VP1,1,0,1,1
TraesCS7A02G329600,ABI3/VP1,1,2,-1,1
TraesCS7A02G417300,ABI3/VP1,1,1,0,0
TraesCS7D02G326300,ABI3/VP1,1,1,0,0
TraesCS7D02G388100,ABI3/VP1,1,3,-2,2
TraesCSU02G075300,ABI3/VP1,1,1,0,0
TraesCS1A02G221900,AP2/EREBP,1,1,0,0
TraesCS1A02G242800,AP2/EREBP,1,1,0,0
TraesCS1A02G314300,AP2/EREBP,1,0,1,1
TraesCS1B02G233300,AP2/EREBP,1,1,0,0
TraesCS1B02G235100,AP2/EREBP,1,1,0,0
TraesCS1B02G307000,AP2/EREBP,1,1,0,0
TraesCS1B02G326600,AP2/EREBP,1,0,1,1
TraesCS1D02G221500,AP2/EREBP,1,1,0,0
TraesCS1D02G223600,AP2/EREBP,1,1,0,0
TraesCS1D02G230900,AP2/EREBP,1,1,0,0
TraesCS1D02G242800,AP2/EREBP,1,5,-4,4
TraesCS1D02G314800,AP2/EREBP,1,0,1,1
TraesCS1D02G418900,AP2/EREBP,1,0,1,1
TraesCS2A02G185600,AP2/EREBP,1,1,0,0
TraesCS2A02G288000,AP2/EREBP,1,1,0,0
TraesCS2A02G417300,AP2/EREBP,1,0,1,1
TraesCS2A02G427700,AP2/EREBP,1,2,-1,1
TraesCS2A02G503100,AP2/EREBP,1,0,1,1
TraesCS2A02G514300,AP2/EREBP,1,1,0,0
TraesCS2A02G542700,AP2/EREBP,1,3,-2,2
TraesCS2B02G436300,AP2/EREBP,1,1,0,0
TraesCS2B02G448100,AP2/EREBP,1,3,-2,2
TraesCS2B02G531100,AP2/EREBP,1,2,-1,1
TraesCS2B02G534000,AP2/EREBP,1,1,0,0
TraesCS2D02G286300,AP2/EREBP,1,15,-14,14
TraesCS2D02G412200,AP2/EREBP,1,1,0,0
TraesCS2D02G414300,AP2/EREBP,1,29,-28,28
TraesCS2D02G414600,AP2/EREBP,1,0,1,1
TraesCS2D02G425700,AP2/EREBP,1,1,0,0
TraesCS2D02G515900,AP2/EREBP,1,2,-1,1
TraesCS2D02G543900,AP2/EREBP,1,3,-2,2
TraesCS3A02G099200,AP2/EREBP,1,1,0,0
TraesCS3A02G328000,AP2/EREBP,1,1,0,0
TraesCS3A02G379900,AP2/EREBP,1,1,0,0
TraesCS3B02G115400,AP2/EREBP,1,1,0,0
TraesCS3B02G158800,AP2/EREBP,1,15,-14,14
TraesCS3B02G293000,AP2/EREBP,1,0,1,1
TraesCS3D02G099500,AP2/EREBP,1,1,0,0
TraesCS3D02G260100,AP2/EREBP,1,1,0,0
TraesCS3D02G321500,AP2/EREBP,1,1,0,0
TraesCS3D02G321700,AP2/EREBP,1,1,0,0
TraesCS3D02G372900,AP2/EREBP,1,3,-2,2
TraesCS4A02G005400,AP2/EREBP,1,2,-1,1
TraesCS4B02G299700,AP2/EREBP,1,0,1,1
TraesCS4D02G002400,AP2/EREBP,1,0,1,1
TraesCS4D02G120200,AP2/EREBP,1,1,0,0
TraesCS4D02G291300,AP2/EREBP,1,2,-1,1
TraesCS4D02G298600,AP2/EREBP,1,1,0,0
TraesCS5A02G141700,AP2/EREBP,1,0,1,1
TraesCS5A02G215900,AP2/EREBP,1,1,0,0
TraesCS5A02G473800,AP2/EREBP,1,1,0,0
TraesCS5B02G315500,AP2/EREBP,1,4,-3,3
TraesCS5B02G344200,AP2/EREBP,1,0,1,1
TraesCS6A02G131200,AP2/EREBP,1,1,0,0
TraesCS6A02G235100,AP2/EREBP,1,1,0,0
TraesCS6A02G301900,AP2/EREBP,1,2,-1,1
TraesCS6A02G306300,AP2/EREBP,1,0,1,1
TraesCS6B02G159600,AP2/EREBP,1,1,0,0
TraesCS6B02G280800,AP2/EREBP,1,2,-1,1
TraesCS6B02G334700,AP2/EREBP,1,0,1,1
TraesCS6D02G161300,AP2/EREBP,1,1,0,0
TraesCS6D02G225700,AP2/EREBP,1,6,-5,5
TraesCS6D02G281200,AP2/EREBP,1,3,-2,2
TraesCS6D02G285400,AP2/EREBP,1,0,1,1
TraesCS7A02G128800,AP2/EREBP,1,0,1,1
TraesCS7A02G158000,AP2/EREBP,1,0,1,1
TraesCS7A02G292900,AP2/EREBP,1,1,0,0
TraesCS7B02G074500,AP2/EREBP,1,1,0,0
TraesCS7D02G127600,AP2/EREBP,1,2,-1,1
TraesCS7D02G158500,AP2/EREBP,1,0,1,1
TraesCS7D02G170600,AP2/EREBP,1,4,-3,3
TraesCS7D02G250700,AP2/EREBP,1,4,-3,3
TraesCS7D02G292500,AP2/EREBP,1,1,0,0
TraesCS1B02G173700,ARF,1,0,1,1
TraesCS2A02G547800,ARF,1,1,0,0
TraesCS2B02G519200,ARF,1,0,1,1
TraesCS2B02G578500,ARF,1,2,-1,1
TraesCS3A02G159200,ARF,1,1,0,0
TraesCS3A02G292400,ARF,1,0,1,1
TraesCS3A02G442000,ARF,1,0,1,1
TraesCS3A02G449300,ARF,1,0,1,1
TraesCS3B02G190100,ARF,1,0,1,1
TraesCS3B02G475800,ARF,1,0,1,1
TraesCS3D02G166700,ARF,1,1,0,0
TraesCS3D02G245400,ARF,1,2,-1,1
TraesCS3D02G292100,ARF,1,0,1,1
TraesCS5A02G038300,ARF,1,1,0,0
TraesCS5B02G039800,ARF,1,1,0,0
TraesCS5D02G045700,ARF,1,1,0,0
TraesCS6A02G113000,ARF,1,0,1,1
TraesCS6B02G141300,ARF,1,2,-1,1
TraesCS7A02G252000,ARF,1,1,0,0
TraesCS7A02G475700,ARF,1,2,-1,1
TraesCS7B02G138900,ARF,1,0,1,1
TraesCS7B02G316600,ARF,1,1,0,0
TraesCS7B02G363100,ARF,1,0,1,1
TraesCS7D02G463000,ARF,1,1,0,0
TraesCS2D02G245500,ARID,1,0,1,1
TraesCS6A02G189700,ARID,1,1,0,0
TraesCS6B02G218500,ARID,1,0,1,1
TraesCS6B02G308000,ARID,1,0,1,1
TraesCS2D02G270100,AS2/LOB,1,0,1,1
TraesCS3B02G106900,AS2/LOB,1,5,-4,4
TraesCS3D02G091700,AS2/LOB,1,2,-1,1
TraesCS4A02G067300,AS2/LOB,1,1,0,0
TraesCS4B02G224600,AS2/LOB,1,1,0,0
TraesCS4B02G361200,AS2/LOB,1,6,-5,5
TraesCS4D02G354100,AS2/LOB,1,16,-15,15
TraesCS4B02G230700,BBR/BPC,1,0,1,1
TraesCS4D02G231900,BBR/BPC,1,0,1,1
TraesCS2D02G199900,BES1,1,3,-2,2
TraesCS4D02G006100,BES1,1,0,1,1
TraesCS7D02G368000,BES1,1,1,0,0
TraesCS1B02G100400,bHLH,1,0,1,1
TraesCS1A02G083000,bHLH,1,0,1,1
TraesCS1A02G102400,bHLH,1,1,0,0
TraesCS1A02G193200,bHLH,1,0,1,1
TraesCS1B02G113100,bHLH,1,0,1,1
TraesCS1B02G208000,bHLH,1,0,1,1
TraesCS1D02G084200,bHLH,1,1,0,0
TraesCS1D02G196900,bHLH,1,0,1,1
TraesCS2A02G253900,bHLH,1,1,0,0
TraesCS2B02G273500,bHLH,1,3,-2,2
TraesCS2B02G483300,bHLH,1,1,0,0
TraesCS2D02G254400,bHLH,1,1,0,0
TraesCS3A02G142900,bHLH,1,15,-14,14
TraesCS3A02G204800,bHLH,1,1,0,0
TraesCS3B02G476000,bHLH,1,3,-2,2
TraesCS3D02G210600,bHLH,1,1,0,0
TraesCS4A02G060200,bHLH,1,0,1,1
TraesCS4B02G056600,bHLH,1,1,0,0
TraesCS5A02G264800,bHLH,1,3,-2,2
TraesCS5A02G376500,bHLH,1,3,-2,2
TraesCS5A02G420200,bHLH,1,4,-3,3
TraesCS5B02G264300,bHLH,1,0,1,1
TraesCS5B02G380200,bHLH,1,2,-1,1
TraesCS5B02G422000,bHLH,1,4,-3,3
TraesCS5D02G272800,bHLH,1,0,1,1
TraesCS5D02G386500,bHLH,1,1,0,0
TraesCS5D02G428400,bHLH,1,4,-3,3
TraesCS6A02G288100,bHLH,1,0,1,1
TraesCS6A02G358400,bHLH,1,1,0,0
TraesCS6D02G270900,bHLH,1,1,0,0
TraesCS6D02G341200,bHLH,1,2,-1,1
TraesCS6D02G357700,bHLH,1,0,1,1
TraesCS7A02G245800,bHLH,1,0,1,1
TraesCS7A02G311800,bHLH,1,2,-1,1
TraesCS7A02G340300,bHLH,1,0,1,1
TraesCS7A02G543300,bHLH,1,0,1,1
TraesCS7B02G026300,bHLH,1,2,-1,1
TraesCS7B02G211600,bHLH,1,4,-3,3
TraesCS7B02G251900,bHLH,1,0,1,1
TraesCS7D02G244300,bHLH,1,1,0,0
TraesCS7D02G308300,bHLH,1,0,1,1
TraesCS7D02G347900,bHLH,1,0,1,1
TraesCS2A02G251100,bHLH_TCP,1,2,-1,1
TraesCS2B02G265800,bHLH_TCP,1,3,-2,2
TraesCS2D02G252100,bHLH_TCP,1,4,-3,3
TraesCS3A02G436100,bHLH_TCP,1,1,0,0
TraesCS3B02G470700,bHLH_TCP,1,0,1,1
TraesCS3D02G146900,bHLH_TCP,1,1,0,0
TraesCS3D02G428700,bHLH_TCP,1,1,0,0
TraesCS5A02G031900,bHLH_TCP,1,3,-2,2
TraesCS5A02G121800,bHLH_TCP,1,2,-1,1
TraesCS5B02G516200,bHLH_TCP,1,0,1,1
TraesCS5D02G040100,bHLH_TCP,1,1,0,0
TraesCS6A02G412800,bHLH_TCP,1,1,0,0
TraesCS6B02G462100,bHLH_TCP,1,5,-4,4
TraesCS6D02G397000,bHLH_TCP,1,1,0,0
TraesCS2B02G372000,C2C2_CO-like,1,1,0,0
TraesCS2D02G351900,C2C2_CO-like,1,1,0,0
TraesCS4B02G045700,C2C2_CO-like,1,2,-1,1
TraesCS4D02G046200,C2C2_CO-like,1,3,-2,2
TraesCS5B02G163500,C2C2_CO-like,1,2,-1,1
TraesCS6B02G179000,C2C2_CO-like,1,1,0,0
TraesCS7A02G218600,C2C2_CO-like,1,0,1,1
TraesCS7D02G220300,C2C2_CO-like,1,0,1,1
TraesCS1A02G334100,C2C2_Dof,1,0,1,1
TraesCS1B02G347400,C2C2_Dof,1,1,0,0
TraesCS1D02G336600,C2C2_Dof,1,1,0,0
TraesCS2A02G225900,C2C2_Dof,1,1,0,0
TraesCS2A02G590800,C2C2_Dof,1,1,0,0
TraesCS2A02G591000,C2C2_Dof,1,2,-1,1
TraesCS2A02G591200,C2C2_Dof,1,0,1,1
TraesCS2B02G118000,C2C2_Dof,1,0,1,1
TraesCS2B02G249200,C2C2_Dof,1,0,1,1
TraesCS2B02G592600,C2C2_Dof,1,6,-5,5
TraesCS2B02G592800,C2C2_Dof,1,2,-1,1
TraesCS2D02G563100,C2C2_Dof,1,1,0,0
TraesCS2D02G563200,C2C2_Dof,1,1,0,0
TraesCS3A02G180600,C2C2_Dof,1,1,0,0
TraesCS3A02G532000,C2C2_Dof,1,0,1,1
TraesCS3D02G185500,C2C2_Dof,1,2,-1,1
TraesCS4D02G285100,C2C2_Dof,1,1,0,0
TraesCS5A02G251800,C2C2_Dof,1,0,1,1
TraesCS5B02G249800,C2C2_Dof,1,0,1,1
TraesCS5D02G259700,C2C2_Dof,1,0,1,1
TraesCS6A02G287700,C2C2_Dof,1,0,1,1
TraesCS6B02G270100,C2C2_Dof,1,0,1,1
TraesCS6B02G317100,C2C2_Dof,1,0,1,1
TraesCS6D02G236700,C2C2_Dof,1,0,1,1
TraesCS6D02G268400,C2C2_Dof,1,0,1,1
TraesCS1A02G097300,C2C2_GATA,1,0,1,1
TraesCS1B02G126600,C2C2_GATA,1,2,-1,1
TraesCS1D02G106100,C2C2_GATA,1,1,0,0
TraesCS2A02G561400,C2C2_GATA,1,0,1,1
TraesCS2B02G410200,C2C2_GATA,1,1,0,0
TraesCS2D02G386100,C2C2_GATA,1,0,1,1
TraesCS3A02G274900,C2C2_GATA,1,0,1,1
TraesCS3A02G538400,C2C2_GATA,1,1,0,0
TraesCS3B02G308500,C2C2_GATA,1,1,0,0
TraesCS3D02G274600,C2C2_GATA,1,0,1,1
TraesCS3D02G544000,C2C2_GATA,1,0,1,1
TraesCS4A02G364700,C2C2_GATA,1,0,1,1
TraesCS5B02G508800,C2C2_GATA,1,0,1,1
TraesCS5D02G508800,C2C2_GATA,1,0,1,1
TraesCS6D02G221600,C2C2_GATA,1,0,1,1
TraesCS7A02G363100,C2C2_GATA,1,4,-3,3
TraesCS2D02G205100,C2C2_YABBY,1,1,0,0
TraesCS4A02G058800,C2C2_YABBY,1,1,0,0
TraesCS4D02G245300,C2C2_YABBY,1,1,0,0
TraesCS5A02G025900,C2C2_YABBY,1,1,0,0
TraesCS5A02G371500,C2C2_YABBY,1,0,1,1
TraesCS5B02G025100,C2C2_YABBY,1,1,0,0
TraesCS5B02G373600,C2C2_YABBY,1,1,0,0
TraesCS5D02G033700,C2C2_YABBY,1,1,0,0
TraesCS5D02G380900,C2C2_YABBY,1,1,0,0
TraesCS1A02G445600,C3H,1,0,1,1
TraesCS1B02G444500,C3H,1,0,1,1
TraesCS1D02G405300,C3H,1,1,0,0
TraesCS1D02G453900,C3H,1,0,1,1
TraesCS2A02G039200,C3H,1,1,0,0
TraesCS2A02G199900,C3H,1,0,1,1
TraesCS2A02G307700,C3H,1,1,0,0
TraesCS2B02G227500,C3H,1,0,1,1
TraesCS2D02G207800,C3H,1,0,1,1
TraesCS3A02G178700,C3H,1,0,1,1
TraesCS3A02G246800,C3H,1,0,1,1
TraesCS3A02G423200,C3H,1,0,1,1
TraesCS3B02G205900,C3H,1,0,1,1
TraesCS3B02G272500,C3H,1,0,1,1
TraesCS3B02G458800,C3H,1,0,1,1
TraesCS3D02G177700,C3H,1,1,0,0
TraesCS3D02G244700,C3H,1,0,1,1
TraesCS3D02G418400,C3H,1,0,1,1
TraesCS4A02G082400,C3H,1,1,0,0
TraesCS4A02G190800,C3H,1,2,-1,1
TraesCS4B02G037000,C3H,1,0,1,1
TraesCS4D02G034300,C3H,1,0,1,1
TraesCS4D02G222000,C3H,1,0,1,1
TraesCS5A02G143400,C3H,1,1,0,0
TraesCS5A02G267500,C3H,1,2,-1,1
TraesCS5A02G423300,C3H,1,1,0,0
TraesCS5A02G488700,C3H,1,0,1,1
TraesCS5B02G142300,C3H,1,0,1,1
TraesCS5B02G425300,C3H,1,1,0,0
TraesCS5D02G148600,C3H,1,1,0,0
TraesCS5D02G431900,C3H,1,0,1,1
TraesCS6B02G310500,C3H,1,0,1,1
TraesCS7A02G228200,C3H,1,0,1,1
TraesCS7A02G402300,C3H,1,0,1,1
TraesCS7D02G226400,C3H,1,0,1,1
TraesCS7D02G294600,C3H,1,2,-1,1
TraesCS2A02G163000,CAMTA,1,0,1,1
TraesCS2A02G283800,CAMTA,1,0,1,1
TraesCS2B02G300800,CAMTA,1,0,1,1
TraesCS2D02G282800,CAMTA,1,0,1,1
TraesCS3A02G433300,CAMTA,1,0,1,1
TraesCS3D02G426700,CAMTA,1,2,-1,1
TraesCS4B02G306300,CAMTA,1,0,1,1
TraesCS5B02G521100,CAMTA,1,1,0,0
TraesCS1A02G288500,CCAAT_Dr1,1,2,-1,1
TraesCS1B02G442000,CCAAT_Dr1,1,0,1,1
TraesCS1D02G287500,CCAAT_Dr1,1,0,1,1
TraesCS3A02G352900,CCAAT_Dr1,1,0,1,1
TraesCS3B02G017400,CCAAT_Dr1,1,1,0,0
TraesCS3B02G385600,CCAAT_Dr1,1,0,1,1
TraesCS3D02G347000,CCAAT_Dr1,1,0,1,1
TraesCS4D02G033700,CCAAT_HAP2,1,1,0,0
TraesCS5A02G043300,CCAAT_HAP2,1,0,1,1
TraesCS5B02G047100,CCAAT_HAP2,1,0,1,1
TraesCS5D02G052200,CCAAT_HAP2,1,0,1,1
TraesCS4B02G008300,CCAAT_HAP3,1,3,-2,2
TraesCS1A02G310700,CCAAT_HAP5,1,1,0,0
TraesCS1D02G310200,CCAAT_HAP5,1,0,1,1
TraesCS5A02G256500,CCAAT_HAP5,1,2,-1,1
TraesCS5B02G255900,CCAAT_HAP5,1,1,0,0
TraesCS5D02G265000,CCAAT_HAP5,1,2,-1,1
TraesCS6A02G157900,CCAAT_HAP5,1,0,1,1
TraesCS7A02G239500,CCAAT_HAP5,1,1,0,0
TraesCS7B02G135000,CCAAT_HAP5,1,1,0,0
TraesCS7D02G237100,CCAAT_HAP5,1,1,0,0
TraesCS7D02G463100,CCAAT_HAP5,1,1,0,0
TraesCS1A02G327100,CPP,1,0,1,1
TraesCS1D02G329200,CPP,1,0,1,1
TraesCS3D02G297000,CPP,1,0,1,1
TraesCS4B02G028500,CPP,1,1,0,0
TraesCS5B02G062400,CPP,1,2,-1,1
TraesCS7D02G338500,CPP,1,1,0,0
TraesCS1A02G262400,CSD,1,0,1,1
TraesCS1A02G262500,CSD,1,1,0,0
TraesCS1B02G273000,CSD,1,1,0,0
TraesCS1B02G273100,CSD,1,3,-2,2
TraesCS1D02G262400,CSD,1,1,0,0
TraesCS1D02G262500,CSD,1,1,0,0
TraesCS2A02G297400,E2F/DP,1,0,1,1
TraesCS2B02G313600,E2F/DP,1,1,0,0
TraesCS4A02G036000,E2F/DP,1,0,1,1
TraesCS4B02G268800,E2F/DP,1,1,0,0
TraesCS4D02G268100,E2F/DP,1,0,1,1
TraesCS6A02G311700,E2F/DP,1,5,-4,4
TraesCS6B02G233700,E2F/DP,1,0,1,1
TraesCS6D02G291000,E2F/DP,1,2,-1,1
TraesCS2A02G099900,EIL,1,0,1,1
TraesCS4B02G175100,EIL,1,0,1,1
TraesCS3A02G461400,FHA,1,0,1,1
TraesCS3B02G204800,FHA,1,1,0,0
TraesCS3B02G504100,FHA,1,2,-1,1
TraesCS1A02G019200,FHA,1,1,0,0
TraesCS2A02G317000,FHA,1,2,-1,1
TraesCS2D02G314900,FHA,1,2,-1,1
TraesCS3A02G174400,FHA,1,1,0,0
TraesCS3A02G174900,FHA,1,1,0,0
TraesCS3B02G204600,FHA,1,4,-3,3
TraesCS3D02G180300,FHA,1,1,0,0
TraesCS3D02G180400,FHA,1,1,0,0
TraesCS4A02G206100,FHA,1,5,-4,4
TraesCS4B02G109700,FHA,1,4,-3,3
TraesCS4B02G320500,FHA,1,0,1,1
TraesCS4D02G107100,FHA,1,6,-5,5
TraesCS5B02G452800,FHA,1,0,1,1
TraesCS6D02G388400,FHA,1,2,-1,1
TraesCS7A02G257400,FHA,1,0,1,1
TraesCS7B02G154300,FHA,1,2,-1,1
TraesCS1A02G258400,GARP_G2-like,1,0,1,1
TraesCS2A02G116100,GARP_G2-like,1,1,0,0
TraesCS2B02G277300,GARP_G2-like,1,0,1,1
TraesCS2D02G259200,GARP_G2-like,1,0,1,1
TraesCS3A02G161000,GARP_G2-like,1,1,0,0
TraesCS3A02G361800,GARP_G2-like,1,0,1,1
TraesCS3B02G191600,GARP_G2-like,1,1,0,0
TraesCS3B02G394200,GARP_G2-like,1,0,1,1
TraesCS3D02G168200,GARP_G2-like,1,1,0,0
TraesCS3D02G531900,GARP_G2-like,1,2,-1,1
TraesCS6A02G007300,GARP_G2-like,1,0,1,1
TraesCS6A02G385500,GARP_G2-like,1,1,0,0
TraesCS6B02G012800,GARP_G2-like,1,0,1,1
TraesCS6D02G011600,GARP_G2-like,1,1,0,0
TraesCS6D02G370300,GARP_G2-like,1,1,0,0
TraesCS7D02G404000,GARP_G2-like,1,2,-1,1
TraesCS2A02G151700,GeBP,1,1,0,0
TraesCS2B02G176900,GeBP,1,2,-1,1
TraesCS2D02G156800,GeBP,1,1,0,0
TraesCS3A02G042900,GeBP,1,1,0,0
TraesCS3B02G040600,GeBP,1,1,0,0
TraesCS3B02G200500,GeBP,1,1,0,0
TraesCS3D02G037800,GeBP,1,2,-1,1
TraesCS3D02G176400,GeBP,1,2,-1,1
TraesCS4A02G138100,GeBP,1,1,0,0
TraesCS4B02G159600,GeBP,1,2,-1,1
TraesCS4D02G163600,GeBP,1,0,1,1
TraesCS5A02G234500,GeBP,1,1,0,0
TraesCS5B02G233000,GeBP,1,1,0,0
TraesCS5D02G022400,GeBP,1,3,-2,2
TraesCS6A02G326000,GeBP,1,1,0,0
TraesCS6A02G329300,GeBP,1,0,1,1
TraesCS6D02G308200,GeBP,1,0,1,1
TraesCS7B02G074000,GeBP,1,1,0,0
TraesCS7D02G170000,GeBP,1,2,-1,1
TraesCS7D02G201700,GeBP,1,2,-1,1
TraesCS1A02G209400,GRAS,1,1,0,0
TraesCS1A02G413800,GRAS,1,9,-8,8
TraesCS1B02G443800,GRAS,1,21,-20,20
TraesCS2A02G214400,GRAS,1,0,1,1
TraesCS2B02G217500,GRAS,1,0,1,1
TraesCS3A02G360300,GRAS,1,0,1,1
TraesCS3A02G408000,GRAS,1,1,0,0
TraesCS3B02G262400,GRAS,1,1,0,0
TraesCS3B02G392600,GRAS,1,2,-1,1
TraesCS3B02G441600,GRAS,1,1,0,0
TraesCS3D02G220100,GRAS,1,0,1,1
TraesCS3D02G354100,GRAS,1,2,-1,1
TraesCS3D02G403100,GRAS,1,1,0,0
TraesCS4A02G039000,GRAS,1,0,1,1
TraesCS4A02G176200,GRAS,1,0,1,1
TraesCS4A02G176300,GRAS,1,2,-1,1
TraesCS4A02G176400,GRAS,1,0,1,1
TraesCS4A02G191300,GRAS,1,2,-1,1
TraesCS4A02G271000,GRAS,1,0,1,1
TraesCS4B02G043100,GRAS,1,1,0,0
TraesCS4B02G141300,GRAS,1,0,1,1
TraesCS4B02G141400,GRAS,1,1,0,0
TraesCS4B02G266700,GRAS,1,0,1,1
TraesCS4D02G040400,GRAS,1,1,0,0
TraesCS4D02G122000,GRAS,1,2,-1,1
TraesCS4D02G135500,GRAS,1,4,-3,3
TraesCS4D02G136300,GRAS,1,0,1,1
TraesCS4D02G136400,GRAS,1,2,-1,1
TraesCS4D02G266400,GRAS,1,0,1,1
TraesCS4D02G360200,GRAS,1,0,1,1
TraesCS5A02G080300,GRAS,1,0,1,1
TraesCS5A02G481300,GRAS,1,0,1,1
TraesCS5A02G511900,GRAS,1,1,0,0
TraesCS5B02G326400,GRAS,1,0,1,1
TraesCS5B02G417000,GRAS,1,0,1,1
TraesCS5B02G494500,GRAS,1,0,1,1
TraesCS5D02G092000,GRAS,1,0,1,1
TraesCS6B02G277400,GRAS,1,1,0,0
TraesCS7A02G014200,GRAS,1,0,1,1
TraesCS7D02G174100,GRAS,1,3,-2,2
TraesCS2A02G238700,GRF,1,0,1,1
TraesCS2A02G435100,GRF,1,1,0,0
TraesCS2B02G458400,GRF,1,1,0,0
TraesCS2D02G435200,GRF,1,0,1,1
TraesCS4A02G255000,GRF,1,3,-2,2
TraesCS4A02G291500,GRF,1,4,-3,3
TraesCS4A02G434900,GRF,1,1,0,0
TraesCS4D02G020300,GRF,1,2,-1,1
TraesCS6A02G269600,GRF,1,3,-2,2
TraesCS6B02G296900,GRF,1,3,-2,2
TraesCS6D02G245300,GRF,1,4,-3,3
TraesCS7A02G049100,GRF,1,1,0,0
TraesCS7A02G165600,GRF,1,0,1,1
TraesCS7D02G044200,GRF,1,1,0,0
TraesCS3A02G312800,HD,1,1,0,0
TraesCS3B02G159100,HD,1,1,0,0
TraesCS4A02G040600,HD,1,2,-1,1
TraesCS5A02G375800,HD,1,0,1,1
TraesCS5B02G047200,HD,1,2,-1,1
TraesCS5B02G378000,HD,1,0,1,1
TraesCS5D02G052300,HD,1,2,-1,1
TraesCS5D02G385300,HD,1,0,1,1
TraesCS1A02G338900,HD_PHD,1,1,0,0
TraesCS1B02G351300,HD_PHD,1,0,1,1
TraesCS1D02G341000,HD_PHD,1,0,1,1
TraesCS5A02G227100,HD_PLINC,1,1,0,0
TraesCS5B02G141400,HD_PLINC,1,4,-3,3
TraesCS5D02G234600,HD_PLINC,1,1,0,0
TraesCS1A02G219200,HD-Zip_I_II,1,0,1,1
TraesCS1D02G220900,HD-Zip_I_II,1,3,-2,2
TraesCS2A02G389400,HD-Zip_I_II,1,71,-70,70
TraesCS4A02G059600,HD-Zip_I_II,1,1,0,0
TraesCS4B02G235300,HD-Zip_I_II,1,2,-1,1
TraesCS4D02G236600,HD-Zip_I_II,1,1,0,0
TraesCS4D02G286400,HD-Zip_I_II,1,4,-3,3
TraesCS5A02G199300,HD-Zip_I_II,1,2,-1,1
TraesCS5A02G316800,HD-Zip_I_II,1,0,1,1
TraesCS5B02G317400,HD-Zip_I_II,1,0,1,1
TraesCS5D02G235300,HD-Zip_I_II,1,0,1,1
TraesCS5D02G323100,HD-Zip_I_II,1,1,0,0
TraesCS6B02G321100,HD-Zip_I_II,1,3,-2,2
TraesCS6D02G272000,HD-Zip_I_II,1,4,-3,3
TraesCS2A02G401200,HD-Zip_IV,1,0,1,1
TraesCS2A02G474000,HD-Zip_IV,1,1,0,0
TraesCS2B02G419200,HD-Zip_IV,1,1,0,0
TraesCS2B02G497500,HD-Zip_IV,1,1,0,0
TraesCS2D02G473700,HD-Zip_IV,1,1,0,0
TraesCS5D02G320600,HD-Zip_IV,1,0,1,1
TraesCS6B02G354900,HD-Zip_IV,1,5,-4,4
TraesCS6D02G237000,HD-Zip_IV,1,1,0,0
TraesCS7A02G270100,HSF,1,6,-5,5
TraesCS7B02G168300,HSF,1,2,-1,1
TraesCS1A02G375600,HSF,1,1,0,0
TraesCS2A02G204500,HSF,1,1,0,0
TraesCS2B02G419600,HSF,1,0,1,1
TraesCS2D02G087400,HSF,1,0,1,1
TraesCS2D02G211400,HSF,1,1,0,0
TraesCS2D02G399000,HSF,1,1,0,0
TraesCS3B02G438900,HSF,1,0,1,1
TraesCS3D02G280600,HSF,1,0,1,1
TraesCS3D02G289000,HSF,1,0,1,1
TraesCS4B02G239700,HSF,1,0,1,1
TraesCS4B02G385800,HSF,1,2,-1,1
TraesCS4D02G239600,HSF,1,0,1,1
TraesCS5A02G237900,HSF,1,3,-2,2
TraesCS5A02G314700,HSF,1,4,-3,3
TraesCS5A02G383800,HSF,1,0,1,1
TraesCS5B02G236400,HSF,1,13,-12,12
TraesCS5B02G315600,HSF,1,3,-2,2
TraesCS5D02G321000,HSF,1,3,-2,2
TraesCS5D02G553300,HSF,1,0,1,1
TraesCS6A02G098800,HSF,1,1,0,0
TraesCS6B02G127000,HSF,1,1,0,0
TraesCS6D02G083800,HSF,1,0,1,1
TraesCS7A02G355300,HSF,1,1,0,0
TraesCS7B02G272500,HSF,1,3,-2,2
TraesCS7D02G367700,HSF,1,3,-2,2
TraesCS6A02G017400,MADS_I,1,0,1,1
TraesCS3A02G434900,MADS_I,1,0,1,1
TraesCS4A02G058900,MADS_I,1,0,1,1
TraesCS4B02G351500,MADS_I,1,2,-1,1
TraesCS7D02G388600,MADS_I,1,1,0,0
TraesCS1A02G125800,MADS_II,1,1,0,0
TraesCS1A02G199600,MADS_II,1,1,0,0
TraesCS1A02G262700,MADS_II,1,1,0,0
TraesCS1A02G264300,MADS_II,1,0,1,1
TraesCS1B02G144800,MADS_II,1,0,1,1
TraesCS1B02G273300,MADS_II,1,0,1,1
TraesCS1B02G275000,MADS_II,1,1,0,0
TraesCS1D02G127700,MADS_II,1,0,1,1
TraesCS1D02G262700,MADS_II,1,0,1,1
TraesCS2D02G181400,MADS_II,1,0,1,1
TraesCS3B02G157500,MADS_II,1,1,0,0
TraesCS4B02G245700,MADS_II,1,0,1,1
TraesCS4B02G245800,MADS_II,1,2,-1,1
TraesCS4D02G243700,MADS_II,1,1,0,0
TraesCS4D02G245200,MADS_II,1,1,0,0
TraesCS4D02G301100,MADS_II,1,3,-2,2
TraesCS4D02G341700,MADS_II,1,0,1,1
TraesCS5A02G117500,MADS_II,1,0,1,1
TraesCS5A02G286800,MADS_II,1,0,1,1
TraesCS5A02G391800,MADS_II,1,0,1,1
TraesCS5A02G515500,MADS_II,1,0,1,1
TraesCS5B02G286100,MADS_II,1,0,1,1
TraesCS5D02G294500,MADS_II,1,0,1,1
TraesCS5D02G401700,MADS_II,1,1,0,0
TraesCS6A02G011700,MADS_II,1,1,0,0
TraesCS6A02G259000,MADS_II,1,0,1,1
TraesCS6B02G286400,MADS_II,1,0,1,1
TraesCS6D02G014600,MADS_II,1,0,1,1
TraesCS6D02G293200,MADS_II,1,0,1,1
TraesCS7A02G260600,MADS_II,1,0,1,1
TraesCS7B02G158600,MADS_II,1,0,1,1
TraesCS7D02G120500,MADS_II,1,1,0,0
TraesCS7D02G261600,MADS_II,1,0,1,1
TraesCS1A02G251800,mTERF,1,0,1,1
TraesCS1A02G313400,mTERF,1,1,0,0
TraesCS1B02G047700,mTERF,1,1,0,0
TraesCS1B02G263200,mTERF,1,1,0,0
TraesCS1B02G325200,mTERF,1,1,0,0
TraesCS1B02G399400,mTERF,1,0,1,1
TraesCS1B02G441100,mTERF,1,1,0,0
TraesCS1D02G068000,mTERF,1,0,1,1
TraesCS1D02G251800,mTERF,1,0,1,1
TraesCS1D02G313900,mTERF,1,1,0,0
TraesCS1D02G323800,mTERF,1,0,1,1
TraesCS1D02G420700,mTERF,1,1,0,0
TraesCS2B02G122000,mTERF,1,0,1,1
TraesCS2B02G267000,mTERF,1,1,0,0
TraesCS2B02G514500,mTERF,1,0,1,1
TraesCS2D02G528700,mTERF,1,1,0,0
TraesCS3A02G073600,mTERF,1,0,1,1
TraesCS3B02G518100,mTERF,1,0,1,1
TraesCS3B02G538400,mTERF,1,2,-1,1
TraesCS4A02G390500,mTERF,1,0,1,1
TraesCS4B02G103900,mTERF,1,1,0,0
TraesCS4D02G079700,mTERF,1,0,1,1
TraesCS4D02G100800,mTERF,1,0,1,1
TraesCS4D02G278100,mTERF,1,0,1,1
TraesCS5A02G239900,mTERF,1,3,-2,2
TraesCS5B02G241500,mTERF,1,1,0,0
TraesCS5B02G365700,mTERF,1,0,1,1
TraesCS5D02G030400,mTERF,1,1,0,0
TraesCS5D02G030500,mTERF,1,1,0,0
TraesCS6A02G016800,mTERF,1,1,0,0
TraesCS6A02G031600,mTERF,1,2,-1,1
TraesCS6A02G066800,mTERF,1,0,1,1
TraesCS6A02G270600,mTERF,1,2,-1,1
TraesCS6A02G304600,mTERF,1,0,1,1
TraesCS6B02G022900,mTERF,1,1,0,0
TraesCS6B02G023400,mTERF,1,1,0,0
TraesCS6B02G023600,mTERF,1,0,1,1
TraesCS6B02G024000,mTERF,1,0,1,1
TraesCS6B02G024400,mTERF,1,0,1,1
TraesCS6B02G024800,mTERF,1,0,1,1
TraesCS6B02G025100,mTERF,1,0,1,1
TraesCS6B02G025200,mTERF,1,1,0,0
TraesCS6B02G025600,mTERF,1,2,-1,1
TraesCS6B02G025700,mTERF,1,0,1,1
TraesCS6B02G025800,mTERF,1,0,1,1
TraesCS6B02G027600,mTERF,1,2,-1,1
TraesCS6B02G027700,mTERF,1,0,1,1
TraesCS6B02G028000,mTERF,1,0,1,1
TraesCS6B02G029100,mTERF,1,0,1,1
TraesCS6B02G037100,mTERF,1,0,1,1
TraesCS6B02G043100,mTERF,1,1,0,0
TraesCS6B02G045400,mTERF,1,0,1,1
TraesCS6B02G052800,mTERF,1,0,1,1
TraesCS6B02G059500,mTERF,1,3,-2,2
TraesCS6B02G059600,mTERF,1,0,1,1
TraesCS6B02G077200,mTERF,1,0,1,1
TraesCS6B02G078100,mTERF,1,0,1,1
TraesCS6B02G219200,mTERF,1,0,1,1
TraesCS6B02G244200,mTERF,1,0,1,1
TraesCS6B02G297700,mTERF,1,0,1,1
TraesCS6B02G333100,mTERF,1,1,0,0
TraesCS6B02G333200,mTERF,1,2,-1,1
TraesCS6B02G395400,mTERF,1,0,1,1
TraesCS6D02G018300,mTERF,1,1,0,0
TraesCS6D02G018900,mTERF,1,1,0,0
TraesCS6D02G019700,mTERF,1,0,1,1
TraesCS6D02G020200,mTERF,1,1,0,0
TraesCS6D02G020600,mTERF,1,2,-1,1
TraesCS6D02G020800,mTERF,1,0,1,1
TraesCS6D02G022000,mTERF,1,1,0,0
TraesCS6D02G022100,mTERF,1,2,-1,1
TraesCS6D02G023900,mTERF,1,1,0,0
TraesCS6D02G025200,mTERF,1,1,0,0
TraesCS6D02G034900,mTERF,1,0,1,1
TraesCS6D02G036000,mTERF,1,1,0,0
TraesCS6D02G037000,mTERF,1,0,1,1
TraesCS6D02G043300,mTERF,1,0,1,1
TraesCS6D02G067800,mTERF,1,0,1,1
TraesCS6D02G283900,mTERF,1,0,1,1
TraesCS7A02G182600,mTERF,1,1,0,0
TraesCS7A02G182800,mTERF,1,2,-1,1
TraesCS7A02G183200,mTERF,1,0,1,1
TraesCS7A02G250000,mTERF,1,2,-1,1
TraesCS7A02G460800,mTERF,1,1,0,0
TraesCS7B02G087500,mTERF,1,1,0,0
TraesCS7B02G087800,mTERF,1,0,1,1
TraesCS7B02G087900,mTERF,1,0,1,1
TraesCS7B02G088200,mTERF,1,1,0,0
TraesCS7B02G088500,mTERF,1,0,1,1
TraesCS7B02G141200,mTERF,1,2,-1,1
TraesCS7B02G144700,mTERF,1,0,1,1
TraesCS7B02G362000,mTERF,1,0,1,1
TraesCS7D02G184000,mTERF,1,2,-1,1
TraesCS7D02G185400,mTERF,1,1,0,0
TraesCS7D02G252100,mTERF,1,1,0,0
TraesCS7D02G448700,mTERF,1,1,0,0
TraesCSU02G029100,mTERF,1,1,0,0
TraesCS3A02G105800,MYB-related,1,0,1,1
TraesCS7A02G017600,MYB-related,1,0,1,1
TraesCS7A02G553800,MYB-related,1,0,1,1
TraesCS1A02G129300,MYB-related,1,0,1,1
TraesCS1A02G218800,MYB-related,1,4,-3,3
TraesCS1A02G420500,MYB-related,1,0,1,1
TraesCS1B02G232300,MYB-related,1,2,-1,1
TraesCS1B02G283000,MYB-related,1,4,-3,3
TraesCS1B02G287700,MYB-related,1,0,1,1
TraesCS1B02G293300,MYB-related,1,0,1,1
TraesCS1B02G316200,MYB-related,1,1,0,0
TraesCS1B02G451500,MYB-related,1,1,0,0
TraesCS1D02G043300,MYB-related,1,6,-5,5
TraesCS1D02G220500,MYB-related,1,1,0,0
TraesCS1D02G268900,MYB-related,1,1,0,0
TraesCS1D02G283100,MYB-related,1,3,-2,2
TraesCS1D02G308600,MYB-related,1,0,1,1
TraesCS1D02G428400,MYB-related,1,2,-1,1
TraesCS2A02G152700,MYB-related,1,0,1,1
TraesCS2A02G157600,MYB-related,1,1,0,0
TraesCS2A02G338200,MYB-related,1,2,-1,1
TraesCS2A02G370300,MYB-related,1,0,1,1
TraesCS2A02G370400,MYB-related,1,0,1,1
TraesCS2A02G381900,MYB-related,1,0,1,1
TraesCS2A02G445500,MYB-related,1,1,0,0
TraesCS2A02G552400,MYB-related,1,4,-3,3
TraesCS2B02G178000,MYB-related,1,1,0,0
TraesCS2B02G183100,MYB-related,1,0,1,1
TraesCS2B02G184500,MYB-related,1,0,1,1
TraesCS2B02G343800,MYB-related,1,1,0,0
TraesCS2B02G387300,MYB-related,1,8,-7,7
TraesCS2B02G387700,MYB-related,1,4,-3,3
TraesCS2B02G387800,MYB-related,1,3,-2,2
TraesCS2B02G459800,MYB-related,1,1,0,0
TraesCS2B02G466400,MYB-related,1,3,-2,2
TraesCS2B02G478700,MYB-related,1,1,0,0
TraesCS2D02G163700,MYB-related,1,2,-1,1
TraesCS2D02G165900,MYB-related,1,1,0,0
TraesCS2D02G366800,MYB-related,1,1,0,0
TraesCS2D02G378400,MYB-related,1,0,1,1
TraesCS2D02G437600,MYB-related,1,4,-3,3
TraesCS2D02G444300,MYB-related,1,15,-14,14
TraesCS2D02G456900,MYB-related,1,2,-1,1
TraesCS3A02G108000,MYB-related,1,1,0,0
TraesCS3A02G109300,MYB-related,1,2,-1,1
TraesCS3A02G153700,MYB-related,1,1,0,0
TraesCS3A02G187800,MYB-related,1,1,0,0
TraesCS3A02G200300,MYB-related,1,2,-1,1
TraesCS3A02G211500,MYB-related,1,0,1,1
TraesCS3A02G257800,MYB-related,1,1,0,0
TraesCS3A02G336500,MYB-related,1,0,1,1
TraesCS3A02G367600,MYB-related,1,1,0,0
TraesCS3A02G384400,MYB-related,1,0,1,1
TraesCS3B02G125500,MYB-related,1,12,-11,11
TraesCS3B02G128500,MYB-related,1,2,-1,1
TraesCS3B02G224500,MYB-related,1,1,0,0
TraesCS3B02G290600,MYB-related,1,2,-1,1
TraesCS3B02G391900,MYB-related,1,0,1,1
TraesCS3B02G399300,MYB-related,1,2,-1,1
TraesCS3B02G407700,MYB-related,1,1,0,0
TraesCS3D02G107800,MYB-related,1,0,1,1
TraesCS3D02G109100,MYB-related,1,2,-1,1
TraesCS3D02G109800,MYB-related,1,0,1,1
TraesCS3D02G111100,MYB-related,1,1,0,0
TraesCS3D02G214200,MYB-related,1,0,1,1
TraesCS3D02G257800,MYB-related,1,3,-2,2
TraesCS3D02G329400,MYB-related,1,0,1,1
TraesCS3D02G353500,MYB-related,1,0,1,1
TraesCS3D02G360500,MYB-related,1,2,-1,1
TraesCS3D02G540600,MYB-related,1,3,-2,2
TraesCS4A02G075400,MYB-related,1,1,0,0
TraesCS4A02G131700,MYB-related,1,0,1,1
TraesCS4A02G217800,MYB-related,1,3,-2,2
TraesCS4A02G261600,MYB-related,1,0,1,1
TraesCS4A02G452600,MYB-related,1,0,1,1
TraesCS4B02G053000,MYB-related,1,0,1,1
TraesCS4B02G172900,MYB-related,1,0,1,1
TraesCS4D02G053300,MYB-related,1,0,1,1
TraesCS4D02G092900,MYB-related,1,1,0,0
TraesCS4D02G175000,MYB-related,1,0,1,1
TraesCS5A02G005500,MYB-related,1,0,1,1
TraesCS5A02G083100,MYB-related,1,7,-6,6
TraesCS5A02G375400,MYB-related,1,1,0,0
TraesCS5B02G004400,MYB-related,1,1,0,0
TraesCS5B02G086900,MYB-related,1,3,-2,2
TraesCS5B02G089200,MYB-related,1,5,-4,4
TraesCS5B02G093000,MYB-related,1,3,-2,2
TraesCS5B02G157300,MYB-related,1,2,-1,1
TraesCS5B02G226100,MYB-related,1,1,0,0
TraesCS5B02G330100,MYB-related,1,0,1,1
TraesCS5B02G377500,MYB-related,1,0,1,1
TraesCS5D02G007000,MYB-related,1,1,0,0
TraesCS5D02G048400,MYB-related,1,0,1,1
TraesCS5D02G095600,MYB-related,1,3,-2,2
TraesCS5D02G099100,MYB-related,1,3,-2,2
TraesCS5D02G183000,MYB-related,1,0,1,1
TraesCS5D02G234800,MYB-related,1,2,-1,1
TraesCS5D02G335700,MYB-related,1,1,0,0
TraesCS6A02G198000,MYB-related,1,0,1,1
TraesCS6A02G236700,MYB-related,1,1,0,0
TraesCS6A02G258600,MYB-related,1,1,0,0
TraesCS6A02G261100,MYB-related,1,0,1,1
TraesCS6A02G269000,MYB-related,1,1,0,0
TraesCS6B02G201700,MYB-related,1,0,1,1
TraesCS6B02G228500,MYB-related,1,1,0,0
TraesCS6B02G265200,MYB-related,1,3,-2,2
TraesCS6D02G179100,MYB-related,1,1,0,0
TraesCS6D02G219300,MYB-related,1,1,0,0
TraesCS7A02G036100,MYB-related,1,0,1,1
TraesCS7A02G145200,MYB-related,1,0,1,1
TraesCS7A02G247200,MYB-related,1,0,1,1
TraesCS7A02G272100,MYB-related,1,2,-1,1
TraesCS7A02G304500,MYB-related,1,7,-6,6
TraesCS7A02G304600,MYB-related,1,1,0,0
TraesCS7A02G306100,MYB-related,1,1,0,0
TraesCS7A02G470700,MYB-related,1,0,1,1
TraesCS7B02G127800,MYB-related,1,0,1,1
TraesCS7B02G169900,MYB-related,1,1,0,0
TraesCS7B02G187400,MYB-related,1,1,0,0
TraesCS7B02G204800,MYB-related,1,8,-7,7
TraesCS7B02G206300,MYB-related,1,0,1,1
TraesCS7B02G315800,MYB-related,1,2,-1,1
TraesCS7B02G372500,MYB-related,1,1,0,0
TraesCS7B02G385700,MYB-related,1,0,1,1
TraesCS7D02G032700,MYB-related,1,0,1,1
TraesCS7D02G272400,MYB-related,1,5,-4,4
TraesCS7D02G300000,MYB-related,1,5,-4,4
TraesCS7D02G302800,MYB-related,1,0,1,1
TraesCS7D02G409100,MYB-related,1,2,-1,1
TraesCS7D02G514800,MYB-related,1,0,1,1
TraesCS1A02G263700,NAC,1,0,1,1
TraesCS1B02G277300,NAC,1,1,0,0
TraesCS1D02G263800,NAC,1,0,1,1
TraesCS2A02G101100,NAC,1,3,-2,2
TraesCS2A02G101400,NAC,1,2,-1,1
TraesCS2A02G102000,NAC,1,12,-11,11
TraesCS2A02G326500,NAC,1,2,-1,1
TraesCS2A02G338300,NAC,1,0,1,1
TraesCS2B02G067400,NAC,1,0,1,1
TraesCS2B02G118500,NAC,1,4,-3,3
TraesCS2B02G119000,NAC,1,25,-24,24
TraesCS2B02G119100,NAC,1,32,-31,31
TraesCS2B02G343600,NAC,1,0,1,1
TraesCS2B02G355400,NAC,1,1,0,0
TraesCS2B02G355500,NAC,1,2,-1,1
TraesCS2B02G355600,NAC,1,0,1,1
TraesCS2B02G616900,NAC,1,0,1,1
TraesCS2D02G100900,NAC,1,1,0,0
TraesCS2D02G101400,NAC,1,18,-17,17
TraesCS2D02G305300,NAC,1,7,-6,6
TraesCS2D02G324700,NAC,1,0,1,1
TraesCS2D02G334800,NAC,1,0,1,1
TraesCS2D02G567000,NAC,1,0,1,1
TraesCS3A02G245900,NAC,1,0,1,1
TraesCS3A02G406000,NAC,1,2,-1,1
TraesCS3B02G273600,NAC,1,1,0,0
TraesCS3B02G371200,NAC,1,4,-3,3
TraesCS3B02G439600,NAC,1,3,-2,2
TraesCS3B02G472800,NAC,1,0,1,1
TraesCS3D02G183900,NAC,1,0,1,1
TraesCS3D02G245500,NAC,1,1,0,0
TraesCS3D02G333100,NAC,1,1,0,0
TraesCS3D02G401200,NAC,1,2,-1,1
TraesCS3D02G480900,NAC,1,2,-1,1
TraesCS4A02G130600,NAC,1,0,1,1
TraesCS4B02G132500,NAC,1,2,-1,1
TraesCS4B02G173600,NAC,1,14,-13,13
TraesCS4D02G094400,NAC,1,0,1,1
TraesCS4D02G175700,NAC,1,10,-9,9
TraesCS4D02G176000,NAC,1,1,0,0
TraesCS5A02G143200,NAC,1,9,-8,8
TraesCS5B02G141900,NAC,1,2,-1,1
TraesCS5D02G148800,NAC,1,13,-12,12
TraesCS5D02G481200,NAC,1,1,0,0
TraesCS6A02G378500,NAC,1,0,1,1
TraesCS6A02G378600,NAC,1,3,-2,2
TraesCS6D02G362900,NAC,1,2,-1,1
TraesCS6D02G390200,NAC,1,0,1,1
TraesCS7A02G263100,NAC,1,3,-2,2
TraesCS7A02G357500,NAC,1,2,-1,1
TraesCS7A02G549000,NAC,1,6,-5,5
TraesCS7B02G111300,NAC,1,1,0,0
TraesCS7B02G115400,NAC,1,1,0,0
TraesCS7B02G160900,NAC,1,1,0,0
TraesCS7B02G364600,NAC,1,1,0,0
TraesCS7D02G210600,NAC,1,2,-1,1
TraesCS7D02G263800,NAC,1,2,-1,1
TraesCSU02G135000,NAC,1,0,1,1
TraesCS1A02G192800,PLATZ,1,0,1,1
TraesCS2A02G448300,PLATZ,1,12,-11,11
TraesCS2B02G469000,PLATZ,1,1,0,0
TraesCS3A02G497900,PLATZ,1,11,-10,10
TraesCS3B02G560400,PLATZ,1,4,-3,3
TraesCS6A02G264400,PLATZ,1,1,0,0
TraesCS6B02G291400,PLATZ,1,2,-1,1
TraesCS7B02G180100,PLATZ,1,1,0,0
TraesCS7D02G390300,PLATZ,1,2,-1,1
TraesCS4A02G200200,Pseudo ARR-B,1,0,1,1
TraesCS2D02G079600,Pseudo ARR-B,1,2,-1,1
TraesCS4B02G115100,Pseudo ARR-B,1,0,1,1
TraesCS4B02G198700,Pseudo ARR-B,1,0,1,1
TraesCS4D02G112800,Pseudo ARR-B,1,0,1,1
TraesCS4D02G199600,Pseudo ARR-B,1,1,0,0
TraesCS6A02G227900,Pseudo ARR-B,1,3,-2,2
TraesCS6B02G253900,Pseudo ARR-B,1,2,-1,1
TraesCS6D02G207100,Pseudo ARR-B,1,2,-1,1
TraesCS7B02G162700,RB,1,0,1,1
TraesCS2A02G352400,RWP-RK,1,1,0,0
TraesCS2B02G370400,RWP-RK,1,1,0,0
TraesCS2B02G422300,RWP-RK,1,2,-1,1
TraesCS3A02G159600,RWP-RK,1,1,0,0
TraesCS3D02G166900,RWP-RK,1,1,0,0
TraesCS4A02G230700,RWP-RK,1,1,0,0
TraesCS4B02G085200,RWP-RK,1,1,0,0
TraesCS4B02G325500,RWP-RK,1,1,0,0
TraesCS4D02G322400,RWP-RK,1,1,0,0
TraesCS5A02G349500,RWP-RK,1,0,1,1
TraesCS5A02G497800,RWP-RK,1,3,-2,2
TraesCS5D02G355900,RWP-RK,1,0,1,1
TraesCS2A02G292700,S1Fa-like,1,1,0,0
TraesCS2B02G309100,S1Fa-like,1,0,1,1
TraesCS2D02G290500,S1Fa-like,1,0,1,1
TraesCS1A02G255300,SBP,1,0,1,1
TraesCS3B02G468400,SBP,1,2,-1,1
TraesCS3D02G425800,SBP,1,0,1,1
TraesCS4A02G359500,SBP,1,0,1,1
TraesCS5B02G512800,SBP,1,0,1,1
TraesCS5D02G294400,SBP,1,2,-1,1
TraesCS5D02G513300,SBP,1,0,1,1
TraesCS6A02G110100,SBP,1,2,-1,1
TraesCS6A02G155300,SBP,1,1,0,0
TraesCS6B02G138400,SBP,1,2,-1,1
TraesCS6B02G183400,SBP,1,0,1,1
TraesCS6D02G098500,SBP,1,2,-1,1
TraesCS7A02G208000,SBP,1,1,0,0
TraesCS7A02G249100,SBP,1,0,1,1
TraesCS7B02G115200,SBP,1,3,-2,2
TraesCS7B02G142200,SBP,1,0,1,1
TraesCS7D02G210400,SBP,1,1,0,0
TraesCS7D02G248000,SBP,1,2,-1,1
TraesCS4D02G154500,Sigma70-like,1,0,1,1
TraesCS1B02G461600,Sigma70-like,1,5,-4,4
TraesCS1B02G467100,Sigma70-like,1,2,-1,1
TraesCS1D02G436500,Sigma70-like,1,1,0,0
TraesCS4A02G095200,Sigma70-like,1,1,0,0
TraesCS4B02G209300,Sigma70-like,1,1,0,0
TraesCS7A02G297900,Sigma70-like,1,1,0,0
TraesCS7B02G184800,Sigma70-like,1,2,-1,1
TraesCS7D02G292000,Sigma70-like,1,2,-1,1
TraesCS5D02G124700,Sir2,1,1,0,0
TraesCSU02G136000,Sir2,1,2,-1,1
TraesCS3B02G552400,SRS,1,1,0,0
TraesCS5B02G319600,SRS,1,1,0,0
TraesCS2A02G323200,TAZ,1,8,-7,7
TraesCS2B02G359400,TAZ,1,2,-1,1
TraesCS3A02G400400,TAZ,1,1,0,0
TraesCS3A02G413600,TAZ,1,0,1,1
TraesCS3B02G433400,TAZ,1,1,0,0
TraesCS3B02G448000,TAZ,1,0,1,1
TraesCS3D02G408000,TAZ,1,1,0,0
TraesCS3D02G408100,TAZ,1,1,0,0
TraesCS6A02G107300,TAZ,1,0,1,1
TraesCS6D02G095400,TAZ,1,0,1,1
TraesCS7A02G414500,TAZ,1,1,0,0
TraesCS7D02G407600,TAZ,1,2,-1,1
TraesCS2A02G169300,tify,1,2,-1,1
TraesCS2A02G506500,tify,1,1,0,0
TraesCS2B02G195600,tify,1,1,0,0
TraesCS2D02G176800,tify,1,1,0,0
TraesCS2D02G507200,tify,1,1,0,0
TraesCS4A02G007800,tify,1,13,-12,12
TraesCS4A02G007900,tify,1,21,-20,20
TraesCS4A02G249400,tify,1,1,0,0
TraesCS4B02G065300,tify,1,3,-2,2
TraesCS4B02G297000,tify,1,11,-10,10
TraesCS4B02G297100,tify,1,4,-3,3
TraesCS4D02G064200,tify,1,3,-2,2
TraesCS4D02G295900,tify,1,18,-17,17
TraesCS4D02G296000,tify,1,12,-11,11
TraesCS5A02G212800,tify,1,12,-11,11
TraesCS5B02G211000,tify,1,8,-7,7
TraesCS5D02G211200,tify,1,0,1,1
TraesCS5D02G219300,tify,1,24,-23,23
TraesCS6D02G108700,tify,1,0,1,1
TraesCS1A02G333900,TUB,1,0,1,1
TraesCS2A02G574000,TUB,1,1,0,0
TraesCS2B02G141800,TUB,1,1,0,0
TraesCS3B02G411000,TUB,1,1,0,0
TraesCS3D02G371600,TUB,1,1,0,0
TraesCS4A02G140800,TUB,1,1,0,0
TraesCS4B02G166400,TUB,1,0,1,1
TraesCS4D02G164200,TUB,1,1,0,0
TraesCS6A02G272800,TUB,1,1,0,0
TraesCS6B02G300200,TUB,1,1,0,0
TraesCS7B02G227000,TUB,1,0,1,1
TraesCS3B02G326500,VOZ,1,0,1,1
TraesCS4A02G395700,Whirly,1,1,0,0
TraesCS6D02G121500,Whirly,1,0,1,1
TraesCS7A02G095300,Whirly,1,1,0,0
TraesCS7D02G091500,Whirly,1,2,-1,1
TraesCS1B02G453300,WRKY,1,3,-2,2
TraesCS2B02G289000,WRKY,1,1,0,0
TraesCS1A02G070400,WRKY,1,7,-6,6
TraesCS1B02G088900,WRKY,1,6,-5,5
TraesCS1D02G429900,WRKY,1,2,-1,1
TraesCS2A02G182700,WRKY,1,0,1,1
TraesCS2A02G270200,WRKY,1,2,-1,1
TraesCS2A02G433000,WRKY,1,3,-2,2
TraesCS2B02G209200,WRKY,1,0,1,1
TraesCS2D02G190500,WRKY,1,1,0,0
TraesCS2D02G269200,WRKY,1,1,0,0
TraesCS2D02G431000,WRKY,1,2,-1,1
TraesCS3A02G167200,WRKY,1,1,0,0
TraesCS3A02G242500,WRKY,1,2,-1,1
TraesCS3A02G289700,WRKY,1,1,0,0
TraesCS3A02G527300,WRKY,1,1,0,0
TraesCS3B02G199000,WRKY,1,3,-2,2
TraesCS3B02G270500,WRKY,1,4,-3,3
TraesCS3B02G324400,WRKY,1,1,0,0
TraesCS3B02G595800,WRKY,1,0,1,1
TraesCS3D02G029100,WRKY,1,0,1,1
TraesCS3D02G173300,WRKY,1,0,1,1
TraesCS3D02G242500,WRKY,1,1,0,0
TraesCS3D02G289500,WRKY,1,1,0,0
TraesCS3D02G532800,WRKY,1,0,1,1
TraesCS4A02G162500,WRKY,1,1,0,0
TraesCS4B02G121500,WRKY,1,1,0,0
TraesCS4D02G151700,WRKY,1,0,1,1
TraesCS5A02G059100,WRKY,1,0,1,1
TraesCS5A02G104900,WRKY,1,1,0,0
TraesCS5B02G154900,WRKY,1,0,1,1
TraesCS5B02G399900,WRKY,1,2,-1,1
TraesCS5D02G162100,WRKY,1,1,0,0
TraesCS5D02G190700,WRKY,1,1,0,0
TraesCS5D02G349800,WRKY,1,2,-1,1
TraesCS5D02G404400,WRKY,1,2,-1,1
TraesCS6A02G146900,WRKY,1,5,-4,4
TraesCS6B02G175100,WRKY,1,9,-8,8
TraesCS6D02G136200,WRKY,1,5,-4,4
TraesCS7A02G338500,WRKY,1,3,-2,2
TraesCS7B02G240000,WRKY,1,0,1,1
TraesCS7D02G124300,Zinc finger, MIZ type,1,0,1,1
TraesCS1A02G065700,Zinc finger, MIZ type,1,1,0,0
TraesCS3A02G538000,Zinc finger, MIZ type,1,0,1,1
TraesCS3B02G603400,Zinc finger, MIZ type,1,0,1,1
TraesCS3D02G543400,Zinc finger, MIZ type,1,0,1,1
TraesCS1B02G312900,ABI3/VP1,0,0,0,0
TraesCS2A02G204300,ABI3/VP1,0,0,0,0
TraesCS2B02G482400,ABI3/VP1,0,1,-1,1
TraesCS2D02G105300,ABI3/VP1,0,0,0,0
TraesCS4A02G241900,ABI3/VP1,0,0,0,0
TraesCS4A02G283000,ABI3/VP1,0,0,0,0
TraesCS5A02G363700,ABI3/VP1,0,1,-1,1
TraesCS5D02G076800,ABI3/VP1,0,0,0,0
TraesCS5D02G077900,ABI3/VP1,0,0,0,0
TraesCS5D02G102200,ABI3/VP1,0,0,0,0
TraesCS5D02G397300,ABI3/VP1,0,12,-12,12
TraesCS5D02G411500,ABI3/VP1,0,1,-1,1
TraesCS5D02G515000,ABI3/VP1,0,1,-1,1
TraesCS6A02G176600,ABI3/VP1,0,1,-1,1
TraesCS7B02G230100,ABI3/VP1,0,2,-2,2
TraesCS7D02G020700,ABI3/VP1,0,1,-1,1
TraesCS1A02G220000,AP2/EREBP,0,0,0,0
TraesCS1A02G231200,AP2/EREBP,0,1,-1,1
TraesCS1B02G254300,AP2/EREBP,0,1,-1,1
TraesCS2A02G415100,AP2/EREBP,0,2,-2,2
TraesCS2A02G415300,AP2/EREBP,0,2,-2,2
TraesCS2B02G304800,AP2/EREBP,0,1,-1,1
TraesCS2B02G436100,AP2/EREBP,0,14,-14,14
TraesCS2B02G542400,AP2/EREBP,0,1,-1,1
TraesCS2D02G503900,AP2/EREBP,0,1,-1,1
TraesCS3D02G157100,AP2/EREBP,0,5,-5,5
TraesCS5D02G150500,AP2/EREBP,0,1,-1,1
TraesCS5D02G486600,AP2/EREBP,0,1,-1,1
TraesCS6A02G171900,AP2/EREBP,0,1,-1,1
TraesCS6A02G181400,AP2/EREBP,0,1,-1,1
TraesCS6A02G343300,AP2/EREBP,0,0,0,0
TraesCS6B02G210300,AP2/EREBP,0,3,-3,3
TraesCS6B02G274200,AP2/EREBP,0,2,-2,2
TraesCS6B02G331000,AP2/EREBP,0,4,-4,4
TraesCS6B02G375400,AP2/EREBP,0,2,-2,2
TraesCS6D02G121100,AP2/EREBP,0,1,-1,1
TraesCS6D02G225500,AP2/EREBP,0,0,0,0
TraesCS7A02G264100,AP2/EREBP,0,1,-1,1
TraesCS7D02G372700,AP2/EREBP,0,1,-1,1
TraesCS1A02G156600,ARF,0,1,-1,1
TraesCS1A02G334900,ARF,0,1,-1,1
TraesCS1B02G424700,ARF,0,1,-1,1
TraesCS1D02G155100,ARF,0,0,0,0
TraesCS1D02G337400,ARF,0,1,-1,1
TraesCS2A02G309300,ARF,0,1,-1,1
TraesCS2B02G326400,ARF,0,0,0,0
TraesCS2B02G397300,ARF,0,1,-1,1
TraesCS2D02G376600,ARF,0,1,-1,1
TraesCS3A02G246000,ARF,0,0,0,0
TraesCS3B02G273400,ARF,0,1,-1,1
TraesCS3B02G327000,ARF,0,0,0,0
TraesCS6B02G167100,ARF,0,1,-1,1
TraesCS6B02G258800,ARF,0,0,0,0
TraesCS6D02G127600,ARF,0,1,-1,1
TraesCS7A02G416400,ARF,0,1,-1,1
TraesCS7A02G461700,ARF,0,1,-1,1
TraesCS7D02G409700,ARF,0,1,-1,1
TraesCS7D02G449900,ARF,0,1,-1,1
TraesCS6A02G279200,ARID,0,0,0,0
TraesCS6D02G180000,ARID,0,2,-2,2
TraesCS7A02G566000,ARID,0,0,0,0
TraesCS4B02G079900,AS2/LOB,0,1,-1,1
TraesCS4A02G074300,BBR/BPC,0,0,0,0
TraesCS2A02G187800,BES1,0,0,0,0
TraesCS3A02G252900,bHLH,0,0,0,0
TraesCS3B02G236900,bHLH,0,2,-2,2
TraesCS3D02G166300,bHLH,0,0,0,0
TraesCS4D02G056900,bHLH,0,2,-2,2
TraesCS6B02G295900,bHLH,0,2,-2,2
TraesCS6B02G411300,bHLH,0,1,-1,1
TraesCS7B02G145800,bHLH,0,0,0,0
TraesCS7B02G465400,bHLH,0,2,-2,2
TraesCS3B02G164500,bHLH_TCP,0,0,0,0
TraesCS7B02G125500,C2C2_CO-like,0,0,0,0
TraesCS4A02G268500,C2C2_CO-like,0,1,-1,1
TraesCS6A02G150900,C2C2_CO-like,0,0,0,0
TraesCS6A02G218900,C2C2_CO-like,0,0,0,0
TraesCS6B02G248400,C2C2_CO-like,0,1,-1,1
TraesCS2A02G402200,C2C2_Dof,0,0,0,0
TraesCS2B02G592900,C2C2_Dof,0,1,-1,1
TraesCS2D02G100300,C2C2_Dof,0,0,0,0
TraesCS2D02G231600,C2C2_Dof,0,1,-1,1
TraesCS2D02G399500,C2C2_Dof,0,3,-3,3
TraesCS3D02G193100,C2C2_Dof,0,0,0,0
TraesCS3D02G537400,C2C2_Dof,0,1,-1,1
TraesCS1A02G340900,C2C2_GATA,0,3,-3,3
TraesCS1B02G353700,C2C2_GATA,0,1,-1,1
TraesCS1D02G343000,C2C2_GATA,0,4,-4,4
TraesCS2A02G388300,C2C2_GATA,0,0,0,0
TraesCS2A02G561200,C2C2_GATA,0,0,0,0
TraesCS2A02G561300,C2C2_GATA,0,0,0,0
TraesCS2B02G406400,C2C2_GATA,0,1,-1,1
TraesCS2D02G390000,C2C2_GATA,0,0,0,0
TraesCS3B02G603900,C2C2_GATA,0,1,-1,1
TraesCS5A02G022100,C2C2_GATA,0,1,-1,1
TraesCS5B02G018600,C2C2_GATA,0,1,-1,1
TraesCS5B02G117700,C2C2_GATA,0,0,0,0
TraesCS1A02G397300,C3H,0,1,-1,1
TraesCS1B02G425600,C3H,0,1,-1,1
TraesCS1B02G444400,C3H,0,1,-1,1
TraesCS1B02G480400,C3H,0,0,0,0
TraesCS1D02G421700,C3H,0,1,-1,1
TraesCS2A02G143700,C3H,0,0,0,0
TraesCS2A02G488000,C3H,0,0,0,0
TraesCS2B02G051800,C3H,0,1,-1,1
TraesCS2B02G515600,C3H,0,1,-1,1
TraesCS2D02G101800,C3H,0,1,-1,1
TraesCS2D02G306100,C3H,0,0,0,0
TraesCS2D02G488300,C3H,0,0,0,0
TraesCS3A02G179200,C3H,0,1,-1,1
TraesCS3B02G201900,C3H,0,1,-1,1
TraesCS3B02G237800,C3H,0,0,0,0
TraesCS3D02G181900,C3H,0,1,-1,1
TraesCS3D02G231200,C3H,0,0,0,0
TraesCS4A02G276700,C3H,0,1,-1,1
TraesCS4B02G124600,C3H,0,1,-1,1
TraesCS4D02G122500,C3H,0,1,-1,1
TraesCS5A02G121100,C3H,0,0,0,0
TraesCS5D02G119200,C3H,0,4,-4,4
TraesCS5D02G275300,C3H,0,1,-1,1
TraesCS6A02G340600,C3H,0,1,-1,1
TraesCS6B02G194300,C3H,0,0,0,0
TraesCS6B02G372100,C3H,0,1,-1,1
TraesCS6D02G262500,C3H,0,0,0,0
TraesCS6D02G321200,C3H,0,1,-1,1
TraesCS7A02G298900,C3H,0,3,-3,3
TraesCS4D02G304500,CAMTA,0,0,0,0
TraesCS1A02G411700,CCAAT_Dr1,0,1,-1,1
TraesCS2D02G180700,CCAAT_Dr1,0,1,-1,1
TraesCS4A02G306400,CCAAT_HAP3,0,2,-2,2
TraesCS1B02G322000,CCAAT_HAP5,0,0,0,0
TraesCS1B02G462600,CPP,0,1,-1,1
TraesCS3A02G304800,CPP,0,0,0,0
TraesCS5A02G053800,CPP,0,1,-1,1
TraesCS5D02G065300,CPP,0,4,-4,4
TraesCS7B02G242300,CPP,0,0,0,0
TraesCS6A02G069500,CSD,0,0,0,0
TraesCS6B02G093900,CSD,0,1,-1,1
TraesCS6D02G067500,CSD,0,1,-1,1
TraesCS1A02G139700,E2F/DP,0,1,-1,1
TraesCS2A02G031800,E2F/DP,0,0,0,0
TraesCS6A02G195500,E2F/DP,0,0,0,0
TraesCS6B02G341900,E2F/DP,0,1,-1,1
TraesCS6D02G182600,E2F/DP,0,0,0,0
TraesCS7B02G103500,E2F/DP,0,0,0,0
TraesCS7D02G199600,E2F/DP,0,1,-1,1
TraesCS2B02G116900,EIL,0,0,0,0
TraesCS2D02G099400,EIL,0,3,-3,3
TraesCS4A02G129400,EIL,0,1,-1,1
TraesCS5A02G265700,EIL,0,2,-2,2
TraesCS5B02G265400,EIL,0,0,0,0
TraesCS5D02G273600,EIL,0,2,-2,2
TraesCS7D02G244600,EIL,0,0,0,0
TraesCS1B02G022900,FHA,0,1,-1,1
TraesCS1B02G178800,FHA,0,1,-1,1
TraesCS1D02G018400,FHA,0,1,-1,1
TraesCS4B02G129700,FHA,0,0,0,0
TraesCS4D02G317000,FHA,0,0,0,0
TraesCS5D02G454900,FHA,0,0,0,0
TraesCS6B02G449300,FHA,0,1,-1,1
TraesCS7A02G258700,FHA,0,1,-1,1
TraesCS7B02G156300,FHA,0,0,0,0
TraesCS2A02G264800,GARP_G2-like,0,2,-2,2
TraesCS2D02G119100,GARP_G2-like,0,1,-1,1
TraesCS5B02G075300,GARP_G2-like,0,2,-2,2
TraesCS5D02G081000,GARP_G2-like,0,1,-1,1
TraesCS6B02G424600,GARP_G2-like,0,1,-1,1
TraesCS3A02G165200,GeBP,0,2,-2,2
TraesCS3B02G119900,GeBP,0,0,0,0
TraesCS4D02G041600,GeBP,0,0,0,0
TraesCS5D02G241400,GeBP,0,2,-2,2
TraesCS6D02G305700,GeBP,0,1,-1,1
TraesCS7A02G199000,GeBP,0,1,-1,1
TraesCS7B02G105700,GeBP,0,1,-1,1
TraesCS1D02G421200,GRAS,0,6,-6,6
TraesCS2D02G198200,GRAS,0,0,0,0
TraesCS3A02G233000,GRAS,0,1,-1,1
TraesCS4D02G054000,GRAS,0,1,-1,1
TraesCS5A02G409800,GRAS,0,0,0,0
TraesCS5D02G152700,GRAS,0,2,-2,2
TraesCS5D02G332000,GRAS,0,2,-2,2
TraesCS5D02G422300,GRAS,0,1,-1,1
TraesCS7A02G059000,GRAS,0,1,-1,1
TraesCS2D02G246600,GRF,0,1,-1,1
TraesCS4B02G060000,GRF,0,2,-2,2
TraesCS1A02G395600,HD,0,1,-1,1
TraesCS2D02G127700,HD,0,0,0,0
TraesCS3B02G273900,HD,0,0,0,0
TraesCS3D02G141500,HD,0,2,-2,2
TraesCS3D02G245800,HD,0,0,0,0
TraesCS4B02G385200,HD,0,0,0,0
TraesCS4D02G359600,HD,0,0,0,0
TraesCS5A02G549700,HD,0,0,0,0
TraesCS5A02G142700,HD_PLINC,0,2,-2,2
TraesCS5D02G149400,HD_PLINC,0,1,-1,1
TraesCS4D02G303500,HD-Zip_I_II,0,0,0,0
TraesCS1A02G193400,HD-Zip_IV,0,1,-1,1
TraesCS1B02G208400,HD-Zip_IV,0,1,-1,1
TraesCS1D02G197300,HD-Zip_IV,0,1,-1,1
TraesCS3A02G305300,HD-Zip_IV,0,0,0,0
TraesCS3B02G331200,HD-Zip_IV,0,1,-1,1
TraesCS5B02G315100,HD-Zip_IV,0,1,-1,1
TraesCS2D02G195100,HRT,0,0,0,0
TraesCS5D02G445100,HSF,0,1,-1,1
TraesCS2A02G401600,HSF,0,1,-1,1
TraesCS3B02G314600,HSF,0,0,0,0
TraesCS3B02G323800,HSF,0,0,0,0
TraesCS4B02G278100,HSF,0,1,-1,1
TraesCS5B02G556200,HSF,0,1,-1,1
TraesCS3D02G427900,MADS_I,0,1,-1,1
TraesCS4A02G078700,MADS_II,0,2,-2,2
TraesCS2B02G200800,MADS_II,0,0,0,0
TraesCS3D02G284200,MADS_II,0,1,-1,1
TraesCS5A02G391700,MADS_II,0,2,-2,2
TraesCS5B02G396600,MADS_II,0,1,-1,1
TraesCS5D02G401500,MADS_II,0,2,-2,2
TraesCS6A02G158100,MADS_II,0,2,-2,2
TraesCS6B02G186700,MADS_II,0,1,-1,1
TraesCS6D02G147400,MADS_II,0,2,-2,2
TraesCS7A02G122000,MADS_II,0,1,-1,1
TraesCS1A02G067200,mTERF,0,1,-1,1
TraesCS1A02G252300,mTERF,0,0,0,0
TraesCS1D02G252000,mTERF,0,1,-1,1
TraesCS2A02G189200,mTERF,0,0,0,0
TraesCS2A02G525900,mTERF,0,0,0,0
TraesCS2B02G218100,mTERF,0,1,-1,1
TraesCS2D02G198500,mTERF,0,1,-1,1
TraesCS2D02G255600,mTERF,0,0,0,0
TraesCS4A02G023900,mTERF,0,0,0,0
TraesCS4B02G279700,mTERF,0,2,-2,2
TraesCS5B02G425900,mTERF,0,0,0,0
TraesCS6A02G019600,mTERF,0,1,-1,1
TraesCS6A02G021400,mTERF,0,2,-2,2
TraesCS6A02G032300,mTERF,0,1,-1,1
TraesCS6A02G035600,mTERF,0,0,0,0
TraesCS6A02G058000,mTERF,0,1,-1,1
TraesCS6A02G214200,mTERF,0,1,-1,1
TraesCS6B02G021900,mTERF,0,1,-1,1
TraesCS6B02G023200,mTERF,0,0,0,0
TraesCS6B02G045000,mTERF,0,2,-2,2
TraesCS6B02G045300,mTERF,0,1,-1,1
TraesCS6B02G045500,mTERF,0,3,-3,3
TraesCS6B02G076900,mTERF,0,1,-1,1
TraesCS6B02G090000,mTERF,0,2,-2,2
TraesCS6B02G395300,mTERF,0,1,-1,1
TraesCS6D02G018200,mTERF,0,0,0,0
TraesCS6D02G018800,mTERF,0,0,0,0
TraesCS6D02G021600,mTERF,0,0,0,0
TraesCS6D02G034400,mTERF,0,1,-1,1
TraesCS6D02G036100,mTERF,0,0,0,0
TraesCS6D02G036200,mTERF,0,0,0,0
TraesCS6D02G037100,mTERF,0,1,-1,1
TraesCS6D02G196900,mTERF,0,1,-1,1
TraesCS7B02G149800,mTERF,0,1,-1,1
TraesCS7D02G203000,mTERF,0,1,-1,1
TraesCS7D02G248600,mTERF,0,1,-1,1
TraesCSU02G118300,mTERF,0,0,0,0
TraesCS1B02G318800,MYB-related,0,0,0,0
TraesCS1A02G068300,MYB-related,0,1,-1,1
TraesCS1A02G219400,MYB-related,0,1,-1,1
TraesCS1A02G268800,MYB-related,0,1,-1,1
TraesCS1A02G278900,MYB-related,0,1,-1,1
TraesCS1B02G086600,MYB-related,0,0,0,0
TraesCS1B02G232800,MYB-related,0,2,-2,2
TraesCS1D02G125400,MYB-related,0,2,-2,2
TraesCS2A02G158900,MYB-related,0,0,0,0
TraesCS2A02G441300,MYB-related,0,1,-1,1
TraesCS2B02G399200,MYB-related,0,2,-2,2
TraesCS2B02G466500,MYB-related,0,5,-5,5
TraesCS2D02G337400,MYB-related,0,0,0,0
TraesCS2D02G444200,MYB-related,0,7,-7,7
TraesCS3A02G365200,MYB-related,0,0,0,0
TraesCS3B02G180300,MYB-related,0,6,-6,6
TraesCS3B02G367500,MYB-related,0,1,-1,1
TraesCS3D02G108000,MYB-related,0,1,-1,1
TraesCS3D02G161100,MYB-related,0,2,-2,2
TraesCS3D02G368000,MYB-related,0,0,0,0
TraesCS3D02G377300,MYB-related,0,2,-2,2
TraesCS3D02G432300,MYB-related,0,1,-1,1
TraesCS4D02G093900,MYB-related,0,0,0,0
TraesCS5A02G159600,MYB-related,0,0,0,0
TraesCS5A02G178500,MYB-related,0,0,0,0
TraesCS5A02G227400,MYB-related,0,1,-1,1
TraesCS5A02G307100,MYB-related,0,1,-1,1
TraesCS5A02G450800,MYB-related,0,1,-1,1
TraesCS5B02G307500,MYB-related,0,1,-1,1
TraesCS5B02G459200,MYB-related,0,1,-1,1
TraesCS5D02G128700,MYB-related,0,0,0,0
TraesCS5D02G164600,MYB-related,0,0,0,0
TraesCS5D02G274400,MYB-related,0,0,0,0
TraesCS5D02G314000,MYB-related,0,1,-1,1
TraesCS5D02G460800,MYB-related,0,1,-1,1
TraesCS6B02G266800,MYB-related,0,0,0,0
TraesCS6B02G296300,MYB-related,0,2,-2,2
TraesCS6D02G239800,MYB-related,0,1,-1,1
TraesCS7A02G299400,MYB-related,0,1,-1,1
TraesCS7A02G299800,MYB-related,0,0,0,0
TraesCS7B02G188000,MYB-related,0,1,-1,1
TraesCS7D02G458000,MYB-related,0,0,0,0
TraesCS2A02G459700,NAC,0,2,-2,2
TraesCS3A02G438900,NAC,0,0,0,0
TraesCS3B02G208300,NAC,0,0,0,0
TraesCS4B02G174000,NAC,0,0,0,0
TraesCS5B02G480900,NAC,0,1,-1,1
TraesCS6A02G208900,NAC,0,1,-1,1
TraesCS6A02G406700,NAC,0,0,0,0
TraesCS6B02G237900,NAC,0,3,-3,3
TraesCS6B02G451300,NAC,0,0,0,0
TraesCS6D02G140200,NAC,0,0,0,0
TraesCS6D02G192400,NAC,0,2,-2,2
TraesCS7A02G464100,NAC,0,4,-4,4
TraesCS7B02G196900,NAC,0,0,0,0
TraesCSU02G137200,NAC,0,0,0,0
TraesCS2D02G447400,PLATZ,0,3,-3,3
TraesCS6D02G250500,PLATZ,0,1,-1,1
TraesCS4B02G162200,RB,0,0,0,0
TraesCS7A02G264800,RB,0,0,0,0
TraesCS7D02G265600,RB,0,0,0,0
TraesCS2A02G404400,RWP-RK,0,2,-2,2
TraesCS2A02G404500,RWP-RK,0,3,-3,3
TraesCS2D02G350400,RWP-RK,0,1,-1,1
TraesCS2D02G401300,RWP-RK,0,1,-1,1
TraesCS2D02G401400,RWP-RK,0,3,-3,3
TraesCS3B02G190300,RWP-RK,0,0,0,0
TraesCS4D02G083200,RWP-RK,0,1,-1,1
TraesCS6D02G145200,SBP,0,0,0,0
TraesCS4B02G163500,Sigma70-like,0,2,-2,2
TraesCS2A02G039500,TAZ,0,0,0,0
TraesCS2B02G052300,TAZ,0,0,0,0
TraesCS6B02G135800,TAZ,0,0,0,0
TraesCS2B02G534800,tify,0,1,-1,1
TraesCS4A02G285900,tify,0,2,-2,2
TraesCS5A02G204900,tify,0,0,0,0
TraesCS1D02G336400,TUB,0,0,0,0
TraesCS2A02G120900,TUB,0,1,-1,1
TraesCS3A02G378300,TUB,0,0,0,0
TraesCS5B02G123800,TUB,0,0,0,0
TraesCS6D02G252800,TUB,0,1,-1,1
TraesCS3A02G317100,ULT,0,10,-10,10
TraesCS3B02G349300,ULT,0,8,-8,8
TraesCS3D02G314100,ULT,0,6,-6,6
TraesCS1A02G335900,VOZ,0,1,-1,1
TraesCS1D02G338300,VOZ,0,1,-1,1
TraesCS3D02G291600,VOZ,0,0,0,0
TraesCS6A02G131700,Whirly,0,0,0,0
TraesCS1D02G072900,WRKY,0,4,-4,4
TraesCS2B02G217400,WRKY,0,0,0,0
TraesCS3A02G347500,WRKY,0,2,-2,2
TraesCS3D02G341100,WRKY,0,2,-2,2
TraesCS4A02G128100,WRKY,0,1,-1,1
TraesCS4A02G246000,WRKY,0,0,0,0
TraesCS4B02G165900,WRKY,0,0,0,0
TraesCS4B02G176700,WRKY,0,2,-2,2
TraesCS4D02G068200,WRKY,0,0,0,0
TraesCS4D02G119700,WRKY,0,1,-1,1
TraesCS4D02G178400,WRKY,0,1,-1,1
TraesCS5A02G258100,WRKY,0,1,-1,1
TraesCS5A02G344100,WRKY,0,0,0,0
TraesCS5A02G395100,WRKY,0,2,-2,2
TraesCS5B02G108500,WRKY,0,1,-1,1
TraesCS5B02G257300,WRKY,0,1,-1,1
TraesCS5D02G070700,WRKY,0,0,0,0
TraesCS5D02G266300,WRKY,0,1,-1,1
TraesCS7B02G185400,WRKY,0,0,0,0
TraesCS7D02G287200,WRKY,0,1,-1,1
TraesCS5B02G153300,Zinc finger, MIZ type,0,2,-2,2
TraesCS5D02G160100,Zinc finger, MIZ type,0,2,-2,2
