Gene_name,TAM111,TAM112,diff,abs_diff
TraesCS4A02G231300,96,2325,-2229,2229
TraesCS3A02G325800,3,214,-211,211
TraesCS1B02G256000,63,258,-195,195
TraesCS2A02G389400,2,172,-170,170
TraesCS4A02G131000,11,140,-129,129
TraesCS6B02G315100,12,122,-110,110
TraesCS3B02G354900,3,97,-94,94
TraesCS5D02G452500,2,72,-70,70
TraesCS3D02G319200,3,72,-69,69
TraesCS1D02G244500,60,116,-56,56
TraesCS3B02G484100,17,70,-53,53
TraesCS1A02G244800,60,109,-49,49
TraesCS6B02G316600,19,68,-49,49
TraesCS2B02G119100,4,53,-49,49
TraesCS4A02G007900,13,61,-48,48
TraesCS6B02G360900,15,63,-48,48
TraesCS6B02G096600,13,59,-46,46
TraesCS5A02G387400,1,44,-43,43
TraesCS2B02G119000,5,48,-43,43
TraesCS5A02G330200,30,70,-40,40
TraesCS2D02G214100,10,49,-39,39
TraesCS2D02G414300,1,39,-38,38
TraesCS1B02G443800,1,39,-38,38
TraesCS2B02G228900,10,48,-38,38
TraesCS6D02G268000,34,71,-37,37
TraesCS1A02G413800,1,38,-37,37
TraesCS5D02G219300,2,38,-36,36
TraesCS5A02G155900,32,67,-35,35
TraesCS4A02G263300,51,85,-34,34
TraesCS6B02G096500,4,38,-34,34
TraesCS4D02G051600,25,58,-33,33
TraesCS2A02G559200,2,35,-33,33
TraesCS4A02G055700,10,42,-32,32
TraesCS5A02G275900,16,48,-32,32
TraesCS3B02G438800,7,38,-31,31
TraesCS3B02G323600,1,32,-31,31
TraesCS4B02G051500,55,85,-30,30
TraesCS7B02G072800,4,34,-30,30
TraesCS3B02G179500,8,38,-30,30
TraesCS3B02G158800,16,45,-29,29
TraesCS4D02G082600,51,79,-28,28
TraesCS2D02G444300,3,31,-28,28
TraesCS2A02G505600,9,36,-27,27
TraesCS2D02G417700,1,28,-27,27
TraesCS6A02G351300,1,28,-27,27
TraesCS1D02G084400,7,33,-26,26
TraesCS5B02G275200,11,36,-25,25
TraesCS6D02G098600,10,35,-25,25
TraesCS4B02G347100,1,25,-24,24
TraesCS2A02G488900,2,26,-24,24
TraesCS4D02G249200,6,29,-23,23
TraesCS6A02G108300,14,37,-23,23
TraesCS2A02G448300,1,24,-23,23
TraesCS5D02G494800,15,38,-23,23
TraesCS4D02G362800,12,34,-22,22
TraesCS4B02G173600,8,30,-22,22
TraesCS5D02G283200,21,43,-22,22
TraesCS7A02G189200,29,51,-22,22
TraesCS3D02G281900,6,28,-22,22
TraesCS1B02G100600,3,24,-21,21
TraesCS3B02G125500,2,23,-21,21
TraesCS2A02G201800,16,37,-21,21
TraesCS4D02G011500,33,54,-21,21
TraesCS5D02G037500,44,65,-21,21
TraesCS7B02G112400,68,88,-20,20
TraesCS2B02G534000,1,20,-19,19
TraesCS4A02G011600,38,57,-19,19
TraesCS4A02G006100,23,42,-19,19
TraesCS4D02G038500,4,23,-19,19
TraesCS2B02G483300,1,19,-18,18
TraesCS7B02G121800,10,28,-18,18
TraesCS4B02G037900,1,19,-18,18
TraesCS2B02G436100,0,17,-17,17
TraesCS2D02G372200,24,41,-17,17
TraesCS6B02G316700,59,76,-17,17
TraesCS7B02G204800,2,19,-17,17
TraesCS5B02G142100,0,17,-17,17
TraesCS4D02G296000,11,28,-17,17
TraesCS5A02G212800,0,17,-17,17
TraesCS6D02G089100,15,32,-17,17
TraesCS6D02G334000,1,18,-17,17
TraesCS5A02G233900,8,25,-17,17
TraesCS5D02G059300,1,18,-17,17
TraesCS1A02G372200,1,17,-16,16
TraesCS6A02G097700,1,17,-16,16
TraesCS2A02G376000,34,50,-16,16
TraesCS4A02G382200,21,37,-16,16
TraesCS4D02G297900,13,29,-16,16
TraesCS7B02G094000,34,50,-16,16
TraesCS6D02G358900,7,23,-16,16
TraesCS1B02G392000,14,29,-15,15
TraesCS6D02G084900,4,19,-15,15
TraesCS7D02G208000,64,79,-15,15
TraesCS3D02G370100,35,49,-14,14
TraesCS5A02G538600,8,22,-14,14
TraesCS5A02G143200,6,20,-14,14
TraesCS6D02G096300,8,22,-14,14
TraesCS2A02G323200,1,15,-14,14
TraesCS6D02G376400,1,15,-14,14
TraesCS7D02G483200,12,25,-13,13
TraesCS6B02G142000,1,14,-13,13
TraesCS7B02G292700,3,16,-13,13
TraesCS7D02G383300,3,16,-13,13
TraesCS1A02G304200,2,15,-13,13
TraesCS5A02G031900,1,13,-12,12
TraesCS7A02G206200,4,16,-12,12
TraesCS4B02G374400,16,28,-12,12
TraesCS6A02G311700,1,13,-12,12
TraesCS7D02G169000,4,16,-12,12
TraesCS7B02G072700,2,14,-12,12
TraesCS4A02G007800,8,20,-12,12
TraesCS1D02G252700,9,21,-12,12
TraesCS2A02G406900,12,24,-12,12
TraesCS2D02G401000,1,13,-12,12
TraesCS4A02G404700,3,14,-11,11
TraesCS7A02G168100,2,13,-11,11
TraesCS1D02G225200,6,17,-11,11
TraesCS2A02G232400,21,32,-11,11
TraesCS4D02G295900,7,18,-11,11
TraesCS2A02G577000,4,15,-11,11
TraesCS6B02G366700,5,15,-10,10
TraesCS5B02G236400,3,13,-10,10
TraesCS5B02G089200,1,11,-10,10
TraesCS2A02G101900,11,21,-10,10
TraesCS2A02G102000,9,19,-10,10
TraesCS3B02G093300,2,12,-10,10
TraesCS4B02G297000,1,11,-10,10
TraesCS7D02G172400,2,12,-10,10
TraesCS3B02G350200,7,17,-10,10
TraesCS3D02G141200,0,9,-9,9
TraesCS3D02G157100,1,10,-9,9
TraesCS7A02G377400,18,27,-9,9
TraesCS7D02G469200,8,17,-9,9
TraesCS3A02G442200,1,10,-9,9
TraesCS6A02G335500,11,20,-9,9
TraesCS5A02G083100,7,16,-9,9
TraesCS7B02G031000,16,25,-9,9
TraesCS3D02G243500,1,10,-9,9
TraesCS1B02G202100,0,9,-9,9
TraesCS3D02G529900,1,10,-9,9
TraesCS6B02G080700,2,11,-9,9
TraesCS7A02G144900,1,10,-9,9
TraesCS1B02G076300,6,14,-8,8
TraesCS6B02G158900,7,15,-8,8
TraesCS6D02G085000,2,10,-8,8
TraesCS3A02G142900,2,10,-8,8
TraesCS6A02G287300,23,31,-8,8
TraesCS4D02G338800,2,10,-8,8
TraesCS5D02G148800,1,9,-8,8
TraesCS3A02G288900,2,10,-8,8
TraesCS2A02G266000,8,16,-8,8
TraesCS3B02G006300,0,8,-8,8
TraesCS7A02G028100,13,21,-8,8
TraesCS1A02G364800,1,9,-8,8
TraesCS2A02G264600,1,9,-8,8
TraesCS3A02G123800,1,9,-8,8
TraesCS3D02G411900,12,20,-8,8
TraesCS3A02G114300,1,9,-8,8
TraesCS4D02G272700,1,9,-8,8
TraesCS5D02G397300,0,7,-7,7
TraesCS2D02G256600,4,11,-7,7
TraesCS2D02G286300,1,8,-7,7
TraesCS4A02G123800,2,9,-7,7
TraesCS4D02G182100,3,10,-7,7
TraesCS6B02G125900,1,8,-7,7
TraesCS6D02G315200,8,15,-7,7
TraesCS1D02G223200,2,9,-7,7
TraesCS5A02G373500,22,29,-7,7
TraesCS1D02G421200,1,8,-7,7
TraesCS5A02G511900,1,8,-7,7
TraesCS3A02G090300,0,7,-7,7
TraesCS3D02G361700,0,7,-7,7
TraesCS7A02G304500,3,10,-7,7
TraesCS2D02G101400,10,17,-7,7
TraesCS2D02G576400,0,7,-7,7
TraesCS4D02G175700,1,8,-7,7
TraesCS7D02G336000,3,10,-7,7
TraesCS1A02G154200,1,8,-7,7
TraesCS2D02G174500,1,8,-7,7
TraesCS7B02G002500,0,7,-7,7
TraesCS1D02G066000,1,8,-7,7
TraesCS2B02G605400,14,21,-7,7
TraesCS3D02G418900,1,8,-7,7
TraesCS7D02G460700,1,8,-7,7
TraesCS7A02G322600,0,7,-7,7
TraesCS1D02G225000,8,14,-6,6
TraesCS2D02G506500,6,12,-6,6
TraesCS7B02G113400,1,7,-6,6
TraesCS6A02G287400,45,51,-6,6
TraesCS4D02G261600,5,11,-6,6
TraesCS5D02G244800,6,12,-6,6
TraesCS3B02G105700,2,8,-6,6
TraesCS1A02G223600,3,9,-6,6
TraesCS2B02G466500,0,6,-6,6
TraesCS2D02G444200,0,6,-6,6
TraesCS7D02G390300,9,15,-6,6
TraesCS5B02G211000,3,9,-6,6
TraesCS1D02G292700,1,7,-6,6
TraesCS3D02G034700,1,7,-6,6
TraesCS5A02G192600,1,7,-6,6
TraesCS1A02G257900,12,18,-6,6
TraesCSU02G163500,0,6,-6,6
TraesCS2A02G161400,1,7,-6,6
TraesCS1A02G164900,1,7,-6,6
TraesCS2B02G051500,0,6,-6,6
TraesCS3A02G423600,1,7,-6,6
TraesCS3D02G020700,3,9,-6,6
TraesCS5B02G232400,2,8,-6,6
TraesCS7A02G228300,1,7,-6,6
TraesCS7D02G246400,0,6,-6,6
TraesCS1B02G233300,1,6,-5,5
TraesCS6D02G309600,17,22,-5,5
TraesCS4D02G302700,8,13,-5,5
TraesCS5A02G420200,2,7,-5,5
TraesCS2B02G403100,1,6,-5,5
TraesCS7A02G214500,11,16,-5,5
TraesCS6B02G341900,0,5,-5,5
TraesCSU02G070700,2,7,-5,5
TraesCS7A02G205100,49,54,-5,5
TraesCS7B02G036500,7,12,-5,5
TraesCS3D02G314100,1,6,-5,5
TraesCS7A02G338500,1,6,-5,5
TraesCS1A02G366800,0,5,-5,5
TraesCS3D02G288700,1,6,-5,5
TraesCS7A02G386400,2,7,-5,5
TraesCS2A02G254400,1,6,-5,5
TraesCS2B02G417200,0,5,-5,5
TraesCS6D02G061200,1,6,-5,5
TraesCS6D02G108200,1,6,-5,5
TraesCS2D02G485200,3,8,-5,5
TraesCS7D02G203100,1,6,-5,5
TraesCS3B02G166500,1,6,-5,5
TraesCS3D02G248700,0,5,-5,5
TraesCS1B02G366000,1,6,-5,5
TraesCS2A02G058300,1,6,-5,5
TraesCS1B02G236700,10,14,-4,4
TraesCS1D02G059200,3,7,-4,4
TraesCS3A02G313100,9,13,-4,4
TraesCS4D02G298400,2,6,-4,4
TraesCS6B02G210300,0,4,-4,4
TraesCS7A02G250900,6,10,-4,4
TraesCS6D02G127600,0,4,-4,4
TraesCS5A02G401600,1,5,-4,4
TraesCS6B02G301000,4,8,-4,4
TraesCS1D02G220900,1,5,-4,4
TraesCS7D02G078800,9,13,-4,4
TraesCS6B02G354900,3,7,-4,4
TraesCS2A02G146400,2,6,-4,4
TraesCS4A02G078700,0,4,-4,4
TraesCS4B02G245800,0,4,-4,4
TraesCS1B02G383800,2,6,-4,4
TraesCS1D02G043300,1,5,-4,4
TraesCS4D02G142900,1,5,-4,4
TraesCS6D02G286300,1,5,-4,4
TraesCS7A02G464100,0,4,-4,4
TraesCS7A02G549000,1,5,-4,4
TraesCS7D02G452500,5,9,-4,4
TraesCS1A02G426700,1,5,-4,4
TraesCS3D02G497300,5,9,-4,4
TraesCS1A02G401800,1,5,-4,4
TraesCS6D02G030800,1,5,-4,4
TraesCS3D02G165700,0,4,-4,4
TraesCS5D02G433900,1,5,-4,4
TraesCS6B02G230800,0,4,-4,4
TraesCS1B02G265000,6,10,-4,4
TraesCS3B02G331900,1,5,-4,4
TraesCS5B02G479900,1,5,-4,4
TraesCS6A02G218800,1,5,-4,4
TraesCS6D02G297100,5,9,-4,4
TraesCS7B02G076700,1,5,-4,4
TraesCS2A02G418400,0,4,-4,4
TraesCS5A02G276900,1,5,-4,4
TraesCS4A02G276900,0,4,-4,4
TraesCS1A02G427200,0,4,-4,4
TraesCS3A02G280200,1,5,-4,4
TraesCS2D02G440600,0,4,-4,4
TraesCS1A02G274200,1,5,-4,4
TraesCS4B02G151600,1,5,-4,4
TraesCS7B02G189900,0,4,-4,4
TraesCS3D02G372900,1,4,-3,3
TraesCS4B02G180600,1,4,-3,3
TraesCS6B02G126600,0,3,-3,3
TraesCS2A02G461700,9,12,-3,3
TraesCS2D02G461700,18,21,-3,3
TraesCS4D02G342000,3,6,-3,3
TraesCS6A02G114100,3,6,-3,3
TraesCS2B02G392900,16,19,-3,3
TraesCS5B02G087600,2,5,-3,3
TraesCS7B02G121900,9,12,-3,3
TraesCS7D02G216800,2,5,-3,3
TraesCS4D02G107100,1,4,-3,3
TraesCS6D02G315700,13,16,-3,3
TraesCS5B02G243800,10,13,-3,3
TraesCS5D02G253100,16,19,-3,3
TraesCS3A02G231600,1,4,-3,3
TraesCS5A02G237600,1,4,-3,3
TraesCS2A02G422400,6,9,-3,3
TraesCS1B02G236900,3,6,-3,3
TraesCS1D02G204500,1,4,-3,3
TraesCS1D02G371400,0,3,-3,3
TraesCS3A02G153700,0,3,-3,3
TraesCS4D02G102100,1,4,-3,3
TraesCS7A02G130700,11,14,-3,3
TraesCS7D02G135200,2,5,-3,3
TraesCS2A02G101000,11,14,-3,3
TraesCS2A02G101400,1,4,-3,3
TraesCS3A02G078400,5,8,-3,3
TraesCS4B02G132500,2,5,-3,3
TraesCS3A02G497900,1,4,-3,3
TraesCS7A02G208000,1,4,-3,3
TraesCS2B02G359400,1,4,-3,3
TraesCS3A02G317100,0,3,-3,3
TraesCS1B02G088900,0,3,-3,3
TraesCS6D02G136200,1,4,-3,3
TraesCS1A02G065700,0,3,-3,3
TraesCS1A02G195000,1,4,-3,3
TraesCS2A02G442300,1,4,-3,3
TraesCS6A02G033300,1,4,-3,3
TraesCS4D02G249300,1,4,-3,3
TraesCS1A02G100400,1,4,-3,3
TraesCS6A02G036400,1,4,-3,3
TraesCS7A02G343300,1,4,-3,3
TraesCSU02G028100,0,3,-3,3
TraesCS1D02G222600,1,4,-3,3
TraesCS2B02G118100,0,3,-3,3
TraesCS6B02G302400,2,5,-3,3
TraesCS7A02G081000,0,3,-3,3
TraesCS1A02G244200,1,4,-3,3
TraesCS5D02G103100,0,3,-3,3
TraesCS7A02G019400,0,3,-3,3
TraesCS7A02G356100,1,4,-3,3
TraesCS3B02G142800,1,4,-3,3
TraesCS4B02G384500,1,4,-3,3
TraesCS4D02G365000,3,6,-3,3
TraesCS7A02G282700,0,3,-3,3
TraesCS7D02G355100,2,5,-3,3
TraesCS1D02G275000,1,4,-3,3
TraesCS1D02G396300,1,4,-3,3
TraesCS2A02G404000,1,4,-3,3
TraesCS3A02G248800,0,3,-3,3
TraesCS3B02G277500,0,3,-3,3
TraesCS6B02G122200,0,3,-3,3
TraesCS6B02G402300,5,8,-3,3
TraesCS3A02G360100,0,3,-3,3
TraesCS6B02G440500,0,3,-3,3
TraesCS7B02G222800,0,3,-3,3
TraesCS1B02G200100,0,3,-3,3
TraesCS7A02G391000,0,3,-3,3
TraesCS1A02G328400,1,4,-3,3
TraesCS2A02G063600,1,4,-3,3
TraesCS2A02G554300,1,3,-2,2
TraesCS2B02G482400,0,2,-2,2
TraesCS2D02G560000,1,3,-2,2
TraesCS4D02G249400,0,2,-2,2
TraesCS1B02G235100,1,3,-2,2
TraesCS2B02G304800,0,2,-2,2
TraesCS3B02G176200,0,2,-2,2
TraesCS5D02G486600,0,2,-2,2
TraesCS6B02G331000,0,2,-2,2
TraesCS6D02G084200,1,3,-2,2
TraesCS6D02G281200,1,3,-2,2
TraesCS7A02G495800,2,4,-2,2
TraesCS7D02G170600,1,3,-2,2
TraesCS3B02G106900,1,3,-2,2
TraesCS2B02G273500,1,3,-2,2
TraesCS4B02G056600,0,2,-2,2
TraesCS4B02G304500,8,10,-2,2
TraesCS6B02G462100,1,3,-2,2
TraesCS1B02G353700,0,2,-2,2
TraesCS1D02G343000,0,2,-2,2
TraesCS3A02G538400,1,3,-2,2
TraesCS2A02G386200,1,3,-2,2
TraesCS4A02G276700,0,2,-2,2
TraesCS1A02G288500,3,5,-2,2
TraesCS2B02G378700,1,3,-2,2
TraesCS7D02G216600,18,20,-2,2
TraesCS5D02G065300,1,3,-2,2
TraesCS4A02G180900,11,13,-2,2
TraesCS7D02G201700,1,3,-2,2
TraesCS7A02G168000,12,14,-2,2
TraesCS2A02G305400,1,3,-2,2
TraesCS5A02G199300,3,5,-2,2
TraesCS6A02G324500,3,5,-2,2
TraesCS7A02G270100,6,8,-2,2
TraesCS5D02G321000,1,3,-2,2
TraesCS7D02G261900,0,2,-2,2
TraesCS3A02G284400,1,3,-2,2
TraesCS5D02G401500,0,2,-2,2
TraesCS6B02G186700,0,2,-2,2
TraesCS1B02G097500,0,2,-2,2
TraesCS3D02G109100,0,2,-2,2
TraesCS4A02G211100,8,10,-2,2
TraesCS5D02G095600,1,3,-2,2
TraesCS5D02G149600,12,14,-2,2
TraesCS2D02G305300,3,5,-2,2
TraesCS3D02G078900,5,7,-2,2
TraesCS5B02G141900,1,3,-2,2
TraesCS7A02G263100,1,3,-2,2
TraesCS2B02G469000,0,2,-2,2
TraesCS2D02G401400,0,2,-2,2
TraesCS7B02G115200,1,3,-2,2
TraesCS7A02G270900,1,3,-2,2
TraesCS4D02G064200,1,3,-2,2
TraesCS3B02G349300,0,2,-2,2
TraesCS2A02G261900,0,2,-2,2
TraesCS2B02G622300,1,3,-2,2
TraesCS4B02G195700,0,2,-2,2
TraesCS1D02G333100,0,2,-2,2
TraesCS1D02G448600,0,2,-2,2
TraesCS3A02G115700,1,3,-2,2
TraesCS4B02G194700,2,4,-2,2
TraesCS5A02G122600,1,3,-2,2
TraesCS7A02G256900,1,3,-2,2
TraesCS7B02G030400,1,3,-2,2
TraesCS7D02G004300,0,2,-2,2
TraesCS7D02G546100,0,2,-2,2
TraesCS1D02G194000,2,4,-2,2
TraesCS5B02G131700,1,3,-2,2
TraesCS5B02G350400,0,2,-2,2
TraesCS1B02G480900,0,2,-2,2
TraesCS2A02G304600,1,3,-2,2
TraesCS3A02G178200,0,2,-2,2
TraesCS4B02G340300,0,2,-2,2
TraesCS5A02G163700,0,2,-2,2
TraesCS5A02G509700,0,2,-2,2
TraesCS5B02G146400,2,4,-2,2
TraesCS5B02G186200,1,3,-2,2
TraesCS5B02G213500,0,2,-2,2
TraesCS6B02G211300,0,2,-2,2
TraesCS7D02G287100,1,3,-2,2
TraesCS1B02G206700,0,2,-2,2
TraesCS2A02G207700,0,2,-2,2
TraesCS5A02G092700,0,2,-2,2
TraesCS6B02G117100,0,2,-2,2
TraesCS6D02G316200,1,3,-2,2
TraesCS3B02G064600,0,2,-2,2
TraesCS5D02G249600,1,3,-2,2
TraesCS5D02G439200,0,2,-2,2
TraesCS6D02G100900,0,2,-2,2
TraesCS7B02G262100,0,2,-2,2
TraesCS3A02G268700,0,2,-2,2
TraesCS3A02G289500,1,3,-2,2
TraesCS4A02G299400,1,3,-2,2
TraesCS4D02G053400,0,2,-2,2
TraesCS4D02G147400,1,3,-2,2
TraesCS5D02G119400,0,2,-2,2
TraesCS7B02G163200,0,2,-2,2
TraesCS7D02G284800,0,2,-2,2
TraesCS2A02G491300,0,2,-2,2
TraesCS3A02G399000,0,2,-2,2
TraesCS4A02G202900,0,2,-2,2
TraesCS5A02G184900,0,2,-2,2
TraesCS7B02G148800,1,3,-2,2
TraesCS7D02G241200,2,4,-2,2
TraesCS7D02G342200,1,3,-2,2
TraesCS1A02G112600,1,3,-2,2
TraesCS1D02G436900,1,3,-2,2
TraesCS2D02G380600,1,3,-2,2
TraesCS3D02G403600,1,3,-2,2
TraesCS5A02G444400,1,3,-2,2
TraesCS5D02G183500,0,2,-2,2
TraesCS7A02G450100,2,4,-2,2
TraesCS7A02G344400,0,2,-2,2
TraesCS7D02G335100,0,2,-2,2
TraesCS1A02G356300,1,3,-2,2
TraesCS1B02G018900,0,2,-2,2
TraesCS2A02G367300,1,3,-2,2
TraesCS4D02G089000,0,2,-2,2
TraesCS5B02G371200,2,4,-2,2
TraesCS7B02G299600,0,2,-2,2
TraesCS1B02G165100,1,3,-2,2
TraesCS2A02G119800,0,2,-2,2
TraesCS2D02G300000,1,3,-2,2
TraesCS3A02G197600,0,2,-2,2
TraesCS3D02G131200,1,3,-2,2
TraesCS5B02G562200,0,2,-2,2
TraesCS6A02G086000,0,2,-2,2
TraesCS7A02G027800,0,2,-2,2
TraesCS7D02G127200,0,2,-2,2
TraesCSU02G113800,1,3,-2,2
TraesCS2A02G077500,0,1,-1,1
TraesCS2A02G159800,0,1,-1,1
TraesCS2B02G589800,2,3,-1,1
TraesCS3D02G285300,0,1,-1,1
TraesCS4A02G233900,0,1,-1,1
TraesCS4B02G249100,0,1,-1,1
TraesCS4D02G299700,1,2,-1,1
TraesCS5A02G438600,2,3,-1,1
TraesCS5D02G134700,0,1,-1,1
TraesCS5D02G411500,0,1,-1,1
TraesCS6D02G240600,0,1,-1,1
TraesCS7A02G329600,0,1,-1,1
TraesCS7A02G399500,5,6,-1,1
TraesCS7B02G230100,0,1,-1,1
TraesCS7D02G326300,0,1,-1,1
TraesCS1A02G231200,0,1,-1,1
TraesCS1A02G272300,1,2,-1,1
TraesCS1B02G254300,0,1,-1,1
TraesCS1B02G392200,1,2,-1,1
TraesCS2A02G415100,0,1,-1,1
TraesCS2A02G415300,0,1,-1,1
TraesCS2A02G427700,1,2,-1,1
TraesCS2A02G514300,0,1,-1,1
TraesCS2B02G542400,0,1,-1,1
TraesCS2D02G412400,0,1,-1,1
TraesCS4A02G088400,0,1,-1,1
TraesCS4B02G215800,0,1,-1,1
TraesCS4D02G291300,1,2,-1,1
TraesCS5D02G318100,0,1,-1,1
TraesCS6A02G171900,0,1,-1,1
TraesCS6A02G181400,0,1,-1,1
TraesCS6B02G159600,0,1,-1,1
TraesCS6B02G280800,9,10,-1,1
TraesCS6B02G375400,0,1,-1,1
TraesCS6D02G121100,0,1,-1,1
TraesCS7D02G372700,0,1,-1,1
TraesCS1A02G156600,0,1,-1,1
TraesCS2A02G309300,0,1,-1,1
TraesCS2A02G567300,0,1,-1,1
TraesCS2B02G397300,0,1,-1,1
TraesCS3B02G273400,0,1,-1,1
TraesCS7A02G461700,0,1,-1,1
TraesCS7D02G250100,1,2,-1,1
TraesCS7D02G409700,0,1,-1,1
TraesCS6D02G180000,0,1,-1,1
TraesCS3A02G346300,2,3,-1,1
TraesCS3D02G091700,1,2,-1,1
TraesCS4D02G225200,1,2,-1,1
TraesCS2D02G448000,1,2,-1,1
TraesCS3B02G236900,0,1,-1,1
TraesCS3B02G476000,2,3,-1,1
TraesCS4D02G056900,0,1,-1,1
TraesCS5A02G230500,1,2,-1,1
TraesCS5B02G054800,1,2,-1,1
TraesCS6B02G295900,0,1,-1,1
TraesCS7B02G211600,0,1,-1,1
TraesCS1A02G332600,0,1,-1,1
TraesCS1D02G335300,0,1,-1,1
TraesCS5A02G309300,0,1,-1,1
TraesCS6A02G412800,0,1,-1,1
TraesCS6D02G397000,1,2,-1,1
TraesCS7D02G187600,2,3,-1,1
TraesCS4A02G268500,0,1,-1,1
TraesCS6B02G323400,0,1,-1,1
TraesCS6D02G274100,0,1,-1,1
TraesCS7B02G400600,0,1,-1,1
TraesCS7D02G484400,0,1,-1,1
TraesCS1D02G274700,1,2,-1,1
TraesCS2A02G591000,0,1,-1,1
TraesCS2B02G592900,0,1,-1,1
TraesCS2D02G399500,0,1,-1,1
TraesCS3A02G271700,0,1,-1,1
TraesCS3B02G608800,0,1,-1,1
TraesCS3D02G271300,0,1,-1,1
TraesCS5A02G479400,0,1,-1,1
TraesCS1A02G340900,0,1,-1,1
TraesCS3B02G603900,0,1,-1,1
TraesCS5A02G022100,0,1,-1,1
TraesCS5B02G018600,0,1,-1,1
TraesCS7B02G264800,2,3,-1,1
TraesCS1B02G203800,0,1,-1,1
TraesCS5B02G025100,0,1,-1,1
TraesCS1A02G414400,0,1,-1,1
TraesCS1B02G425600,0,1,-1,1
TraesCS1D02G405300,0,1,-1,1
TraesCS1D02G421700,0,1,-1,1
TraesCS2B02G051800,0,1,-1,1
TraesCS3D02G181900,0,1,-1,1
TraesCS4D02G122500,0,1,-1,1
TraesCS5D02G119200,0,1,-1,1
TraesCS6A02G340600,0,1,-1,1
TraesCS6B02G372100,0,1,-1,1
TraesCS6D02G321200,0,1,-1,1
TraesCS7A02G298900,0,1,-1,1
TraesCS7D02G294600,0,1,-1,1
TraesCS5B02G521100,0,1,-1,1
TraesCS1A02G411700,0,1,-1,1
TraesCS2D02G180700,0,1,-1,1
TraesCS4A02G306400,0,1,-1,1
TraesCS4B02G008300,1,2,-1,1
TraesCS6B02G093900,0,1,-1,1
TraesCS6D02G291000,0,1,-1,1
TraesCS2D02G099400,0,1,-1,1
TraesCS4A02G129400,0,1,-1,1
TraesCS5A02G265700,0,1,-1,1
TraesCS5D02G273600,0,1,-1,1
TraesCS3B02G504100,0,1,-1,1
TraesCS4A02G206100,1,2,-1,1
TraesCS4B02G109700,1,2,-1,1
TraesCS6B02G449300,0,1,-1,1
TraesCS6D02G388400,0,1,-1,1
TraesCS7A02G258700,0,1,-1,1
TraesCS2A02G116100,0,1,-1,1
TraesCS2A02G264800,0,1,-1,1
TraesCS2D02G119100,0,1,-1,1
TraesCS3D02G531900,0,1,-1,1
TraesCS5B02G075300,0,1,-1,1
TraesCS5D02G081000,0,1,-1,1
TraesCS5D02G411800,2,3,-1,1
TraesCS2B02G176900,0,1,-1,1
TraesCS3A02G165200,0,1,-1,1
TraesCS3D02G176400,0,1,-1,1
TraesCS5D02G241400,0,1,-1,1
TraesCS6A02G326000,0,1,-1,1
TraesCS7B02G105700,0,1,-1,1
TraesCS2D02G194800,2,3,-1,1
TraesCS3A02G408000,0,1,-1,1
TraesCS4D02G054000,0,1,-1,1
TraesCS4D02G135500,1,2,-1,1
TraesCS5A02G535000,1,2,-1,1
TraesCS5D02G332000,0,1,-1,1
TraesCS5D02G422300,0,1,-1,1
TraesCS7A02G059000,0,1,-1,1
TraesCS7B02G078300,0,1,-1,1
TraesCS2A02G435100,0,1,-1,1
TraesCS4B02G060000,0,1,-1,1
TraesCS3D02G141500,0,1,-1,1
TraesCS2D02G303900,1,2,-1,1
TraesCS3B02G258400,0,1,-1,1
TraesCS3D02G224100,0,1,-1,1
TraesCS5A02G142700,0,1,-1,1
TraesCS6D02G253700,1,2,-1,1
TraesCS1D02G197300,0,1,-1,1
TraesCS2B02G497500,0,1,-1,1
TraesCS5B02G315100,0,1,-1,1
TraesCS6D02G304300,2,3,-1,1
TraesCS5D02G445100,0,1,-1,1
TraesCS1D02G382900,1,2,-1,1
TraesCS4B02G385800,1,2,-1,1
TraesCS5A02G237900,1,2,-1,1
TraesCS5B02G236100,0,1,-1,1
TraesCS3D02G427900,0,1,-1,1
TraesCS2B02G281000,0,1,-1,1
TraesCS2D02G262700,0,1,-1,1
TraesCS4D02G276100,0,1,-1,1
TraesCS5B02G396600,0,1,-1,1
TraesCS6A02G158100,0,1,-1,1
TraesCS6D02G147400,0,1,-1,1
TraesCS7A02G122000,0,1,-1,1
TraesCS7B02G020800,0,1,-1,1
TraesCS1B02G047700,0,1,-1,1
TraesCS1B02G063100,0,1,-1,1
TraesCS1B02G441100,0,1,-1,1
TraesCS1D02G252000,0,1,-1,1
TraesCS2B02G218100,0,1,-1,1
TraesCS4B02G279700,0,1,-1,1
TraesCS5D02G030400,1,2,-1,1
TraesCS5D02G030500,0,1,-1,1
TraesCS6A02G016800,0,1,-1,1
TraesCS6A02G021400,0,1,-1,1
TraesCS6A02G030000,0,1,-1,1
TraesCS6A02G214200,0,1,-1,1
TraesCS6B02G027600,0,1,-1,1
TraesCS6B02G045000,0,1,-1,1
TraesCS6B02G045500,0,1,-1,1
TraesCS6B02G076900,0,1,-1,1
TraesCS6B02G090000,0,1,-1,1
TraesCS6D02G022000,0,1,-1,1
TraesCS6D02G025200,0,1,-1,1
TraesCS6D02G037100,0,1,-1,1
TraesCS6D02G040000,0,1,-1,1
TraesCS6D02G196900,0,1,-1,1
TraesCS7B02G141200,0,1,-1,1
TraesCS7B02G149800,0,1,-1,1
TraesCS7D02G448700,0,1,-1,1
TraesCSU02G029100,0,1,-1,1
TraesCS1A02G219400,0,1,-1,1
TraesCS1D02G125400,0,1,-1,1
TraesCS1D02G220500,1,2,-1,1
TraesCS1D02G283100,0,1,-1,1
TraesCS2A02G338200,0,1,-1,1
TraesCS2B02G399200,0,1,-1,1
TraesCS2D02G158300,0,1,-1,1
TraesCS3A02G251200,3,4,-1,1
TraesCS3A02G375500,1,2,-1,1
TraesCS3B02G286500,10,11,-1,1
TraesCS3B02G416400,0,1,-1,1
TraesCS3D02G161100,1,2,-1,1
TraesCS3D02G377300,0,1,-1,1
TraesCS4A02G075200,0,1,-1,1
TraesCS4A02G217800,1,2,-1,1
TraesCS4B02G096500,1,2,-1,1
TraesCS5A02G111300,1,2,-1,1
TraesCS5A02G307100,0,1,-1,1
TraesCS5A02G450800,0,1,-1,1
TraesCS5B02G459200,0,1,-1,1
TraesCS5D02G314000,0,1,-1,1
TraesCS5D02G460800,0,1,-1,1
TraesCS6A02G173800,0,1,-1,1
TraesCS6A02G224400,0,1,-1,1
TraesCS6A02G344700,0,1,-1,1
TraesCS6B02G296300,0,1,-1,1
TraesCS6D02G210500,0,1,-1,1
TraesCS6D02G327300,0,1,-1,1
TraesCS7A02G304600,0,1,-1,1
TraesCSU02G069000,4,5,-1,1
TraesCS2A02G326600,3,4,-1,1
TraesCS2A02G459700,0,1,-1,1
TraesCS2B02G353900,1,2,-1,1
TraesCS2B02G399700,0,1,-1,1
TraesCS3A02G406000,1,2,-1,1
TraesCS5A02G500700,5,6,-1,1
TraesCS5B02G480900,0,1,-1,1
TraesCS6A02G208900,0,1,-1,1
TraesCS6B02G237900,0,1,-1,1
TraesCS6B02G433100,1,2,-1,1
TraesCS6D02G192400,0,1,-1,1
TraesCS2D02G447400,0,1,-1,1
TraesCS6D02G250500,0,1,-1,1
TraesCS2D02G079600,1,2,-1,1
TraesCS2A02G404400,0,1,-1,1
TraesCS2A02G404500,0,1,-1,1
TraesCS2D02G401300,0,1,-1,1
TraesCS4B02G085200,0,1,-1,1
TraesCS4D02G083200,0,1,-1,1
TraesCS5B02G286000,3,4,-1,1
TraesCS1B02G467100,0,1,-1,1
TraesCSU02G136000,1,2,-1,1
TraesCS3B02G552400,2,3,-1,1
TraesCS7B02G306300,1,2,-1,1
TraesCS2B02G534800,0,1,-1,1
TraesCS4B02G297100,1,2,-1,1
TraesCS6D02G252800,0,1,-1,1
TraesCS1A02G070400,1,2,-1,1
TraesCS1A02G298600,2,3,-1,1
TraesCS1A02G358400,0,1,-1,1
TraesCS1A02G410500,0,1,-1,1
TraesCS1D02G429900,1,2,-1,1
TraesCS2A02G330500,0,1,-1,1
TraesCS2B02G351600,0,1,-1,1
TraesCS2D02G168600,0,1,-1,1
TraesCS2D02G190500,0,1,-1,1
TraesCS3A02G111200,0,1,-1,1
TraesCS3A02G167200,1,2,-1,1
TraesCS3A02G347500,0,1,-1,1
TraesCS3D02G113200,0,1,-1,1
TraesCS4A02G128100,0,1,-1,1
TraesCS4B02G176700,0,1,-1,1
TraesCS4D02G178400,0,1,-1,1
TraesCS5A02G258100,0,1,-1,1
TraesCS5A02G395100,0,1,-1,1
TraesCS5B02G108500,0,1,-1,1
TraesCS5B02G257300,0,1,-1,1
TraesCS5B02G399900,0,1,-1,1
TraesCS5D02G266300,0,1,-1,1
TraesCS5B02G153300,0,1,-1,1
TraesCS5D02G160100,0,1,-1,1
TraesCS1A02G126800,0,1,-1,1
TraesCS1A02G158400,0,1,-1,1
TraesCS1B02G065700,0,1,-1,1
TraesCS1D02G041300,0,1,-1,1
TraesCS1D02G254600,0,1,-1,1
TraesCS2A02G084900,0,1,-1,1
TraesCS2D02G241500,1,2,-1,1
TraesCS3A02G192500,0,1,-1,1
TraesCS4A02G179700,0,1,-1,1
TraesCS4B02G006700,0,1,-1,1
TraesCS5D02G260400,0,1,-1,1
TraesCS6B02G094100,1,2,-1,1
TraesCS6B02G094400,0,1,-1,1
TraesCS6B02G166100,0,1,-1,1
TraesCS6D02G124500,1,2,-1,1
TraesCS6D02G126400,0,1,-1,1
TraesCS7A02G429200,1,2,-1,1
TraesCS7B02G225600,0,1,-1,1
TraesCS7D02G103900,0,1,-1,1
TraesCS1A02G075600,0,1,-1,1
TraesCS1A02G270500,0,1,-1,1
TraesCS1A02G302900,0,1,-1,1
TraesCS1A02G349600,0,1,-1,1
TraesCS1B02G055300,0,1,-1,1
TraesCS1B02G161200,0,1,-1,1
TraesCS1B02G306500,0,1,-1,1
TraesCS1D02G096000,1,2,-1,1
TraesCS2B02G082500,0,1,-1,1
TraesCS2B02G198300,1,2,-1,1
TraesCS2D02G378700,0,1,-1,1
TraesCS3A02G415400,0,1,-1,1
TraesCS3B02G112600,0,1,-1,1
TraesCS4A02G131600,0,1,-1,1
TraesCS4B02G023400,0,1,-1,1
TraesCS4D02G011700,0,1,-1,1
TraesCS4D02G195300,0,1,-1,1
TraesCS5A02G006200,0,1,-1,1
TraesCS5A02G115800,1,2,-1,1
TraesCS5A02G193200,0,1,-1,1
TraesCS5A02G206200,0,1,-1,1
TraesCS5A02G466100,0,1,-1,1
TraesCS5B02G509300,1,2,-1,1
TraesCS5D02G478900,0,1,-1,1
TraesCS5D02G479000,0,1,-1,1
TraesCS6D02G320100,0,1,-1,1
TraesCS7A02G561800,0,1,-1,1
TraesCS7B02G031700,0,1,-1,1
TraesCS7B02G112700,0,1,-1,1
TraesCS7D02G473600,0,1,-1,1
TraesCS1B02G425700,1,2,-1,1
TraesCS1D02G442400,0,1,-1,1
TraesCS1D02G442900,0,1,-1,1
TraesCS1D02G446300,0,1,-1,1
TraesCS1D02G447000,0,1,-1,1
TraesCS1D02G449900,0,1,-1,1
TraesCS1D02G452900,0,1,-1,1
TraesCS2A02G073700,0,1,-1,1
TraesCS2D02G574200,0,1,-1,1
TraesCS2D02G593800,0,1,-1,1
TraesCS3B02G284600,0,1,-1,1
TraesCS3B02G534900,0,1,-1,1
TraesCS3D02G525800,0,1,-1,1
TraesCS4B02G341200,0,1,-1,1
TraesCS5A02G317900,0,1,-1,1
TraesCS5A02G436100,0,1,-1,1
TraesCS7B02G289400,0,1,-1,1
TraesCS1A02G357200,1,2,-1,1
TraesCS1B02G292000,0,1,-1,1
TraesCS1D02G146500,0,1,-1,1
TraesCS1D02G386700,0,1,-1,1
TraesCS2A02G110400,0,1,-1,1
TraesCS2A02G277500,0,1,-1,1
TraesCS2A02G401500,0,1,-1,1
TraesCS2B02G215700,0,1,-1,1
TraesCS2B02G419500,0,1,-1,1
TraesCS2D02G272100,0,1,-1,1
TraesCS2D02G359600,0,1,-1,1
TraesCS3A02G193700,0,1,-1,1
TraesCS3A02G212200,0,1,-1,1
TraesCS3A02G253600,0,1,-1,1
TraesCS3B02G208800,1,2,-1,1
TraesCS3B02G314200,1,2,-1,1
TraesCS3B02G396800,0,1,-1,1
TraesCS3D02G199700,0,1,-1,1
TraesCS3D02G265600,1,2,-1,1
TraesCS4A02G185200,0,1,-1,1
TraesCS4D02G148500,1,2,-1,1
TraesCS5A02G444600,0,1,-1,1
TraesCS5B02G142600,0,1,-1,1
TraesCS5D02G057000,0,1,-1,1
TraesCS5D02G064600,0,1,-1,1
TraesCS5D02G214800,1,2,-1,1
TraesCS5D02G300300,0,1,-1,1
TraesCS6A02G340400,1,2,-1,1
TraesCS6A02G402500,0,1,-1,1
TraesCS6B02G223400,0,1,-1,1
TraesCS6D02G100700,0,1,-1,1
TraesCS7A02G179300,1,2,-1,1
TraesCS7A02G421600,0,1,-1,1
TraesCS7B02G197800,1,2,-1,1
TraesCS1A02G080200,0,1,-1,1
TraesCS1A02G206400,1,2,-1,1
TraesCS1A02G310400,1,2,-1,1
TraesCS1B02G037600,0,1,-1,1
TraesCS1B02G071700,1,2,-1,1
TraesCS1B02G104400,0,1,-1,1
TraesCS1B02G228900,0,1,-1,1
TraesCS1D02G160000,0,1,-1,1
TraesCS1D02G241600,0,1,-1,1
TraesCS2A02G176700,0,1,-1,1
TraesCS2A02G577700,0,1,-1,1
TraesCS2B02G137400,0,1,-1,1
TraesCS2B02G267700,1,2,-1,1
TraesCS2B02G588000,0,1,-1,1
TraesCS2D02G355000,0,1,-1,1
TraesCS2D02G527300,0,1,-1,1
TraesCS3A02G180400,0,1,-1,1
TraesCS3A02G276400,0,1,-1,1
TraesCS3B02G046500,0,1,-1,1
TraesCS3B02G293100,0,1,-1,1
TraesCS4D02G035500,0,1,-1,1
TraesCS5A02G123700,1,2,-1,1
TraesCS5A02G194300,0,1,-1,1
TraesCS5B02G379700,0,1,-1,1
TraesCS5B02G398200,0,1,-1,1
TraesCS5D02G062700,0,1,-1,1
TraesCS5D02G379600,0,1,-1,1
TraesCS6B02G090100,0,1,-1,1
TraesCS6D02G088100,0,1,-1,1
TraesCS6D02G235900,0,1,-1,1
TraesCS6D02G400400,0,1,-1,1
TraesCS7A02G067900,0,1,-1,1
TraesCS7A02G145300,0,1,-1,1
TraesCS7A02G435300,2,3,-1,1
TraesCS7B02G055100,0,1,-1,1
TraesCS7B02G336100,0,1,-1,1
TraesCS7D02G156100,0,1,-1,1
TraesCS1A02G135300,0,1,-1,1
TraesCS1A02G179700,0,1,-1,1
TraesCS1A02G244400,2,3,-1,1
TraesCS1B02G108900,0,1,-1,1
TraesCS1B02G110600,0,1,-1,1
TraesCS1B02G150500,0,1,-1,1
TraesCS1B02G246700,0,1,-1,1
TraesCS1D02G070300,0,1,-1,1
TraesCS1D02G231700,0,1,-1,1
TraesCS1D02G235200,0,1,-1,1
TraesCS1D02G449600,0,1,-1,1
TraesCS2A02G273400,0,1,-1,1
TraesCS2B02G081300,0,1,-1,1
TraesCS2B02G291400,0,1,-1,1
TraesCS2B02G400600,0,1,-1,1
TraesCS2D02G204600,0,1,-1,1
TraesCS2D02G302700,0,1,-1,1
TraesCS2D02G385100,0,1,-1,1
TraesCS3A02G178100,0,1,-1,1
TraesCS3A02G360200,0,1,-1,1
TraesCS3B02G302100,0,1,-1,1
TraesCS4B02G034400,0,1,-1,1
TraesCS4B02G365500,0,1,-1,1
TraesCS5A02G352800,0,1,-1,1
TraesCS5B02G521200,0,1,-1,1
TraesCS5B02G551800,0,1,-1,1
TraesCS5D02G155700,0,1,-1,1
TraesCS5D02G406000,0,1,-1,1
TraesCS6A02G118400,0,1,-1,1
TraesCS6D02G350800,0,1,-1,1
TraesCS7A02G061800,2,3,-1,1
TraesCS7A02G302900,0,1,-1,1
TraesCS7A02G476500,0,1,-1,1
TraesCS7B02G445400,0,1,-1,1
TraesCS1A02G136500,0,1,-1,1
TraesCS1A02G143000,0,1,-1,1
TraesCS1A02G197600,0,1,-1,1
TraesCS1A02G259600,0,1,-1,1
TraesCS1B02G228100,0,1,-1,1
TraesCS1B02G247200,0,1,-1,1
TraesCS1B02G376900,0,1,-1,1
TraesCS1B02G446800,0,1,-1,1
TraesCS1D02G059000,0,1,-1,1
TraesCS1D02G109100,0,1,-1,1
TraesCS1D02G115700,0,1,-1,1
TraesCS1D02G120000,0,1,-1,1
TraesCS1D02G128400,0,1,-1,1
TraesCS1D02G235900,0,1,-1,1
TraesCS1D02G254500,0,1,-1,1
TraesCS1D02G419800,0,1,-1,1
TraesCS2A02G269400,0,1,-1,1
TraesCS2A02G274500,0,1,-1,1
TraesCS2A02G284700,0,1,-1,1
TraesCS2A02G426900,0,1,-1,1
TraesCS2B02G604700,0,1,-1,1
TraesCS2D02G038700,0,1,-1,1
TraesCS2D02G146600,0,1,-1,1
TraesCS2D02G233800,0,1,-1,1
TraesCS2D02G254300,0,1,-1,1
TraesCS2D02G283400,0,1,-1,1
TraesCS2D02G564300,0,1,-1,1
TraesCS3A02G053700,0,1,-1,1
TraesCS3A02G166500,1,2,-1,1
TraesCS3A02G291300,0,1,-1,1
TraesCS3B02G013100,0,1,-1,1
TraesCS3B02G141600,0,1,-1,1
TraesCS3B02G325900,0,1,-1,1
TraesCS3B02G375100,0,1,-1,1
TraesCS3B02G382600,0,1,-1,1
TraesCS3B02G583700,1,2,-1,1
TraesCS3D02G036900,0,1,-1,1
TraesCS3D02G124300,0,1,-1,1
TraesCS3D02G148000,0,1,-1,1
TraesCS3D02G336900,0,1,-1,1
TraesCS3D02G502500,0,1,-1,1
TraesCS4A02G046800,0,1,-1,1
TraesCS4A02G083700,0,1,-1,1
TraesCS4A02G103500,0,1,-1,1
TraesCS4A02G229000,0,1,-1,1
TraesCS4A02G262700,0,1,-1,1
TraesCS4A02G311700,0,1,-1,1
TraesCS4B02G014800,0,1,-1,1
TraesCS4B02G080800,0,1,-1,1
TraesCS4B02G087400,0,1,-1,1
TraesCS4B02G356900,0,1,-1,1
TraesCS4D02G186200,0,1,-1,1
TraesCS4D02G350700,0,1,-1,1
TraesCS4D02G366100,0,1,-1,1
TraesCS5A02G181500,0,1,-1,1
TraesCS5A02G374000,1,2,-1,1
TraesCS5B02G090000,1,2,-1,1
TraesCS5B02G163700,0,1,-1,1
TraesCS5B02G366200,0,1,-1,1
TraesCS5B02G474500,0,1,-1,1
TraesCS5B02G482400,0,1,-1,1
TraesCS5D02G167200,0,1,-1,1
TraesCS5D02G174400,0,1,-1,1
TraesCS5D02G328000,0,1,-1,1
TraesCS5D02G404600,0,1,-1,1
TraesCS6A02G102100,0,1,-1,1
TraesCS6A02G140100,0,1,-1,1
TraesCS6A02G151700,0,1,-1,1
TraesCS6A02G203300,0,1,-1,1
TraesCS6A02G217200,0,1,-1,1
TraesCS6A02G347500,0,1,-1,1
TraesCS6B02G111800,0,1,-1,1
TraesCS6B02G193000,3,4,-1,1
TraesCS6B02G257800,0,1,-1,1
TraesCS6B02G292200,0,1,-1,1
TraesCS6D02G087300,0,1,-1,1
TraesCS6D02G212400,0,1,-1,1
TraesCS7A02G151400,0,1,-1,1
TraesCS7A02G306600,0,1,-1,1
TraesCS7A02G390400,0,1,-1,1
TraesCS7A02G470800,0,1,-1,1
TraesCS7B02G090700,0,1,-1,1
TraesCS7B02G206400,0,1,-1,1
TraesCS7B02G206900,0,1,-1,1
TraesCS7D02G030700,0,1,-1,1
TraesCS7D02G121800,0,1,-1,1
TraesCS7D02G191100,0,1,-1,1
TraesCS1A02G179500,0,1,-1,1
TraesCS1A02G222900,1,2,-1,1
TraesCS1A02G248800,0,1,-1,1
TraesCS1A02G256400,0,1,-1,1
TraesCS1A02G298100,0,1,-1,1
TraesCS1B02G151900,0,1,-1,1
TraesCS1B02G168200,0,1,-1,1
TraesCS1B02G333600,0,1,-1,1
TraesCS1B02G346600,0,1,-1,1
TraesCS1B02G382500,1,2,-1,1
TraesCS1B02G408200,0,1,-1,1
TraesCS1B02G472200,0,1,-1,1
TraesCS1D02G075900,0,1,-1,1
TraesCS1D02G104800,0,1,-1,1
TraesCS1D02G147600,0,1,-1,1
TraesCS1D02G177800,0,1,-1,1
TraesCS1D02G224500,0,1,-1,1
TraesCS1D02G293100,0,1,-1,1
TraesCS2A02G160100,0,1,-1,1
TraesCS2A02G342700,0,1,-1,1
TraesCS2A02G369800,1,2,-1,1
TraesCS2A02G412200,0,1,-1,1
TraesCS2A02G415600,1,2,-1,1
TraesCS2B02G122900,0,1,-1,1
TraesCS2B02G186400,0,1,-1,1
TraesCS2B02G274700,0,1,-1,1
TraesCS2B02G295400,0,1,-1,1
TraesCS2D02G201300,0,1,-1,1
TraesCS2D02G221400,0,1,-1,1
TraesCS2D02G306200,0,1,-1,1
TraesCS2D02G386800,0,1,-1,1
TraesCS2D02G529100,0,1,-1,1
TraesCS3A02G083700,1,2,-1,1
TraesCS3A02G116400,1,2,-1,1
TraesCS3A02G202700,0,1,-1,1
TraesCS3A02G250900,0,1,-1,1
TraesCS3A02G276700,0,1,-1,1
TraesCS3A02G319100,0,1,-1,1
TraesCS3A02G402500,0,1,-1,1
TraesCS3A02G429600,0,1,-1,1
TraesCS3B02G087300,0,1,-1,1
TraesCS3B02G282700,0,1,-1,1
TraesCS3B02G397700,0,1,-1,1
TraesCS3B02G432000,0,1,-1,1
TraesCS3D02G232300,0,1,-1,1
TraesCS3D02G250600,0,1,-1,1
TraesCS3D02G424900,0,1,-1,1
TraesCS4A02G010800,0,1,-1,1
TraesCS4A02G105500,0,1,-1,1
TraesCS4A02G234700,0,1,-1,1
TraesCS4A02G290000,1,2,-1,1
TraesCS4A02G340600,0,1,-1,1
TraesCS4A02G343400,0,1,-1,1
TraesCS4B02G293800,0,1,-1,1
TraesCS4D02G088100,0,1,-1,1
TraesCS4D02G175300,0,1,-1,1
TraesCS4D02G292300,0,1,-1,1
TraesCS4D02G292500,0,1,-1,1
TraesCS4D02G295000,0,1,-1,1
TraesCS4D02G307300,0,1,-1,1
TraesCS4D02G318900,0,1,-1,1
TraesCS4D02G346900,0,1,-1,1
TraesCS5A02G001500,1,2,-1,1
TraesCS5A02G157900,0,1,-1,1
TraesCS5A02G180400,0,1,-1,1
TraesCS5A02G287300,0,1,-1,1
TraesCS5A02G305200,0,1,-1,1
TraesCS5A02G347600,0,1,-1,1
TraesCS5A02G491100,0,1,-1,1
TraesCS5B02G012300,0,1,-1,1
TraesCS5B02G155200,0,1,-1,1
TraesCS5B02G160900,0,1,-1,1
TraesCS5B02G305700,0,1,-1,1
TraesCS5D02G100200,0,1,-1,1
TraesCS5D02G492100,0,1,-1,1
TraesCS6A02G222800,0,1,-1,1
TraesCS6A02G289200,0,1,-1,1
TraesCS6A02G346200,0,1,-1,1
TraesCS6A02G356700,1,2,-1,1
TraesCS6A02G410600,0,1,-1,1
TraesCS6A02G416700,0,1,-1,1
TraesCS6B02G128900,0,1,-1,1
TraesCS6B02G141400,0,1,-1,1
TraesCS6B02G187500,0,1,-1,1
TraesCS6D02G102400,0,1,-1,1
TraesCS6D02G148700,0,1,-1,1
TraesCS6D02G160100,0,1,-1,1
TraesCS7A02G196600,0,1,-1,1
TraesCS7A02G303900,0,1,-1,1
TraesCS7A02G326700,0,1,-1,1
TraesCS7A02G362900,0,1,-1,1
TraesCS7A02G409900,0,1,-1,1
TraesCS7A02G458600,0,1,-1,1
TraesCS7A02G499900,0,1,-1,1
TraesCS7A02G511800,0,1,-1,1
TraesCS7A02G547500,0,1,-1,1
TraesCS7B02G074400,0,1,-1,1
TraesCS7B02G188200,0,1,-1,1
TraesCS7B02G298300,0,1,-1,1
TraesCS7B02G406900,0,1,-1,1
TraesCS7B02G489200,0,1,-1,1
TraesCS7D02G045000,0,1,-1,1
TraesCS7D02G152400,0,1,-1,1
TraesCS7D02G187200,0,1,-1,1
TraesCS7D02G260200,0,1,-1,1
TraesCS7D02G343800,0,1,-1,1
TraesCS7D02G372500,0,1,-1,1
TraesCS7D02G374400,0,1,-1,1
TraesCS7D02G534500,0,1,-1,1
TraesCS1A02G106100,0,1,-1,1
TraesCS1A02G192500,0,1,-1,1
TraesCS1B02G036500,0,1,-1,1
TraesCS1B02G108500,0,1,-1,1
TraesCS1B02G134300,0,1,-1,1
TraesCS1B02G159600,0,1,-1,1
TraesCS1D02G148500,0,1,-1,1
TraesCS1D02G230100,0,1,-1,1
TraesCS1D02G259100,0,1,-1,1
TraesCS2A02G457900,0,1,-1,1
TraesCS2B02G130700,0,1,-1,1
TraesCS2B02G439200,0,1,-1,1
TraesCS2D02G209000,0,1,-1,1
TraesCS2D02G211500,0,1,-1,1
TraesCS2D02G337300,0,1,-1,1
TraesCS2D02G356100,0,1,-1,1
TraesCS2D02G565500,0,1,-1,1
TraesCS2D02G589000,0,1,-1,1
TraesCS3A02G335300,0,1,-1,1
TraesCS3B02G347100,0,1,-1,1
TraesCS3B02G603800,0,1,-1,1
TraesCS3D02G373500,0,1,-1,1
TraesCS4A02G167200,1,2,-1,1
TraesCS4A02G195600,0,1,-1,1
TraesCS4A02G376600,0,1,-1,1
TraesCS4A02G423300,0,1,-1,1
TraesCS4B02G121600,0,1,-1,1
TraesCS4B02G231700,0,1,-1,1
TraesCS5A02G071400,0,1,-1,1
TraesCS5A02G145300,0,1,-1,1
TraesCS5A02G204600,0,1,-1,1
TraesCS5A02G235800,0,1,-1,1
TraesCS5A02G261300,0,1,-1,1
TraesCS5A02G326000,0,1,-1,1
TraesCS5B02G017900,0,1,-1,1
TraesCS5B02G239600,0,1,-1,1
TraesCS5B02G359800,0,1,-1,1
TraesCS5D02G146800,0,1,-1,1
TraesCS5D02G211500,0,1,-1,1
TraesCS5D02G247800,0,1,-1,1
TraesCS5D02G376300,1,2,-1,1
TraesCS5D02G401200,1,2,-1,1
TraesCS5D02G522900,0,1,-1,1
TraesCS6A02G008700,1,2,-1,1
TraesCS6A02G140200,0,1,-1,1
TraesCS6A02G156300,0,1,-1,1
TraesCS6B02G400800,0,1,-1,1
TraesCS6D02G159300,0,1,-1,1
TraesCS6D02G163200,0,1,-1,1
TraesCS6D02G241600,0,1,-1,1
TraesCS6D02G377100,0,1,-1,1
TraesCS7A02G389100,0,1,-1,1
TraesCS7A02G395900,0,1,-1,1
TraesCS7B02G020600,0,1,-1,1
TraesCS7B02G078700,0,1,-1,1
TraesCS7B02G319800,0,1,-1,1
TraesCS7D02G281400,0,1,-1,1
TraesCSU02G053600,0,1,-1,1
TraesCS1A02G110900,0,1,-1,1
TraesCS1A02G306700,0,1,-1,1
TraesCS1B02G112700,0,1,-1,1
TraesCS1B02G328200,0,1,-1,1
TraesCS1B02G434400,0,1,-1,1
TraesCS1D02G131300,0,1,-1,1
TraesCS1D02G284400,0,1,-1,1
TraesCS2A02G004200,0,1,-1,1
TraesCS2A02G285200,0,1,-1,1
TraesCS2A02G361100,0,1,-1,1
TraesCS2B02G326700,0,1,-1,1
TraesCS2D02G227800,0,1,-1,1
TraesCS2D02G479400,0,1,-1,1
TraesCS2D02G551400,1,2,-1,1
TraesCS3D02G024700,5,6,-1,1
TraesCS3D02G065400,0,1,-1,1
TraesCS3D02G068900,0,1,-1,1
TraesCS3D02G097400,0,1,-1,1
TraesCS3D02G214700,0,1,-1,1
TraesCS3D02G279900,1,2,-1,1
TraesCS3D02G531700,0,1,-1,1
TraesCS4A02G105700,0,1,-1,1
TraesCS4B02G177900,0,1,-1,1
TraesCS4D02G004000,0,1,-1,1
TraesCS4D02G012500,1,2,-1,1
TraesCS4D02G025300,0,1,-1,1
TraesCS4D02G195400,1,2,-1,1
TraesCS4D02G199100,0,1,-1,1
TraesCS4D02G317900,0,1,-1,1
TraesCS5A02G157000,0,1,-1,1
TraesCS5A02G157200,0,1,-1,1
TraesCS5A02G186500,0,1,-1,1
TraesCS5A02G229700,1,2,-1,1
TraesCS5A02G490800,0,1,-1,1
TraesCS5A02G493500,0,1,-1,1
TraesCS5D02G005300,0,1,-1,1
TraesCS5D02G208300,0,1,-1,1
TraesCS5D02G209000,1,2,-1,1
TraesCS5D02G396300,0,1,-1,1
TraesCS5D02G497800,0,1,-1,1
TraesCS5D02G554400,0,1,-1,1
TraesCS6A02G093300,0,1,-1,1
TraesCS6A02G096300,0,1,-1,1
TraesCS6A02G367000,1,2,-1,1
TraesCS6B02G082900,0,1,-1,1
TraesCS6B02G093300,0,1,-1,1
TraesCS6B02G321400,0,1,-1,1
TraesCS6D02G089000,0,1,-1,1
TraesCS7B02G005500,0,1,-1,1
TraesCS7B02G160700,0,1,-1,1
TraesCS7B02G194700,0,1,-1,1
TraesCS7D02G329700,0,1,-1,1
TraesCS7D02G407700,0,1,-1,1
TraesCSU02G036900,1,2,-1,1
TraesCSU02G240500,0,1,-1,1
TraesCS1A02G120900,0,1,-1,1
TraesCS1A02G166900,0,1,-1,1
TraesCS1A02G288600,0,1,-1,1
TraesCS1D02G174800,0,1,-1,1
TraesCS2A02G105100,0,1,-1,1
TraesCS2B02G230600,0,1,-1,1
TraesCS2B02G296300,0,1,-1,1
TraesCS2B02G318000,0,1,-1,1
TraesCS2B02G462900,1,2,-1,1
TraesCS2B02G528700,0,1,-1,1
TraesCS2D02G234100,0,1,-1,1
TraesCS3A02G177500,0,1,-1,1
TraesCS3A02G434000,0,1,-1,1
TraesCS3A02G488100,0,1,-1,1
TraesCS3B02G385800,1,2,-1,1
TraesCS3B02G593900,0,1,-1,1
TraesCS4A02G160600,0,1,-1,1
TraesCS5A02G016200,0,1,-1,1
TraesCS5A02G276100,0,1,-1,1
TraesCS5A02G513300,1,2,-1,1
TraesCS5D02G249800,1,2,-1,1
TraesCS5D02G452300,0,1,-1,1
TraesCS6B02G099900,0,1,-1,1
TraesCS6D02G050800,0,1,-1,1
TraesCS7D02G024900,0,1,-1,1
TraesCS7D02G040100,0,1,-1,1
TraesCS7D02G065200,0,1,-1,1
TraesCS7D02G123000,0,1,-1,1
TraesCS7D02G457900,0,1,-1,1
TraesCS1A02G379500,0,1,-1,1
TraesCS1B02G409300,0,1,-1,1
TraesCS1B02G469500,0,1,-1,1
TraesCS2A02G320700,0,1,-1,1
TraesCS2A02G522700,0,1,-1,1
TraesCS2B02G044700,0,1,-1,1
TraesCS2B02G045700,0,1,-1,1
TraesCS2B02G080400,0,1,-1,1
TraesCS2B02G277400,0,1,-1,1
TraesCS2B02G290500,0,1,-1,1
TraesCS2D02G099700,0,1,-1,1
TraesCS2D02G274800,0,1,-1,1
TraesCS3A02G220600,0,1,-1,1
TraesCS3A02G322000,0,1,-1,1
TraesCS3B02G135400,0,1,-1,1
TraesCS3B02G211600,0,1,-1,1
TraesCS3D02G231900,0,1,-1,1
TraesCS3D02G404900,0,1,-1,1
TraesCS3D02G518800,1,2,-1,1
TraesCS4A02G149900,0,1,-1,1
TraesCS4B02G192500,1,2,-1,1
TraesCS4B02G293600,0,1,-1,1
TraesCS4D02G089400,0,1,-1,1
TraesCS4D02G117900,0,1,-1,1
TraesCS4D02G121000,0,1,-1,1
TraesCS5A02G176100,0,1,-1,1
TraesCS5B02G102800,0,1,-1,1
TraesCS5B02G104500,0,1,-1,1
TraesCS5B02G121300,0,1,-1,1
TraesCS5B02G238900,0,1,-1,1
TraesCS6A02G204300,0,1,-1,1
TraesCS6B02G089600,0,1,-1,1
TraesCS6B02G150400,0,1,-1,1
TraesCS6B02G245100,0,1,-1,1
TraesCS6B02G444100,0,1,-1,1
TraesCS6D02G202100,0,1,-1,1
TraesCS7A02G118900,0,1,-1,1
TraesCS7A02G250500,1,2,-1,1
TraesCS7A02G564900,0,1,-1,1
TraesCS7B02G150600,0,1,-1,1
TraesCS7D02G304400,0,1,-1,1
TraesCS7D02G486800,0,1,-1,1
TraesCS1A02G151100,0,1,-1,1
TraesCS1A02G237200,0,1,-1,1
TraesCS1A02G441600,1,2,-1,1
TraesCS1D02G129900,0,1,-1,1
TraesCS1D02G135500,0,1,-1,1
TraesCS1D02G438600,1,2,-1,1
TraesCS1D02G440600,0,1,-1,1
TraesCS1D02G454400,1,2,-1,1
TraesCS2A02G207500,0,1,-1,1
TraesCS2B02G356500,0,1,-1,1
TraesCS2D02G066900,0,1,-1,1
TraesCS2D02G207300,0,1,-1,1
TraesCS2D02G368500,0,1,-1,1
TraesCS2D02G442000,0,1,-1,1
TraesCS2D02G525600,0,1,-1,1
TraesCS3A02G420600,1,2,-1,1
TraesCS3B02G097200,0,1,-1,1
TraesCS3B02G227900,0,1,-1,1
TraesCS3D02G316400,1,2,-1,1
TraesCS3D02G485300,0,1,-1,1
TraesCS4A02G036500,0,1,-1,1
TraesCS4A02G127000,0,1,-1,1
TraesCS4A02G219100,1,2,-1,1
TraesCS4D02G079200,0,1,-1,1
TraesCS5A02G172000,0,1,-1,1
TraesCS5B02G098800,0,1,-1,1
TraesCS5B02G161000,0,1,-1,1
TraesCS5B02G523800,0,1,-1,1
TraesCS5B02G550300,0,1,-1,1
TraesCS6A02G288500,0,1,-1,1
TraesCS6B02G076300,0,1,-1,1
TraesCS6B02G080900,0,1,-1,1
TraesCS6B02G081500,0,1,-1,1
TraesCS6B02G128500,0,1,-1,1
TraesCS6B02G194500,0,1,-1,1
TraesCS6B02G217200,2,3,-1,1
TraesCS6B02G219500,0,1,-1,1
TraesCS6B02G239100,0,1,-1,1
TraesCS6D02G181100,0,1,-1,1
TraesCS7A02G491500,0,1,-1,1
TraesCS7D02G521900,1,2,-1,1
TraesCS2D02G167000,0,0,0,0
TraesCS5B02G297100,1,1,0,0
TraesCS5B02G514700,0,0,0,0
TraesCS5D02G304900,1,1,0,0
TraesCS1A02G302700,1,1,0,0
TraesCS2A02G153200,1,1,0,0
TraesCS2A02G465700,1,1,0,0
TraesCS2B02G487800,1,1,0,0
TraesCS2D02G148000,0,0,0,0
TraesCS2D02G158500,1,1,0,0
TraesCS2D02G466100,1,1,0,0
TraesCS3A02G285500,1,1,0,0
TraesCS3B02G319400,1,1,0,0
TraesCS3B02G452200,16,16,0,0
TraesCS4A02G055500,1,1,0,0
TraesCS4A02G198300,1,1,0,0
TraesCS4A02G363200,1,1,0,0
TraesCS4B02G072800,1,1,0,0
TraesCS4B02G073100,1,1,0,0
TraesCS4B02G301400,1,1,0,0
TraesCS5A02G516600,0,0,0,0
TraesCS5B02G365800,0,0,0,0
TraesCS5D02G077900,0,0,0,0
TraesCS5D02G102200,0,0,0,0
TraesCS5D02G514900,1,1,0,0
TraesCS6A02G176600,0,0,0,0
TraesCS6A02G399800,1,1,0,0
TraesCS7A02G031000,0,0,0,0
TraesCS7A02G417300,1,1,0,0
TraesCS7B02G085000,1,1,0,0
TraesCS7D02G057400,0,0,0,0
TraesCS7D02G388100,1,1,0,0
TraesCS7D02G486300,1,1,0,0
TraesCS6A02G256600,1,1,0,0
TraesCS1A02G221900,1,1,0,0
TraesCS1B02G307000,1,1,0,0
TraesCS1D02G223600,1,1,0,0
TraesCS1D02G242800,1,1,0,0
TraesCS2A02G185600,1,1,0,0
TraesCS2A02G288000,1,1,0,0
TraesCS2A02G417100,3,3,0,0
TraesCS2D02G357600,1,1,0,0
TraesCS2D02G503900,0,0,0,0
TraesCS2D02G515900,1,1,0,0
TraesCS3A02G328000,1,1,0,0
TraesCS3B02G357600,0,0,0,0
TraesCS3B02G368400,1,1,0,0
TraesCS3D02G099500,1,1,0,0
TraesCS3D02G321500,1,1,0,0
TraesCS3D02G321700,1,1,0,0
TraesCS4A02G005400,1,1,0,0
TraesCS4A02G035400,1,1,0,0
TraesCS4B02G122100,1,1,0,0
TraesCS4D02G002400,0,0,0,0
TraesCS4D02G298600,1,1,0,0
TraesCS5A02G215900,1,1,0,0
TraesCS5A02G310000,0,0,0,0
TraesCS5A02G311100,1,1,0,0
TraesCS5A02G311300,1,1,0,0
TraesCS5B02G311400,1,1,0,0
TraesCS6A02G131200,1,1,0,0
TraesCS6A02G250900,1,1,0,0
TraesCS6A02G251000,1,1,0,0
TraesCS6A02G301900,1,1,0,0
TraesCS6B02G263800,1,1,0,0
TraesCS6B02G274500,5,5,0,0
TraesCS6D02G161300,1,1,0,0
TraesCS6D02G225500,0,0,0,0
TraesCS6D02G232700,1,1,0,0
TraesCS7A02G292900,1,1,0,0
TraesCS7B02G074500,1,1,0,0
TraesCS7D02G127600,1,1,0,0
TraesCS7D02G182700,0,0,0,0
TraesCS7D02G292500,0,0,0,0
TraesCSU02G183700,1,1,0,0
TraesCS3D02G245400,1,1,0,0
TraesCS3D02G434700,0,0,0,0
TraesCS7A02G416400,1,1,0,0
TraesCS7B02G363100,0,0,0,0
TraesCS7D02G449900,0,0,0,0
TraesCS7D02G463000,1,1,0,0
TraesCS6A02G189700,0,0,0,0
TraesCS3B02G435700,1,1,0,0
TraesCS4A02G067300,1,1,0,0
TraesCS4B02G224600,1,1,0,0
TraesCS2D02G199900,1,1,0,0
TraesCS7B02G272900,1,1,0,0
TraesCS7D02G368000,1,1,0,0
TraesCS1D02G084200,1,1,0,0
TraesCS2A02G253900,1,1,0,0
TraesCS2A02G448500,2,2,0,0
TraesCS2D02G254400,1,1,0,0
TraesCS3A02G204800,1,1,0,0
TraesCS3D02G144700,1,1,0,0
TraesCS3D02G434900,2,2,0,0
TraesCS4A02G257900,0,0,0,0
TraesCS4B02G332000,1,1,0,0
TraesCS4D02G328900,1,1,0,0
TraesCS5A02G264800,1,1,0,0
TraesCS5A02G376500,1,1,0,0
TraesCS5A02G515800,1,1,0,0
TraesCS5B02G229000,1,1,0,0
TraesCS5B02G380200,1,1,0,0
TraesCS5B02G422000,1,1,0,0
TraesCS5D02G237300,1,1,0,0
TraesCS5D02G313500,1,1,0,0
TraesCS5D02G428400,1,1,0,0
TraesCS6D02G270900,1,1,0,0
TraesCS6D02G294900,0,0,0,0
TraesCS7A02G311800,1,1,0,0
TraesCS7A02G543300,0,0,0,0
TraesCS7B02G145800,0,0,0,0
TraesCS2A02G251100,1,1,0,0
TraesCS2B02G062900,0,0,0,0
TraesCS2B02G265800,1,1,0,0
TraesCS2D02G049400,0,0,0,0
TraesCS2D02G252100,1,1,0,0
TraesCS3A02G436100,1,1,0,0
TraesCS3D02G428700,1,1,0,0
TraesCS5A02G121800,1,1,0,0
TraesCS5B02G032000,2,2,0,0
TraesCS5B02G117100,1,1,0,0
TraesCS5B02G310000,1,1,0,0
TraesCS5D02G040100,1,1,0,0
TraesCS2B02G372000,1,1,0,0
TraesCS4B02G045700,1,1,0,0
TraesCS4D02G046200,1,1,0,0
TraesCS5B02G163500,1,1,0,0
TraesCS6A02G150900,0,0,0,0
TraesCS6A02G293200,1,1,0,0
TraesCS6B02G179000,1,1,0,0
TraesCS7A02G218600,0,0,0,0
TraesCS2A02G590800,1,1,0,0
TraesCS2A02G591100,1,1,0,0
TraesCS2A02G591200,0,0,0,0
TraesCS2B02G592600,1,1,0,0
TraesCS2B02G592800,1,1,0,0
TraesCS2D02G231600,0,0,0,0
TraesCS3A02G180600,1,1,0,0
TraesCS3D02G537400,0,0,0,0
TraesCS5B02G492600,1,1,0,0
TraesCS5D02G093800,1,1,0,0
TraesCS6A02G274000,0,0,0,0
TraesCS6B02G270100,0,0,0,0
TraesCS7D02G215300,0,0,0,0
TraesCS1B02G234800,2,2,0,0
TraesCS1D02G106100,1,1,0,0
TraesCS2B02G410200,0,0,0,0
TraesCS4A02G409600,1,1,0,0
TraesCS4B02G099500,1,1,0,0
TraesCS4A02G058800,1,1,0,0
TraesCS5B02G373600,1,1,0,0
TraesCS5D02G033700,1,1,0,0
TraesCS5D02G380900,1,1,0,0
TraesCS1B02G480400,0,0,0,0
TraesCS2A02G039200,1,1,0,0
TraesCS2A02G102300,1,1,0,0
TraesCS2D02G101800,1,1,0,0
TraesCS3D02G177700,1,1,0,0
TraesCS4A02G190800,1,1,0,0
TraesCS4B02G124600,0,0,0,0
TraesCS5A02G121100,0,0,0,0
TraesCS5A02G143400,1,1,0,0
TraesCS5A02G267500,1,1,0,0
TraesCS5D02G431900,0,0,0,0
TraesCS7A02G228200,0,0,0,0
TraesCS3D02G426700,1,1,0,0
TraesCS2A02G359400,0,0,0,0
TraesCS3D02G347000,0,0,0,0
TraesCS4A02G277300,1,1,0,0
TraesCS4D02G033700,1,1,0,0
TraesCS5A02G043300,0,0,0,0
TraesCS5B02G028500,9,9,0,0
TraesCS1A02G310700,1,1,0,0
TraesCS5A02G256500,1,1,0,0
TraesCS5B02G255900,1,1,0,0
TraesCS5D02G265000,1,1,0,0
TraesCS7A02G475400,1,1,0,0
TraesCS7B02G135000,1,1,0,0
TraesCS3D02G297000,0,0,0,0
TraesCS4B02G028500,1,1,0,0
TraesCS5A02G053800,1,1,0,0
TraesCS5B02G062400,1,1,0,0
TraesCS7D02G338500,1,1,0,0
TraesCS1A02G262500,1,1,0,0
TraesCS1B02G273000,1,1,0,0
TraesCS1B02G273100,1,1,0,0
TraesCS1D02G262400,1,1,0,0
TraesCS1D02G262500,1,1,0,0
TraesCS6D02G067500,0,0,0,0
TraesCS2A02G031800,0,0,0,0
TraesCS7B02G103500,0,0,0,0
TraesCS3A02G461400,0,0,0,0
TraesCS3B02G204800,1,1,0,0
TraesCS2A02G317000,1,1,0,0
TraesCS2D02G314900,1,1,0,0
TraesCS3A02G174400,1,1,0,0
TraesCS3A02G174900,1,1,0,0
TraesCS3B02G204600,1,1,0,0
TraesCS3D02G180300,1,1,0,0
TraesCS3D02G180400,1,1,0,0
TraesCS4B02G129700,0,0,0,0
TraesCS7D02G258200,1,1,0,0
TraesCS1B02G268900,1,1,0,0
TraesCS3A02G361800,0,0,0,0
TraesCS3B02G191600,1,1,0,0
TraesCS3B02G394200,0,0,0,0
TraesCS3D02G168200,1,1,0,0
TraesCS5B02G407600,0,0,0,0
TraesCS6D02G248300,1,1,0,0
TraesCS7A02G298700,1,1,0,0
TraesCS7D02G294400,1,1,0,0
TraesCS2A02G151700,1,1,0,0
TraesCS2D02G156800,1,1,0,0
TraesCS3A02G042900,1,1,0,0
TraesCS3B02G040600,1,1,0,0
TraesCS3B02G200500,1,1,0,0
TraesCS3D02G037800,1,1,0,0
TraesCS4A02G138100,1,1,0,0
TraesCS4B02G159600,1,1,0,0
TraesCS5A02G234500,0,0,0,0
TraesCS5D02G022400,1,1,0,0
TraesCS6A02G329300,0,0,0,0
TraesCS6D02G305700,0,0,0,0
TraesCS7B02G074000,1,1,0,0
TraesCS7D02G170000,1,1,0,0
TraesCS1A02G209400,1,1,0,0
TraesCS2A02G192600,1,1,0,0
TraesCS2A02G200700,1,1,0,0
TraesCS2B02G214600,1,1,0,0
TraesCS3B02G392600,1,1,0,0
TraesCS3B02G441600,1,1,0,0
TraesCS3D02G354100,1,1,0,0
TraesCS3D02G403100,1,1,0,0
TraesCS4A02G176200,0,0,0,0
TraesCS4A02G176300,1,1,0,0
TraesCS4A02G191300,1,1,0,0
TraesCS4D02G127800,1,1,0,0
TraesCS4D02G136400,1,1,0,0
TraesCS5A02G135000,1,1,0,0
TraesCS5B02G133800,2,2,0,0
TraesCS5B02G143100,0,0,0,0
TraesCS5B02G326400,0,0,0,0
TraesCS5D02G092000,0,0,0,0
TraesCS5D02G148000,1,1,0,0
TraesCS7D02G053600,1,1,0,0
TraesCS7D02G174100,1,1,0,0
TraesCS2D02G435200,0,0,0,0
TraesCS4A02G255000,1,1,0,0
TraesCS4A02G291500,11,11,0,0
TraesCS4A02G434900,1,1,0,0
TraesCS6A02G269600,1,1,0,0
TraesCS6B02G267500,1,1,0,0
TraesCS7A02G165600,0,0,0,0
TraesCS7D02G044200,1,1,0,0
TraesCS7D02G166400,0,0,0,0
TraesCS4A02G040600,1,1,0,0
TraesCS4B02G227900,4,4,0,0
TraesCS4D02G228800,1,1,0,0
TraesCS5A02G549700,0,0,0,0
TraesCS6A02G072000,24,24,0,0
TraesCS1A02G338900,1,1,0,0
TraesCS2B02G322200,1,1,0,0
TraesCS3A02G226100,1,1,0,0
TraesCS4B02G089700,1,1,0,0
TraesCS5B02G141400,1,1,0,0
TraesCS5D02G149400,0,0,0,0
TraesCS4A02G059600,1,1,0,0
TraesCS4B02G235300,1,1,0,0
TraesCS5D02G235300,0,0,0,0
TraesCS5D02G323100,1,1,0,0
TraesCS6A02G290800,1,1,0,0
TraesCS1B02G208400,0,0,0,0
TraesCS2A02G474000,1,1,0,0
TraesCS3B02G331200,1,1,0,0
TraesCS5B02G330300,4,4,0,0
TraesCS6D02G237000,1,1,0,0
TraesCS2D02G195100,0,0,0,0
TraesCS7D02G270600,1,1,0,0
TraesCS3B02G314600,0,0,0,0
TraesCS3D02G289000,0,0,0,0
TraesCS4A02G027700,1,1,0,0
TraesCS5A02G314700,1,1,0,0
TraesCS5D02G243900,2,2,0,0
TraesCS6B02G127000,1,1,0,0
TraesCS6B02G024100,1,1,0,0
TraesCS1A02G125800,1,1,0,0
TraesCS4D02G245200,1,1,0,0
TraesCS4D02G301100,1,1,0,0
TraesCS5A02G391700,0,0,0,0
TraesCS6A02G011700,1,1,0,0
TraesCS1B02G263300,0,0,0,0
TraesCS1B02G269200,1,1,0,0
TraesCS1B02G325200,1,1,0,0
TraesCS1D02G258000,1,1,0,0
TraesCS1D02G313900,0,0,0,0
TraesCS2D02G528700,1,1,0,0
TraesCS4A02G023900,0,0,0,0
TraesCS4A02G234300,0,0,0,0
TraesCS4B02G103900,1,1,0,0
TraesCS5A02G239900,1,1,0,0
TraesCS5B02G448700,1,1,0,0
TraesCS6A02G019500,1,1,0,0
TraesCS6A02G019600,1,1,0,0
TraesCS6A02G032300,0,0,0,0
TraesCS6A02G058000,0,0,0,0
TraesCS6A02G201500,1,1,0,0
TraesCS6B02G022000,1,1,0,0
TraesCS6B02G023000,1,1,0,0
TraesCS6B02G023600,0,0,0,0
TraesCS6B02G025200,1,1,0,0
TraesCS6B02G025600,1,1,0,0
TraesCS6B02G025900,1,1,0,0
TraesCS6B02G027400,0,0,0,0
TraesCS6B02G043100,1,1,0,0
TraesCS6B02G043800,1,1,0,0
TraesCS6B02G059500,1,1,0,0
TraesCS6B02G059600,0,0,0,0
TraesCS6B02G076700,0,0,0,0
TraesCS6B02G082700,1,1,0,0
TraesCS6B02G297700,0,0,0,0
TraesCS6B02G333200,1,1,0,0
TraesCS6D02G020000,1,1,0,0
TraesCS6D02G020200,1,1,0,0
TraesCS6D02G022100,1,1,0,0
TraesCS6D02G022200,1,1,0,0
TraesCS6D02G034400,0,0,0,0
TraesCS6D02G036100,0,0,0,0
TraesCS6D02G036500,1,1,0,0
TraesCS6D02G037000,0,0,0,0
TraesCS6D02G284000,1,1,0,0
TraesCS7A02G182600,1,1,0,0
TraesCS7A02G182800,1,1,0,0
TraesCS7A02G250000,1,1,0,0
TraesCS7A02G460800,1,1,0,0
TraesCS7B02G087500,1,1,0,0
TraesCS7B02G088200,1,1,0,0
TraesCS7D02G184000,1,1,0,0
TraesCS7D02G185400,0,0,0,0
TraesCS1A02G042700,1,1,0,0
TraesCS1A02G129300,1,1,0,0
TraesCS1A02G218800,1,1,0,0
TraesCS1B02G232300,1,1,0,0
TraesCS1B02G383700,1,1,0,0
TraesCS1B02G383900,1,1,0,0
TraesCS1B02G401700,0,0,0,0
TraesCS1B02G451500,1,1,0,0
TraesCS1D02G268900,1,1,0,0
TraesCS1D02G371800,1,1,0,0
TraesCS1D02G428400,1,1,0,0
TraesCS2A02G157600,1,1,0,0
TraesCS2A02G230400,3,3,0,0
TraesCS2A02G363800,0,0,0,0
TraesCS2A02G456600,1,1,0,0
TraesCS2A02G552400,1,1,0,0
TraesCS2B02G082400,1,1,0,0
TraesCS2B02G178000,1,1,0,0
TraesCS2B02G459800,1,1,0,0
TraesCS2B02G478700,1,1,0,0
TraesCS2D02G158200,1,1,0,0
TraesCS2D02G163700,1,1,0,0
TraesCS2D02G437600,1,1,0,0
TraesCS2D02G456900,1,1,0,0
TraesCS3A02G107000,1,1,0,0
TraesCS3A02G108000,1,1,0,0
TraesCS3A02G109300,1,1,0,0
TraesCS3A02G257800,1,1,0,0
TraesCS3A02G439500,1,1,0,0
TraesCS3B02G039100,1,1,0,0
TraesCS3B02G126800,1,1,0,0
TraesCS3B02G128500,1,1,0,0
TraesCS3B02G180300,1,1,0,0
TraesCS3B02G290600,1,1,0,0
TraesCS3B02G407700,1,1,0,0
TraesCS3D02G111100,1,1,0,0
TraesCS3D02G133000,1,1,0,0
TraesCS3D02G251600,1,1,0,0
TraesCS3D02G360500,1,1,0,0
TraesCS3D02G540600,1,1,0,0
TraesCS4A02G172200,5,5,0,0
TraesCS4D02G092900,1,1,0,0
TraesCS5A02G079100,1,1,0,0
TraesCS5A02G142500,1,1,0,0
TraesCS5A02G375400,1,1,0,0
TraesCS5A02G495500,1,1,0,0
TraesCS5B02G004400,1,1,0,0
TraesCS5B02G157300,1,1,0,0
TraesCS5B02G226100,1,1,0,0
TraesCS5B02G307500,0,0,0,0
TraesCS5D02G128200,1,1,0,0
TraesCS5D02G234800,1,1,0,0
TraesCS5D02G335700,0,0,0,0
TraesCS6A02G236700,1,1,0,0
TraesCS6A02G258600,0,0,0,0
TraesCS6A02G294000,2,2,0,0
TraesCS6B02G257000,1,1,0,0
TraesCS6B02G377400,1,1,0,0
TraesCS6D02G179100,1,1,0,0
TraesCS7A02G272100,1,1,0,0
TraesCS7A02G306100,1,1,0,0
TraesCS7A02G415800,1,1,0,0
TraesCS7B02G047400,0,0,0,0
TraesCS7B02G169900,1,1,0,0
TraesCS7B02G187400,1,1,0,0
TraesCS7B02G372500,1,1,0,0
TraesCS7B02G443800,1,1,0,0
TraesCS1A02G266300,1,1,0,0
TraesCS1B02G192200,0,0,0,0
TraesCS2B02G118200,1,1,0,0
TraesCS2B02G118400,1,1,0,0
TraesCS2B02G118500,1,1,0,0
TraesCS2D02G100900,1,1,0,0
TraesCS3A02G245900,0,0,0,0
TraesCS3A02G403300,0,0,0,0
TraesCS3B02G126200,0,0,0,0
TraesCS3B02G371200,1,1,0,0
TraesCS3B02G421300,0,0,0,0
TraesCS3B02G436900,1,1,0,0
TraesCS3D02G398200,1,1,0,0
TraesCS3D02G401200,1,1,0,0
TraesCS3D02G480900,1,1,0,0
TraesCS4A02G420900,1,1,0,0
TraesCS5A02G500500,5,5,0,0
TraesCS5D02G298600,1,1,0,0
TraesCS5D02G481200,1,1,0,0
TraesCS6A02G406700,0,0,0,0
TraesCS6D02G362900,1,1,0,0
TraesCS7B02G364600,1,1,0,0
TraesCS7B02G365300,1,1,0,0
TraesCS7D02G210600,1,1,0,0
TraesCS7D02G263800,1,1,0,0
TraesCS7D02G451700,1,1,0,0
TraesCS1B02G086700,1,1,0,0
TraesCS1D02G069600,1,1,0,0
TraesCS6A02G264400,1,1,0,0
TraesCS6B02G291400,1,1,0,0
TraesCS4A02G105300,1,1,0,0
TraesCS4D02G199600,1,1,0,0
TraesCS6A02G227900,1,1,0,0
TraesCS6B02G253900,1,1,0,0
TraesCS6D02G207100,1,1,0,0
TraesCS2A02G352400,1,1,0,0
TraesCS2B02G370400,1,1,0,0
TraesCS2B02G422300,1,1,0,0
TraesCS3A02G159600,0,0,0,0
TraesCS4A02G230700,1,1,0,0
TraesCS4B02G325500,1,1,0,0
TraesCS5A02G497800,1,1,0,0
TraesCS5B02G512800,0,0,0,0
TraesCS6A02G155300,1,1,0,0
TraesCS6B02G138400,1,1,0,0
TraesCS6D02G098500,1,1,0,0
TraesCS7D02G210400,1,1,0,0
TraesCS7D02G248000,1,1,0,0
TraesCS1B02G461600,1,1,0,0
TraesCS1D02G440900,0,0,0,0
TraesCS4B02G209300,1,1,0,0
TraesCS4D02G210000,1,1,0,0
TraesCS7A02G297900,1,1,0,0
TraesCS7B02G184800,1,1,0,0
TraesCS7D02G292000,1,1,0,0
TraesCS5A02G114700,1,1,0,0
TraesCS5D02G124700,1,1,0,0
TraesCS1D02G241300,1,1,0,0
TraesCS5A02G319200,1,1,0,0
TraesCS5B02G319600,2,2,0,0
TraesCS7A02G406300,1,1,0,0
TraesCS3A02G400400,1,1,0,0
TraesCS6B02G135800,0,0,0,0
TraesCS6D02G095400,0,0,0,0
TraesCS2A02G169300,1,1,0,0
TraesCS2B02G195600,1,1,0,0
TraesCS2D02G176800,1,1,0,0
TraesCS2D02G507200,1,1,0,0
TraesCS4A02G249400,1,1,0,0
TraesCS3D02G371600,1,1,0,0
TraesCS4A02G140800,1,1,0,0
TraesCS4D02G164200,1,1,0,0
TraesCS6A02G149400,0,0,0,0
TraesCS6A02G272800,1,1,0,0
TraesCS6B02G300200,1,1,0,0
TraesCS4A02G395700,1,1,0,0
TraesCS7A02G095300,1,1,0,0
TraesCS7D02G091500,1,1,0,0
TraesCS1B02G453300,1,1,0,0
TraesCS1A02G197400,1,1,0,0
TraesCS1B02G308200,1,1,0,0
TraesCS1B02G374900,1,1,0,0
TraesCS1B02G440500,1,1,0,0
TraesCS1D02G072900,1,1,0,0
TraesCS1D02G300300,1,1,0,0
TraesCS1D02G363300,1,1,0,0
TraesCS1D02G418400,0,0,0,0
TraesCS2A02G161500,3,3,0,0
TraesCS2A02G433000,1,1,0,0
TraesCS2D02G262100,1,1,0,0
TraesCS3A02G242500,1,1,0,0
TraesCS3A02G289700,1,1,0,0
TraesCS3A02G343900,1,1,0,0
TraesCS3A02G527300,1,1,0,0
TraesCS3B02G199000,1,1,0,0
TraesCS3B02G270500,1,1,0,0
TraesCS3B02G379200,1,1,0,0
TraesCS3D02G242500,1,1,0,0
TraesCS3D02G341100,1,1,0,0
TraesCS5A02G060200,1,1,0,0
TraesCS5A02G185700,1,1,0,0
TraesCS5A02G344100,0,0,0,0
TraesCS5B02G384600,1,1,0,0
TraesCS5D02G190700,1,1,0,0
TraesCS5D02G190800,1,1,0,0
TraesCS5D02G349800,1,1,0,0
TraesCS5D02G404400,1,1,0,0
TraesCS6A02G146900,1,1,0,0
TraesCS7D02G124300,0,0,0,0
TraesCS1A02G046800,0,0,0,0
TraesCS1A02G143200,0,0,0,0
TraesCS1A02G192200,1,1,0,0
TraesCS1A02G193300,0,0,0,0
TraesCS1B02G037100,0,0,0,0
TraesCS1B02G094200,1,1,0,0
TraesCS1B02G166400,1,1,0,0
TraesCS1B02G167100,1,1,0,0
TraesCS1D02G029000,0,0,0,0
TraesCS1D02G253800,1,1,0,0
TraesCS1D02G270700,0,0,0,0
TraesCS1D02G287600,0,0,0,0
TraesCS1D02G324400,0,0,0,0
TraesCS2A02G322700,1,1,0,0
TraesCS2B02G015500,1,1,0,0
TraesCS2B02G020400,0,0,0,0
TraesCS2B02G526200,1,1,0,0
TraesCS2D02G041400,0,0,0,0
TraesCS2D02G224900,1,1,0,0
TraesCS2D02G297600,0,0,0,0
TraesCS2D02G381900,0,0,0,0
TraesCS2D02G480700,1,1,0,0
TraesCS3A02G116000,0,0,0,0
TraesCS3A02G396400,1,1,0,0
TraesCS3D02G117900,0,0,0,0
TraesCS3D02G192500,1,1,0,0
TraesCS3D02G244600,1,1,0,0
TraesCS3D02G427300,0,0,0,0
TraesCS4A02G102700,0,0,0,0
TraesCS4A02G115100,1,1,0,0
TraesCS4A02G145900,1,1,0,0
TraesCS4A02G154000,1,1,0,0
TraesCS4A02G391200,1,1,0,0
TraesCS4B02G141700,0,0,0,0
TraesCS4B02G280500,0,0,0,0
TraesCS4D02G021800,0,0,0,0
TraesCS4D02G165700,1,1,0,0
TraesCS4D02G208000,1,1,0,0
TraesCS4D02G218200,0,0,0,0
TraesCS5A02G008500,0,0,0,0
TraesCS5A02G046900,1,1,0,0
TraesCS5A02G179500,0,0,0,0
TraesCS5A02G191100,0,0,0,0
TraesCS5A02G382500,1,1,0,0
TraesCS5A02G383300,0,0,0,0
TraesCS5A02G467200,1,1,0,0
TraesCS5B02G050600,1,1,0,0
TraesCS5B02G188600,1,1,0,0
TraesCS5B02G189300,1,1,0,0
TraesCS5B02G237200,1,1,0,0
TraesCS5B02G259800,1,1,0,0
TraesCS5B02G386500,1,1,0,0
TraesCS5B02G387800,0,0,0,0
TraesCS5B02G455700,1,1,0,0
TraesCS5D02G098800,0,0,0,0
TraesCS5D02G131200,0,0,0,0
TraesCS5D02G195700,1,1,0,0
TraesCS5D02G303100,0,0,0,0
TraesCS5D02G392900,0,0,0,0
TraesCS5D02G480100,1,1,0,0
TraesCS6A02G113600,1,1,0,0
TraesCS6A02G118500,1,1,0,0
TraesCS6A02G212700,0,0,0,0
TraesCS6B02G146700,1,1,0,0
TraesCS6B02G151900,1,1,0,0
TraesCS6B02G198000,1,1,0,0
TraesCS6B02G224600,0,0,0,0
TraesCS6D02G082100,1,1,0,0
TraesCS6D02G108600,1,1,0,0
TraesCS6D02G199800,1,1,0,0
TraesCS7A02G251900,1,1,0,0
TraesCS7A02G498400,0,0,0,0
TraesCS7B02G205200,1,1,0,0
TraesCS7D02G282900,0,0,0,0
TraesCS7D02G436300,0,0,0,0
TraesCS7D02G466500,1,1,0,0
TraesCS7D02G514700,0,0,0,0
TraesCSU02G049400,0,0,0,0
TraesCSU02G079800,1,1,0,0
TraesCSU02G087800,1,1,0,0
TraesCS1A02G223200,1,1,0,0
TraesCS1A02G230300,1,1,0,0
TraesCS1A02G263200,0,0,0,0
TraesCS1A02G391600,1,1,0,0
TraesCS1B02G102600,1,1,0,0
TraesCS1B02G152200,0,0,0,0
TraesCS1D02G009192,1,1,0,0
TraesCS1D02G198000,1,1,0,0
TraesCS1D02G287400,1,1,0,0
TraesCS2A02G129100,1,1,0,0
TraesCS2A02G146500,0,0,0,0
TraesCS2A02G181800,0,0,0,0
TraesCS2A02G219000,1,1,0,0
TraesCS2A02G374300,1,1,0,0
TraesCS2A02G384700,0,0,0,0
TraesCS2A02G421100,1,1,0,0
TraesCS2B02G151200,1,1,0,0
TraesCS2B02G273600,0,0,0,0
TraesCS2B02G324600,1,1,0,0
TraesCS2B02G358800,0,0,0,0
TraesCS2D02G084600,1,1,0,0
TraesCS2D02G230700,1,1,0,0
TraesCS2D02G359400,1,1,0,0
TraesCS2D02G418200,1,1,0,0
TraesCS3A02G100400,0,0,0,0
TraesCS3A02G147900,1,1,0,0
TraesCS3A02G251300,1,1,0,0
TraesCS3A02G273700,1,1,0,0
TraesCS3A02G313000,1,1,0,0
TraesCS3B02G023400,0,0,0,0
TraesCS3B02G098500,0,0,0,0
TraesCS3B02G165900,0,0,0,0
TraesCS3B02G403900,0,0,0,0
TraesCS3D02G063900,1,1,0,0
TraesCS3D02G277900,1,1,0,0
TraesCS3D02G351100,1,1,0,0
TraesCS3D02G411200,1,1,0,0
TraesCS3D02G522800,1,1,0,0
TraesCS4A02G070900,0,0,0,0
TraesCS4A02G110200,1,1,0,0
TraesCS4A02G218900,0,0,0,0
TraesCS4A02G283600,1,1,0,0
TraesCS4A02G342400,0,0,0,0
TraesCS4A02G486100,1,1,0,0
TraesCS4B02G097800,0,0,0,0
TraesCS4B02G253500,1,1,0,0
TraesCS4D02G056500,1,1,0,0
TraesCS4D02G172800,1,1,0,0
TraesCS5A02G244700,1,1,0,0
TraesCS5A02G266500,1,1,0,0
TraesCS5A02G361300,1,1,0,0
TraesCS5A02G488800,0,0,0,0
TraesCS5B02G055000,0,0,0,0
TraesCS5B02G116900,1,1,0,0
TraesCS5B02G119100,1,1,0,0
TraesCS5B02G124000,1,1,0,0
TraesCS5B02G140100,1,1,0,0
TraesCS5B02G538500,1,1,0,0
TraesCS5D02G065600,1,1,0,0
TraesCS5D02G070400,0,0,0,0
TraesCS5D02G173300,0,0,0,0
TraesCS5D02G418200,1,1,0,0
TraesCS6A02G188600,0,0,0,0
TraesCS6A02G266300,0,0,0,0
TraesCS6B02G189900,1,1,0,0
TraesCS6B02G233800,1,1,0,0
TraesCS6D02G047700,0,0,0,0
TraesCS6D02G107300,0,0,0,0
TraesCS6D02G113900,0,0,0,0
TraesCS6D02G245000,0,0,0,0
TraesCS6D02G318200,1,1,0,0
TraesCS7A02G055700,0,0,0,0
TraesCS7A02G147700,0,0,0,0
TraesCS7A02G316700,0,0,0,0
TraesCS7A02G321400,1,1,0,0
TraesCS7B02G163300,1,1,0,0
TraesCS7B02G163500,1,1,0,0
TraesCS7B02G313300,1,1,0,0
TraesCS7D02G011300,1,1,0,0
TraesCS7D02G061700,0,0,0,0
TraesCS7D02G276400,1,1,0,0
TraesCS7D02G380000,1,1,0,0
TraesCS7D02G403900,1,1,0,0
TraesCS7D02G422800,1,1,0,0
TraesCS7D02G447300,0,0,0,0
TraesCS7D02G518100,1,1,0,0
TraesCSU02G113600,1,1,0,0
TraesCSU02G153200,1,1,0,0
TraesCS1A02G234500,1,1,0,0
TraesCS1B02G186800,1,1,0,0
TraesCS1D02G063000,1,1,0,0
TraesCS1D02G192000,1,1,0,0
TraesCS1D02G437200,0,0,0,0
TraesCS1D02G446900,0,0,0,0
TraesCS1D02G451700,1,1,0,0
TraesCS1D02G452200,1,1,0,0
TraesCS2A02G438100,0,0,0,0
TraesCS2A02G583800,1,1,0,0
TraesCS2B02G114900,1,1,0,0
TraesCS2B02G167600,1,1,0,0
TraesCS2B02G242900,0,0,0,0
TraesCS2B02G332100,1,1,0,0
TraesCS2B02G609700,1,1,0,0
TraesCS2D02G464300,1,1,0,0
TraesCS2D02G491600,1,1,0,0
TraesCS2D02G573300,0,0,0,0
TraesCS2D02G589100,1,1,0,0
TraesCS2D02G594500,1,1,0,0
TraesCS2D02G597900,1,1,0,0
TraesCS3A02G499900,1,1,0,0
TraesCS3B02G042200,1,1,0,0
TraesCS3B02G143600,0,0,0,0
TraesCS3B02G566900,1,1,0,0
TraesCS3D02G286400,0,0,0,0
TraesCS3D02G497400,0,0,0,0
TraesCS4A02G057200,0,0,0,0
TraesCS4B02G149000,1,1,0,0
TraesCS4D02G160300,0,0,0,0
TraesCS5A02G041000,0,0,0,0
TraesCS5B02G226200,1,1,0,0
TraesCS5B02G331900,1,1,0,0
TraesCS5B02G458800,1,1,0,0
TraesCS5B02G528100,1,1,0,0
TraesCS5B02G545200,1,1,0,0
TraesCS6A02G022600,1,1,0,0
TraesCS6A02G398500,1,1,0,0
TraesCS6A02G421100,1,1,0,0
TraesCS6B02G064300,1,1,0,0
TraesCS6B02G319000,1,1,0,0
TraesCS6D02G100100,0,0,0,0
TraesCS7A02G260700,1,1,0,0
TraesCS7B02G224300,1,1,0,0
TraesCS7B02G446500,0,0,0,0
TraesCS1A02G142200,1,1,0,0
TraesCS1A02G143400,0,0,0,0
TraesCS1A02G152000,0,0,0,0
TraesCS1A02G197300,0,0,0,0
TraesCS1A02G379000,1,1,0,0
TraesCS1B02G042000,1,1,0,0
TraesCS1B02G342800,0,0,0,0
TraesCS1B02G373600,1,1,0,0
TraesCS1B02G388100,1,1,0,0
TraesCS1D02G055700,1,1,0,0
TraesCS1D02G129300,1,1,0,0
TraesCS1D02G338900,0,0,0,0
TraesCS2A02G068100,0,0,0,0
TraesCS2A02G095600,1,1,0,0
TraesCS2A02G197000,0,0,0,0
TraesCS2A02G229000,1,1,0,0
TraesCS2A02G243300,1,1,0,0
TraesCS2B02G074500,1,1,0,0
TraesCS2B02G248100,0,0,0,0
TraesCS2B02G253000,0,0,0,0
TraesCS2B02G259200,1,1,0,0
TraesCS2B02G305000,0,0,0,0
TraesCS2B02G491700,1,1,0,0
TraesCS2D02G386500,0,0,0,0
TraesCS2D02G582300,1,1,0,0
TraesCS3A02G068700,1,1,0,0
TraesCS3A02G109900,0,0,0,0
TraesCS3A02G162000,0,0,0,0
TraesCS3A02G175300,1,1,0,0
TraesCS3A02G212700,0,0,0,0
TraesCS3A02G329100,0,0,0,0
TraesCS3A02G335600,1,1,0,0
TraesCS3A02G433900,0,0,0,0
TraesCS3B02G224700,0,0,0,0
TraesCS3B02G265100,1,1,0,0
TraesCS3B02G265800,0,0,0,0
TraesCS3B02G357900,1,1,0,0
TraesCS3D02G132200,1,1,0,0
TraesCS3D02G204000,1,1,0,0
TraesCS3D02G237600,0,0,0,0
TraesCS4A02G220700,1,1,0,0
TraesCS4A02G419100,1,1,0,0
TraesCS4B02G167000,1,1,0,0
TraesCS4D02G006000,0,0,0,0
TraesCS4D02G076600,1,1,0,0
TraesCS4D02G159300,0,0,0,0
TraesCS5A02G251700,1,1,0,0
TraesCS5D02G082000,0,0,0,0
TraesCS6A02G191000,1,1,0,0
TraesCS6A02G217600,1,1,0,0
TraesCS6A02G238100,1,1,0,0
TraesCS6A02G380300,0,0,0,0
TraesCS6B02G069400,0,0,0,0
TraesCS6B02G151700,0,0,0,0
TraesCS6B02G208400,0,0,0,0
TraesCS6B02G212900,0,0,0,0
TraesCS6B02G241300,1,1,0,0
TraesCS6B02G431400,0,0,0,0
TraesCS6D02G027400,0,0,0,0
TraesCS6D02G297400,1,1,0,0
TraesCS6D02G316100,1,1,0,0
TraesCS7A02G227800,2,2,0,0
TraesCS7A02G338200,0,0,0,0
TraesCS7A02G364700,1,1,0,0
TraesCS7A02G397700,1,1,0,0
TraesCS7B02G156800,1,1,0,0
TraesCS7B02G217800,0,0,0,0
TraesCS7B02G267600,0,0,0,0
TraesCS7D02G005700,1,1,0,0
TraesCS7D02G482000,0,0,0,0
TraesCSU02G139900,1,1,0,0
TraesCS1A02G118700,1,1,0,0
TraesCS1A02G152900,0,0,0,0
TraesCS1A02G173200,1,1,0,0
TraesCS1A02G173500,1,1,0,0
TraesCS1B02G051700,1,1,0,0
TraesCS1B02G085800,0,0,0,0
TraesCS1B02G095300,1,1,0,0
TraesCS1B02G108800,1,1,0,0
TraesCS1B02G269700,1,1,0,0
TraesCS1B02G472400,1,1,0,0
TraesCS1D02G108200,1,1,0,0
TraesCS1D02G142200,0,0,0,0
TraesCS1D02G161700,0,0,0,0
TraesCS2A02G028800,1,1,0,0
TraesCS2A02G086700,1,1,0,0
TraesCS2A02G117400,0,0,0,0
TraesCS2A02G139400,0,0,0,0
TraesCS2A02G173600,1,1,0,0
TraesCS2A02G237300,1,1,0,0
TraesCS2B02G083500,0,0,0,0
TraesCS2B02G176700,0,0,0,0
TraesCS2B02G597500,1,1,0,0
TraesCS2B02G607300,0,0,0,0
TraesCS2D02G062600,1,1,0,0
TraesCS2D02G117800,1,1,0,0
TraesCS2D02G128100,0,0,0,0
TraesCS2D02G252600,1,1,0,0
TraesCS2D02G386600,0,0,0,0
TraesCS2D02G528800,0,0,0,0
TraesCS3A02G098300,0,0,0,0
TraesCS3A02G099100,1,1,0,0
TraesCS3A02G189700,0,0,0,0
TraesCS3D02G099600,0,0,0,0
TraesCS3D02G214000,1,1,0,0
TraesCS3D02G218000,1,1,0,0
TraesCS3D02G321200,1,1,0,0
TraesCS3D02G523100,0,0,0,0
TraesCS4A02G040900,0,0,0,0
TraesCS4A02G372500,0,0,0,0
TraesCS4B02G104600,1,1,0,0
TraesCS4B02G127600,1,1,0,0
TraesCS4B02G154400,1,1,0,0
TraesCS4B02G196400,0,0,0,0
TraesCS4B02G240300,0,0,0,0
TraesCS4B02G257900,1,1,0,0
TraesCS4B02G297400,1,1,0,0
TraesCS4B02G322900,0,0,0,0
TraesCS4D02G029800,1,1,0,0
TraesCS4D02G189900,1,1,0,0
TraesCS4D02G239000,1,1,0,0
TraesCS4D02G240100,0,0,0,0
TraesCS4D02G364600,1,1,0,0
TraesCS5A02G137300,1,1,0,0
TraesCS5A02G137600,0,0,0,0
TraesCS5A02G161200,0,0,0,0
TraesCS5A02G339300,0,0,0,0
TraesCS5A02G370100,0,0,0,0
TraesCS5A02G431500,1,1,0,0
TraesCS5A02G541400,0,0,0,0
TraesCS5B02G003200,1,1,0,0
TraesCS5B02G055300,1,1,0,0
TraesCS5B02G201400,1,1,0,0
TraesCS5B02G248100,1,1,0,0
TraesCS5B02G373200,1,1,0,0
TraesCS5B02G565100,0,0,0,0
TraesCS5D02G091700,1,1,0,0
TraesCS5D02G166000,1,1,0,0
TraesCS5D02G189000,0,0,0,0
TraesCS5D02G280600,0,0,0,0
TraesCS5D02G327200,1,1,0,0
TraesCS6A02G182300,1,1,0,0
TraesCS6A02G357500,1,1,0,0
TraesCS6B02G139600,1,1,0,0
TraesCS6B02G202700,1,1,0,0
TraesCS6B02G270900,0,0,0,0
TraesCS6D02G028200,1,1,0,0
TraesCS6D02G213900,1,1,0,0
TraesCS6D02G404600,1,1,0,0
TraesCS7A02G151100,1,1,0,0
TraesCS7A02G303300,0,0,0,0
TraesCS7A02G506300,0,0,0,0
TraesCS7D02G030200,0,0,0,0
TraesCS7D02G115300,0,0,0,0
TraesCS7D02G149900,0,0,0,0
TraesCS7D02G153000,1,1,0,0
TraesCS7D02G252600,1,1,0,0
TraesCSU02G086700,0,0,0,0
TraesCSU02G134400,1,1,0,0
TraesCS1A02G145500,1,1,0,0
TraesCS1B02G129000,1,1,0,0
TraesCS1D02G131500,1,1,0,0
TraesCS1D02G151300,1,1,0,0
TraesCS1D02G161300,1,1,0,0
TraesCS1D02G178000,0,0,0,0
TraesCS1D02G352500,0,0,0,0
TraesCS1D02G417600,0,0,0,0
TraesCS2A02G193400,1,1,0,0
TraesCS2A02G272400,1,1,0,0
TraesCS2A02G344700,1,1,0,0
TraesCS2B02G172200,0,0,0,0
TraesCS2B02G285600,1,1,0,0
TraesCS2D02G080900,1,1,0,0
TraesCS2D02G094100,0,0,0,0
TraesCS2D02G299100,1,1,0,0
TraesCS2D02G484700,1,1,0,0
TraesCS3A02G083800,0,0,0,0
TraesCS3A02G170100,1,1,0,0
TraesCS3A02G208200,0,0,0,0
TraesCS3A02G261000,1,1,0,0
TraesCS3B02G090900,1,1,0,0
TraesCS3B02G210100,0,0,0,0
TraesCS3B02G235600,0,0,0,0
TraesCS3B02G247900,0,0,0,0
TraesCS3B02G274200,0,0,0,0
TraesCS3B02G367800,0,0,0,0
TraesCS3D02G131300,0,0,0,0
TraesCS3D02G151000,1,1,0,0
TraesCS3D02G211100,0,0,0,0
TraesCS3D02G287700,0,0,0,0
TraesCS3D02G298000,0,0,0,0
TraesCS3D02G418000,0,0,0,0
TraesCS4A02G048400,1,1,0,0
TraesCS4A02G138900,0,0,0,0
TraesCS4A02G188300,1,1,0,0
TraesCS4A02G211200,1,1,0,0
TraesCS4A02G333900,1,1,0,0
TraesCS4B02G027200,0,0,0,0
TraesCS4B02G194200,1,1,0,0
TraesCS4B02G272200,1,1,0,0
TraesCS4B02G292400,0,0,0,0
TraesCS4B02G314200,1,1,0,0
TraesCS4B02G399400,0,0,0,0
TraesCS4D02G010400,0,0,0,0
TraesCS4D02G201900,0,0,0,0
TraesCS4D02G265700,0,0,0,0
TraesCS5A02G079900,1,1,0,0
TraesCS5B02G074100,0,0,0,0
TraesCS5B02G154700,0,0,0,0
TraesCS5B02G274000,0,0,0,0
TraesCS5B02G391200,0,0,0,0
TraesCS5D02G078400,0,0,0,0
TraesCS5D02G106200,1,1,0,0
TraesCS5D02G121000,1,1,0,0
TraesCS5D02G174000,1,1,0,0
TraesCS5D02G189900,0,0,0,0
TraesCS5D02G269700,1,1,0,0
TraesCS5D02G443800,0,0,0,0
TraesCS6A02G324100,2,2,0,0
TraesCS6A02G372400,0,0,0,0
TraesCS6B02G131000,1,1,0,0
TraesCS6B02G214200,1,1,0,0
TraesCS6B02G253100,1,1,0,0
TraesCS6B02G309100,0,0,0,0
TraesCS6B02G310600,1,1,0,0
TraesCS6D02G209500,1,1,0,0
TraesCS6D02G233000,0,0,0,0
TraesCS6D02G233200,1,1,0,0
TraesCS7A02G156400,2,2,0,0
TraesCS7A02G203600,0,0,0,0
TraesCS7A02G262100,1,1,0,0
TraesCS7A02G284700,1,1,0,0
TraesCS7A02G285000,1,1,0,0
TraesCS7A02G354400,1,1,0,0
TraesCS7A02G386600,1,1,0,0
TraesCS7A02G490700,0,0,0,0
TraesCS7B02G078600,1,1,0,0
TraesCS7D02G191200,0,0,0,0
TraesCS7D02G206700,0,0,0,0
TraesCS7D02G259400,0,0,0,0
TraesCS7D02G357100,1,1,0,0
TraesCS7D02G532700,1,1,0,0
TraesCS1A02G075100,1,1,0,0
TraesCS1A02G105900,1,1,0,0
TraesCS1A02G280600,2,2,0,0
TraesCS1B02G113800,1,1,0,0
TraesCS1B02G174600,1,1,0,0
TraesCS1B02G254700,1,1,0,0
TraesCS1D02G077700,1,1,0,0
TraesCS1D02G095000,1,1,0,0
TraesCS1D02G119500,1,1,0,0
TraesCS1D02G141100,1,1,0,0
TraesCS1D02G142800,1,1,0,0
TraesCS1D02G152200,1,1,0,0
TraesCS1D02G164800,1,1,0,0
TraesCS1D02G177000,1,1,0,0
TraesCS1D02G226600,1,1,0,0
TraesCS1D02G279700,1,1,0,0
TraesCS2A02G311000,1,1,0,0
TraesCS2A02G314900,0,0,0,0
TraesCS2A02G338100,1,1,0,0
TraesCS2A02G347400,1,1,0,0
TraesCS2A02G380900,1,1,0,0
TraesCS2A02G524800,1,1,0,0
TraesCS2B02G262100,0,0,0,0
TraesCS2B02G288100,1,1,0,0
TraesCS2B02G304600,0,0,0,0
TraesCS2B02G324400,1,1,0,0
TraesCS2D02G109700,0,0,0,0
TraesCS2D02G134000,1,1,0,0
TraesCS2D02G221500,1,1,0,0
TraesCS2D02G222700,1,1,0,0
TraesCS2D02G239700,1,1,0,0
TraesCS2D02G268400,1,1,0,0
TraesCS2D02G377600,1,1,0,0
TraesCS2D02G397200,1,1,0,0
TraesCS2D02G424100,1,1,0,0
TraesCS2D02G453600,1,1,0,0
TraesCS2D02G460600,1,1,0,0
TraesCS3A02G086200,0,0,0,0
TraesCS3A02G155200,1,1,0,0
TraesCS3A02G185400,1,1,0,0
TraesCS3A02G206600,1,1,0,0
TraesCS3A02G236200,1,1,0,0
TraesCS3A02G301600,0,0,0,0
TraesCS3A02G327100,1,1,0,0
TraesCS3A02G379700,0,0,0,0
TraesCS3B02G072200,1,1,0,0
TraesCS3B02G101600,0,0,0,0
TraesCS3B02G129800,0,0,0,0
TraesCS3B02G156900,1,1,0,0
TraesCS3B02G181000,1,1,0,0
TraesCS3B02G407100,0,0,0,0
TraesCS3D02G096200,1,1,0,0
TraesCS3D02G114600,1,1,0,0
TraesCS3D02G127500,1,1,0,0
TraesCS3D02G212800,1,1,0,0
TraesCS3D02G523400,1,1,0,0
TraesCS4A02G091000,1,1,0,0
TraesCS4A02G111900,1,1,0,0
TraesCS4A02G126800,1,1,0,0
TraesCS4A02G167700,1,1,0,0
TraesCS4A02G222900,1,1,0,0
TraesCS4A02G294500,1,1,0,0
TraesCS4A02G379700,12,12,0,0
TraesCS4B02G038200,0,0,0,0
TraesCS4B02G214400,2,2,0,0
TraesCS4B02G286900,1,1,0,0
TraesCS4B02G371300,1,1,0,0
TraesCS4D02G021600,1,1,0,0
TraesCS4D02G026800,1,1,0,0
TraesCS5A02G152700,1,1,0,0
TraesCS5A02G393300,1,1,0,0
TraesCS5A02G429800,1,1,0,0
TraesCS5B02G366700,1,1,0,0
TraesCS5B02G398100,1,1,0,0
TraesCS5D02G081700,1,1,0,0
TraesCS5D02G403100,1,1,0,0
TraesCS5D02G437800,1,1,0,0
TraesCS6A02G085200,1,1,0,0
TraesCS6A02G296800,1,1,0,0
TraesCS6A02G298200,1,1,0,0
TraesCS6A02G334000,0,0,0,0
TraesCS6B02G127300,1,1,0,0
TraesCS6B02G352500,0,0,0,0
TraesCS6D02G196100,1,1,0,0
TraesCS7A02G084400,1,1,0,0
TraesCS7A02G200300,1,1,0,0
TraesCS7A02G265800,1,1,0,0
TraesCS7A02G496200,1,1,0,0
TraesCS7B02G040500,1,1,0,0
TraesCS7B02G055400,0,0,0,0
TraesCS7B02G190600,0,0,0,0
TraesCS7B02G239000,0,0,0,0
TraesCS7B02G323300,1,1,0,0
TraesCS7B02G401000,1,1,0,0
TraesCS7D02G268500,0,0,0,0
TraesCS7D02G292400,1,1,0,0
TraesCS7D02G338800,1,1,0,0
TraesCS7D02G426300,0,0,0,0
TraesCS7D02G483400,1,1,0,0
TraesCS1A02G081300,1,1,0,0
TraesCS1A02G445700,1,1,0,0
TraesCS1B02G128500,1,1,0,0
TraesCS1B02G217000,0,0,0,0
TraesCS1B02G236200,1,1,0,0
TraesCS1B02G381900,1,1,0,0
TraesCS1B02G432200,1,1,0,0
TraesCS1B02G457600,1,1,0,0
TraesCS1D02G082900,1,1,0,0
TraesCS1D02G114200,1,1,0,0
TraesCS1D02G126600,0,0,0,0
TraesCS1D02G200400,0,0,0,0
TraesCS2A02G083000,1,1,0,0
TraesCS2A02G173300,0,0,0,0
TraesCS2A02G176400,1,1,0,0
TraesCS2A02G219300,0,0,0,0
TraesCS2A02G238600,1,1,0,0
TraesCS2A02G421400,1,1,0,0
TraesCS2B02G097100,1,1,0,0
TraesCS2B02G219700,1,1,0,0
TraesCS2B02G222000,0,0,0,0
TraesCS2B02G267300,1,1,0,0
TraesCS2B02G539900,1,1,0,0
TraesCS2B02G591300,1,1,0,0
TraesCS2D02G080800,1,1,0,0
TraesCS2D02G212900,1,1,0,0
TraesCS2D02G280300,1,1,0,0
TraesCS2D02G317400,1,1,0,0
TraesCS2D02G387800,1,1,0,0
TraesCS2D02G429900,1,1,0,0
TraesCS2D02G472700,1,1,0,0
TraesCS2D02G558500,1,1,0,0
TraesCS3A02G187400,1,1,0,0
TraesCS3A02G265900,0,0,0,0
TraesCS3A02G382200,1,1,0,0
TraesCS3A02G424000,0,0,0,0
TraesCS3B02G343400,1,1,0,0
TraesCS3B02G426700,1,1,0,0
TraesCS3D02G162700,1,1,0,0
TraesCS3D02G268800,0,0,0,0
TraesCS3D02G375800,1,1,0,0
TraesCS3D02G384000,1,1,0,0
TraesCS3D02G480300,0,0,0,0
TraesCS4A02G062300,1,1,0,0
TraesCS4A02G107600,1,1,0,0
TraesCS4A02G140600,1,1,0,0
TraesCS4A02G200100,0,0,0,0
TraesCS4A02G286700,1,1,0,0
TraesCS4A02G309100,1,1,0,0
TraesCS4A02G453100,1,1,0,0
TraesCS4B02G036800,1,1,0,0
TraesCS4B02G080300,0,0,0,0
TraesCS4B02G239100,1,1,0,0
TraesCS4B02G321300,0,0,0,0
TraesCS4B02G341500,1,1,0,0
TraesCS4D02G199300,1,1,0,0
TraesCS4D02G254800,1,1,0,0
TraesCS5A02G031800,0,0,0,0
TraesCS5A02G068800,0,0,0,0
TraesCS5A02G071100,1,1,0,0
TraesCS5A02G376900,1,1,0,0
TraesCS5A02G381800,0,0,0,0
TraesCS5A02G415600,1,1,0,0
TraesCS5A02G484700,1,1,0,0
TraesCS5B02G070200,1,1,0,0
TraesCS5B02G388200,1,1,0,0
TraesCS5B02G418200,1,1,0,0
TraesCS5D02G001900,1,1,0,0
TraesCS5D02G019800,1,1,0,0
TraesCS5D02G200500,1,1,0,0
TraesCS5D02G269200,1,1,0,0
TraesCS5D02G282800,1,1,0,0
TraesCS5D02G375700,1,1,0,0
TraesCS5D02G393000,1,1,0,0
TraesCS5D02G423400,1,1,0,0
TraesCS5D02G506600,1,1,0,0
TraesCS5D02G532100,1,1,0,0
TraesCS5D02G543700,1,1,0,0
TraesCS5D02G548500,0,0,0,0
TraesCS6A02G135200,1,1,0,0
TraesCS6A02G147400,1,1,0,0
TraesCS6A02G157500,1,1,0,0
TraesCS6A02G320100,1,1,0,0
TraesCS6B02G120900,0,0,0,0
TraesCS6B02G146400,1,1,0,0
TraesCS6D02G155700,1,1,0,0
TraesCS6D02G226300,0,0,0,0
TraesCS6D02G299600,1,1,0,0
TraesCS6D02G329100,1,1,0,0
TraesCS7A02G150500,1,1,0,0
TraesCS7A02G159700,1,1,0,0
TraesCS7A02G419200,1,1,0,0
TraesCS7A02G463200,1,1,0,0
TraesCS7B02G085700,1,1,0,0
TraesCS7B02G289000,0,0,0,0
TraesCS7D02G190700,1,1,0,0
TraesCS7D02G194200,0,0,0,0
TraesCS7D02G259300,0,0,0,0
TraesCS7D02G279400,0,0,0,0
TraesCS7D02G333700,1,1,0,0
TraesCS7D02G438700,1,1,0,0
TraesCS1A02G055000,1,1,0,0
TraesCS1A02G152200,1,1,0,0
TraesCS1A02G152300,0,0,0,0
TraesCS1A02G281800,1,1,0,0
TraesCS1B02G125400,1,1,0,0
TraesCS1B02G127900,1,1,0,0
TraesCS1B02G150000,1,1,0,0
TraesCS1B02G162300,1,1,0,0
TraesCS1D02G047800,1,1,0,0
TraesCS1D02G130000,1,1,0,0
TraesCS1D02G259200,1,1,0,0
TraesCS1D02G268400,1,1,0,0
TraesCS2A02G167400,1,1,0,0
TraesCS2A02G197500,1,1,0,0
TraesCS2A02G463900,0,0,0,0
TraesCS2A02G552900,1,1,0,0
TraesCS2B02G042500,0,0,0,0
TraesCS2B02G044400,1,1,0,0
TraesCS2B02G047000,1,1,0,0
TraesCS2B02G345800,1,1,0,0
TraesCS2B02G357300,1,1,0,0
TraesCS2B02G358500,0,0,0,0
TraesCS2B02G514900,1,1,0,0
TraesCS2D02G096500,0,0,0,0
TraesCS2D02G168500,1,1,0,0
TraesCS2D02G268000,0,0,0,0
TraesCS2D02G552500,1,1,0,0
TraesCS3A02G116300,1,1,0,0
TraesCS3A02G210700,1,1,0,0
TraesCS3A02G331600,0,0,0,0
TraesCS3A02G369700,0,0,0,0
TraesCS3B02G042300,0,0,0,0
TraesCS3B02G112500,1,1,0,0
TraesCS3B02G169200,1,1,0,0
TraesCS3B02G264700,1,1,0,0
TraesCS3B02G266200,0,0,0,0
TraesCS3B02G339100,1,1,0,0
TraesCS3B02G344300,1,1,0,0
TraesCS3B02G388600,1,1,0,0
TraesCS3D02G017300,0,0,0,0
TraesCS3D02G086600,1,1,0,0
TraesCS3D02G201100,0,0,0,0
TraesCS3D02G222000,1,1,0,0
TraesCS3D02G254500,0,0,0,0
TraesCS3D02G257600,1,1,0,0
TraesCS4A02G185400,1,1,0,0
TraesCS4B02G053800,1,1,0,0
TraesCS4B02G127400,1,1,0,0
TraesCS4B02G354500,0,0,0,0
TraesCS4B02G376400,1,1,0,0
TraesCS4D02G034100,1,1,0,0
TraesCS4D02G316500,1,1,0,0
TraesCS4D02G323200,0,0,0,0
TraesCS5A02G181200,1,1,0,0
TraesCS5A02G275000,1,1,0,0
TraesCS5A02G367000,1,1,0,0
TraesCS5A02G380700,1,1,0,0
TraesCS5A02G469100,1,1,0,0
TraesCS5A02G523800,0,0,0,0
TraesCS5A02G528700,0,0,0,0
TraesCS5B02G055600,1,1,0,0
TraesCS5B02G210100,1,1,0,0
TraesCS5B02G456700,2,2,0,0
TraesCS5B02G517400,0,0,0,0
TraesCS5B02G571600,1,1,0,0
TraesCS5D02G188900,0,0,0,0
TraesCS5D02G189800,0,0,0,0
TraesCS5D02G218400,1,1,0,0
TraesCS5D02G402900,1,1,0,0
TraesCS5D02G517100,0,0,0,0
TraesCS6A02G370200,1,1,0,0
TraesCS6A02G390800,0,0,0,0
TraesCS6A02G419200,1,1,0,0
TraesCS6B02G243100,1,1,0,0
TraesCS6B02G419800,1,1,0,0
TraesCS6D02G297000,1,1,0,0
TraesCS7A02G091700,1,1,0,0
TraesCS7A02G200100,1,1,0,0
TraesCS7A02G425400,1,1,0,0
TraesCS7B02G064200,1,1,0,0
TraesCS7B02G064400,1,1,0,0
TraesCS7B02G185200,1,1,0,0
TraesCS7B02G322000,0,0,0,0
TraesCS7D02G114600,0,0,0,0
TraesCS7D02G552800,1,1,0,0
TraesCSU02G014500,1,1,0,0
TraesCS1A02G072200,1,1,0,0
TraesCS1A02G184300,1,1,0,0
TraesCS1A02G241000,1,1,0,0
TraesCS1A02G275400,0,0,0,0
TraesCS1A02G285200,1,1,0,0
TraesCS1A02G315900,0,0,0,0
TraesCS1A02G369800,1,1,0,0
TraesCS1B02G095800,1,1,0,0
TraesCS1B02G181100,1,1,0,0
TraesCS1B02G209600,0,0,0,0
TraesCS1B02G252900,1,1,0,0
TraesCS1B02G396800,1,1,0,0
TraesCS1D02G067900,1,1,0,0
TraesCS1D02G266700,1,1,0,0
TraesCS2A02G129600,1,1,0,0
TraesCS2A02G131900,1,1,0,0
TraesCS2A02G133900,1,1,0,0
TraesCS2A02G187500,1,1,0,0
TraesCS2A02G309600,1,1,0,0
TraesCS2A02G361200,1,1,0,0
TraesCS2A02G363600,1,1,0,0
TraesCS2A02G434800,1,1,0,0
TraesCS2A02G438400,1,1,0,0
TraesCS2A02G444600,1,1,0,0
TraesCS2A02G444900,1,1,0,0
TraesCS2A02G451300,1,1,0,0
TraesCS2A02G487500,0,0,0,0
TraesCS2B02G238300,0,0,0,0
TraesCS2B02G421900,1,1,0,0
TraesCS2B02G630000,1,1,0,0
TraesCS2D02G436000,1,1,0,0
TraesCS2D02G440100,0,0,0,0
TraesCS2D02G440800,0,0,0,0
TraesCS2D02G506400,1,1,0,0
TraesCS3A02G259600,1,1,0,0
TraesCS3A02G277300,1,1,0,0
TraesCS3A02G304100,0,0,0,0
TraesCS3A02G439200,1,1,0,0
TraesCS3B02G154900,1,1,0,0
TraesCS3B02G196400,1,1,0,0
TraesCS3B02G256600,1,1,0,0
TraesCS3B02G303700,1,1,0,0
TraesCS3B02G329300,1,1,0,0
TraesCS3B02G332400,0,0,0,0
TraesCS3B02G341700,1,1,0,0
TraesCS3B02G473100,1,1,0,0
TraesCS3D02G189400,1,1,0,0
TraesCS3D02G297800,0,0,0,0
TraesCS3D02G413900,1,1,0,0
TraesCS3D02G513500,0,0,0,0
TraesCS4A02G036400,1,1,0,0
TraesCS4B02G044000,1,1,0,0
TraesCS4D02G020100,1,1,0,0
TraesCS4D02G109500,1,1,0,0
TraesCS4D02G173400,0,0,0,0
TraesCS4D02G231800,1,1,0,0
TraesCS4D02G353200,0,0,0,0
TraesCS5A02G279600,1,1,0,0
TraesCS5A02G279700,1,1,0,0
TraesCS5A02G297100,1,1,0,0
TraesCS5A02G386500,1,1,0,0
TraesCS5A02G546500,1,1,0,0
TraesCS5B02G029000,0,0,0,0
TraesCS5B02G278900,1,1,0,0
TraesCS5B02G391400,1,1,0,0
TraesCS5B02G477000,1,1,0,0
TraesCS5D02G142600,1,1,0,0
TraesCS5D02G494400,0,0,0,0
TraesCS5D02G528500,1,1,0,0
TraesCS6A02G015800,1,1,0,0
TraesCS6A02G096400,0,0,0,0
TraesCS6A02G189200,1,1,0,0
TraesCS6A02G218400,1,1,0,0
TraesCS6A02G263500,1,1,0,0
TraesCS6A02G293900,1,1,0,0
TraesCS6A02G328700,1,1,0,0
TraesCS6A02G353700,1,1,0,0
TraesCS6A02G399100,1,1,0,0
TraesCS6B02G116200,1,1,0,0
TraesCS6B02G223600,1,1,0,0
TraesCS6D02G005300,1,1,0,0
TraesCS6D02G058800,1,1,0,0
TraesCS6D02G221800,1,1,0,0
TraesCS6D02G251500,1,1,0,0
TraesCS6D02G295300,1,1,0,0
TraesCS6D02G350000,1,1,0,0
TraesCS7A02G025800,1,1,0,0
TraesCS7A02G130100,0,0,0,0
TraesCS7A02G138400,1,1,0,0
TraesCS7A02G155700,0,0,0,0
TraesCS7A02G161500,0,0,0,0
TraesCS7A02G280600,1,1,0,0
TraesCS7A02G386300,1,1,0,0
TraesCS7A02G414600,1,1,0,0
TraesCS7A02G521000,1,1,0,0
TraesCS7B02G148000,1,1,0,0
TraesCS7B02G166200,1,1,0,0
TraesCS7B02G181000,1,1,0,0
TraesCS7B02G271700,1,1,0,0
TraesCS7B02G289200,1,1,0,0
TraesCS7D02G256800,1,1,0,0
TraesCS7D02G366700,1,1,0,0
TraesCS7D02G382900,1,1,0,0
TraesCS7D02G526500,0,0,0,0
TraesCS1A02G052200,0,0,0,0
TraesCS1A02G201500,1,1,0,0
TraesCS1A02G439100,0,0,0,0
TraesCS1D02G058200,0,0,0,0
TraesCS1D02G215000,0,0,0,0
TraesCS1D02G236500,1,1,0,0
TraesCS1D02G350600,1,1,0,0
TraesCS2A02G203300,1,1,0,0
TraesCS2A02G308100,1,1,0,0
TraesCS2B02G071100,0,0,0,0
TraesCS2B02G514800,0,0,0,0
TraesCS2B02G608300,0,0,0,0
TraesCS2D02G067000,0,0,0,0
TraesCS2D02G212400,1,1,0,0
TraesCS2D02G427500,0,0,0,0
TraesCS2D02G440200,0,0,0,0
TraesCS3A02G339900,0,0,0,0
TraesCS3A02G502200,1,1,0,0
TraesCS3B02G239700,0,0,0,0
TraesCS3B02G371500,0,0,0,0
TraesCS3D02G208400,1,1,0,0
TraesCS3D02G329500,0,0,0,0
TraesCS3D02G333400,0,0,0,0
TraesCS4A02G064700,0,0,0,0
TraesCS4A02G166000,1,1,0,0
TraesCS4A02G216500,1,1,0,0
TraesCS4A02G294900,1,1,0,0
TraesCS4A02G384800,1,1,0,0
TraesCS4B02G338500,0,0,0,0
TraesCS4D02G164800,1,1,0,0
TraesCS4D02G190400,1,1,0,0
TraesCS5A02G076800,1,1,0,0
TraesCS5B02G121900,0,0,0,0
TraesCS5B02G182900,0,0,0,0
TraesCS5B02G200600,0,0,0,0
TraesCS5B02G484800,1,1,0,0
TraesCS5B02G560200,1,1,0,0
TraesCS5D02G006000,1,1,0,0
TraesCS6A02G012300,0,0,0,0
TraesCS6A02G123800,1,1,0,0
TraesCS6A02G237400,0,0,0,0
TraesCS6A02G261500,1,1,0,0
TraesCS6B02G167000,1,1,0,0
TraesCS6B02G184200,1,1,0,0
TraesCS6D02G028300,0,0,0,0
TraesCS6D02G060400,0,0,0,0
TraesCS6D02G093700,0,0,0,0
TraesCS6D02G194800,0,0,0,0
TraesCS6D02G213800,1,1,0,0
TraesCS7A02G265300,1,1,0,0
TraesCS7A02G294300,0,0,0,0
TraesCS7A02G323400,1,1,0,0
TraesCS7A02G350300,1,1,0,0
TraesCS7B02G203000,0,0,0,0
TraesCS7B02G437100,1,1,0,0
TraesCS7D02G316000,1,1,0,0
TraesCS7D02G320700,1,1,0,0
TraesCS7D02G348900,0,0,0,0
TraesCS7D02G377200,0,0,0,0
TraesCS7D02G555100,0,0,0,0
TraesCS1A02G149100,0,0,0,0
TraesCS1B02G344600,1,1,0,0
TraesCS1D02G385500,1,1,0,0
TraesCS2A02G196300,1,1,0,0
TraesCS2A02G204200,1,1,0,0
TraesCS2A02G304300,1,1,0,0
TraesCS2B02G503900,0,0,0,0
TraesCS2B02G520400,1,1,0,0
TraesCS2D02G302900,1,1,0,0
TraesCS2D02G331000,0,0,0,0
TraesCS2D02G458500,1,1,0,0
TraesCS2D02G545700,1,1,0,0
TraesCS3A02G346800,0,0,0,0
TraesCS3A02G374500,1,1,0,0
TraesCS3B02G022500,1,1,0,0
TraesCS3B02G111500,1,1,0,0
TraesCS3B02G310900,1,1,0,0
TraesCS3B02G422400,0,0,0,0
TraesCS3D02G207900,1,1,0,0
TraesCS3D02G259600,1,1,0,0
TraesCS3D02G412600,1,1,0,0
TraesCS4A02G115600,1,1,0,0
TraesCS4A02G216000,1,1,0,0
TraesCS4A02G347400,0,0,0,0
TraesCS4B02G115900,1,1,0,0
TraesCS4B02G139500,1,1,0,0
TraesCS4B02G203000,0,0,0,0
TraesCS4D02G299200,0,0,0,0
TraesCS5A02G184800,0,0,0,0
TraesCS5B02G182800,1,1,0,0
TraesCS5B02G292000,0,0,0,0
TraesCS5B02G371100,1,1,0,0
TraesCS5D02G339700,1,1,0,0
TraesCS6A02G027000,1,1,0,0
TraesCS6A02G057900,0,0,0,0
TraesCS6A02G325200,1,1,0,0
TraesCS6B02G035600,0,0,0,0
TraesCS6B02G216900,1,1,0,0
TraesCS6B02G281700,1,1,0,0
TraesCS6B02G355500,1,1,0,0
TraesCS6B02G473000,0,0,0,0
TraesCS6D02G304900,1,1,0,0
TraesCS7A02G069600,1,1,0,0
TraesCS7A02G133100,0,0,0,0
TraesCS7A02G429300,0,0,0,0
TraesCS7A02G460600,0,0,0,0
TraesCS7A02G541200,1,1,0,0
TraesCS7B02G016500,1,1,0,0
TraesCS7B02G268700,0,0,0,0
TraesCS7B02G357700,1,1,0,0
TraesCS7D02G174000,1,1,0,0
TraesCS7D02G377900,1,1,0,0
TraesCSU02G153000,1,1,0,0
TraesCS1A02G153600,1,1,0,0
TraesCS1A02G154500,0,0,0,0
TraesCS1A02G225100,0,0,0,0
TraesCS1B02G179000,1,1,0,0
TraesCS1D02G079400,1,1,0,0
TraesCS1D02G096600,2,2,0,0
TraesCS1D02G159200,1,1,0,0
TraesCS1D02G383500,0,0,0,0
TraesCS1D02G444400,1,1,0,0
TraesCS2A02G027000,0,0,0,0
TraesCS2A02G490200,1,1,0,0
TraesCS2B02G183500,1,1,0,0
TraesCS2D02G001300,1,1,0,0
TraesCS2D02G131900,1,1,0,0
TraesCS2D02G157200,0,0,0,0
TraesCS2D02G554300,1,1,0,0
TraesCS3A02G326100,1,1,0,0
TraesCS3A02G485800,0,0,0,0
TraesCS3B02G169800,1,1,0,0
TraesCS3B02G214900,1,1,0,0
TraesCS3B02G266000,1,1,0,0
TraesCS3B02G328100,1,1,0,0
TraesCS3B02G566800,1,1,0,0
TraesCS3B02G605100,0,0,0,0
TraesCS3D02G118200,1,1,0,0
TraesCS3D02G171700,1,1,0,0
TraesCS3D02G189200,1,1,0,0
TraesCS3D02G279400,1,1,0,0
TraesCS3D02G304800,0,0,0,0
TraesCS3D02G385200,0,0,0,0
TraesCS4A02G012000,1,1,0,0
TraesCS4A02G036800,0,0,0,0
TraesCS4A02G163600,1,1,0,0
TraesCS4A02G254100,0,0,0,0
TraesCS4A02G324600,1,1,0,0
TraesCS4B02G103500,1,1,0,0
TraesCS4B02G108400,1,1,0,0
TraesCS4B02G153500,1,1,0,0
TraesCS4B02G198100,1,1,0,0
TraesCS4D02G034400,0,0,0,0
TraesCS4D02G084300,0,0,0,0
TraesCS4D02G164900,0,0,0,0
TraesCS5A02G163800,1,1,0,0
TraesCS5A02G196100,1,1,0,0
TraesCS5A02G292400,0,0,0,0
TraesCS5A02G383600,1,1,0,0
TraesCS5B02G053400,1,1,0,0
TraesCS5B02G081800,1,1,0,0
TraesCS5B02G188400,0,0,0,0
TraesCS5B02G257100,1,1,0,0
TraesCS5B02G298700,1,1,0,0
TraesCS5B02G446200,1,1,0,0
TraesCS5D02G062400,1,1,0,0
TraesCS5D02G168790,1,1,0,0
TraesCS5D02G263300,1,1,0,0
TraesCS5D02G536000,1,1,0,0
TraesCS5D02G539700,1,1,0,0
TraesCS5D02G557600,0,0,0,0
TraesCS6A02G158300,1,1,0,0
TraesCS6A02G330400,1,1,0,0
TraesCS6B02G056100,1,1,0,0
TraesCS7A02G094000,1,1,0,0
TraesCS7A02G235200,1,1,0,0
TraesCS7A02G264700,1,1,0,0
TraesCS7A02G285200,0,0,0,0
TraesCS7A02G467000,1,1,0,0
TraesCS7A02G557100,0,0,0,0
TraesCS7B02G393300,0,0,0,0
TraesCS7D02G142200,1,1,0,0
TraesCS7D02G148600,1,1,0,0
TraesCS7D02G160200,1,1,0,0
TraesCS7D02G360000,1,1,0,0
TraesCS7D02G377300,0,0,0,0
TraesCS7D02G481400,1,1,0,0
TraesCS2B02G185600,1,0,1,1
TraesCS1A02G075800,2,1,1,1
TraesCS1D02G078100,1,0,1,1
TraesCS1D02G302100,1,0,1,1
TraesCS2A02G394700,1,0,1,1
TraesCS2B02G168900,1,0,1,1
TraesCS2B02G178300,2,1,1,1
TraesCS2D02G392400,1,0,1,1
TraesCS3A02G285800,2,1,1,1
TraesCS3B02G184200,1,0,1,1
TraesCS3B02G278000,8,7,1,1
TraesCS3D02G249100,13,12,1,1
TraesCS3D02G285600,1,0,1,1
TraesCS3D02G504400,1,0,1,1
TraesCS4A02G053000,1,0,1,1
TraesCS4A02G214700,1,0,1,1
TraesCS4A02G426200,1,0,1,1
TraesCS4B02G348500,1,0,1,1
TraesCS4D02G071900,1,0,1,1
TraesCS4D02G098100,1,0,1,1
TraesCS4D02G251500,1,0,1,1
TraesCS5A02G090100,1,0,1,1
TraesCS5A02G363800,1,0,1,1
TraesCS5B02G510500,1,0,1,1
TraesCS5B02G514600,2,1,1,1
TraesCS5D02G372900,1,0,1,1
TraesCS5D02G496300,1,0,1,1
TraesCS5D02G515000,1,0,1,1
TraesCS5D02G515100,1,0,1,1
TraesCS5D02G515200,1,0,1,1
TraesCS6A02G213000,1,0,1,1
TraesCS7A02G062700,1,0,1,1
TraesCS7D02G181300,2,1,1,1
TraesCSU02G075300,1,0,1,1
TraesCS1A02G218100,1,0,1,1
TraesCS1A02G220000,1,0,1,1
TraesCS1A02G242800,1,0,1,1
TraesCS1A02G314300,1,0,1,1
TraesCS1B02G282300,1,0,1,1
TraesCS1B02G326600,1,0,1,1
TraesCS1D02G221500,1,0,1,1
TraesCS1D02G272600,1,0,1,1
TraesCS1D02G314800,1,0,1,1
TraesCS2A02G417300,1,0,1,1
TraesCS2B02G221700,1,0,1,1
TraesCS2B02G436300,1,0,1,1
TraesCS2B02G448100,2,1,1,1
TraesCS2B02G572500,2,1,1,1
TraesCS2D02G202100,1,0,1,1
TraesCS2D02G414600,1,0,1,1
TraesCS2D02G425700,1,0,1,1
TraesCS3A02G099200,1,0,1,1
TraesCS3A02G379900,1,0,1,1
TraesCS3B02G115400,1,0,1,1
TraesCS3B02G293000,1,0,1,1
TraesCS3D02G260100,1,0,1,1
TraesCS4B02G299700,1,0,1,1
TraesCS4D02G120200,1,0,1,1
TraesCS4D02G348100,10,9,1,1
TraesCS5A02G141700,1,0,1,1
TraesCS5A02G310500,4,3,1,1
TraesCS5A02G310700,1,0,1,1
TraesCS5A02G473800,1,0,1,1
TraesCS5B02G344200,1,0,1,1
TraesCS5D02G229400,1,0,1,1
TraesCS6A02G251100,1,0,1,1
TraesCS6A02G306300,1,0,1,1
TraesCS6B02G281000,1,0,1,1
TraesCS6B02G334700,1,0,1,1
TraesCS6D02G285400,1,0,1,1
TraesCS7A02G128800,1,0,1,1
TraesCS7D02G158500,1,0,1,1
TraesCS1B02G173700,1,0,1,1
TraesCS2B02G519200,1,0,1,1
TraesCS3A02G159200,1,0,1,1
TraesCS3A02G292400,1,0,1,1
TraesCS6A02G222300,1,0,1,1
TraesCS6B02G141300,1,0,1,1
TraesCS6D02G212700,1,0,1,1
TraesCS7A02G252000,1,0,1,1
TraesCS7A02G475700,1,0,1,1
TraesCS7B02G138900,1,0,1,1
TraesCS7A02G566000,1,0,1,1
TraesCS1A02G260000,1,0,1,1
TraesCS3D02G397200,3,2,1,1
TraesCS4A02G235100,1,0,1,1
TraesCS4D02G078800,2,1,1,1
TraesCS4B02G230700,1,0,1,1
TraesCS6A02G085800,1,0,1,1
TraesCS7A02G354800,2,1,1,1
TraesCS1B02G100400,1,0,1,1
TraesCS1A02G083000,1,0,1,1
TraesCS1A02G102400,1,0,1,1
TraesCS1A02G193200,1,0,1,1
TraesCS1B02G113100,1,0,1,1
TraesCS1B02G208000,1,0,1,1
TraesCS1D02G196900,1,0,1,1
TraesCS3B02G284800,1,0,1,1
TraesCS3D02G210600,1,0,1,1
TraesCS3D02G253700,1,0,1,1
TraesCS4A02G060200,1,0,1,1
TraesCS4D02G237100,1,0,1,1
TraesCS5A02G225700,1,0,1,1
TraesCS5A02G306200,1,0,1,1
TraesCS5A02G503300,1,0,1,1
TraesCS5B02G264300,1,0,1,1
TraesCS5D02G272800,1,0,1,1
TraesCS6A02G288100,1,0,1,1
TraesCS6A02G358400,2,1,1,1
TraesCS6B02G391100,1,0,1,1
TraesCS6D02G341200,1,0,1,1
TraesCS7A02G340300,1,0,1,1
TraesCS7B02G251900,1,0,1,1
TraesCS7D02G244300,1,0,1,1
TraesCS7D02G308300,1,0,1,1
TraesCS3A02G140100,2,1,1,1
TraesCS3B02G164500,1,0,1,1
TraesCS3D02G146900,1,0,1,1
TraesCS4D02G090500,2,1,1,1
TraesCS5B02G426200,2,1,1,1
TraesCS5B02G516200,1,0,1,1
TraesCS7B02G091900,2,1,1,1
TraesCS2D02G351900,1,0,1,1
TraesCS1A02G275000,1,0,1,1
TraesCS1B02G347400,1,0,1,1
TraesCS1D02G336600,2,1,1,1
TraesCS2B02G118000,1,0,1,1
TraesCS2B02G249200,1,0,1,1
TraesCS2D02G563000,1,0,1,1
TraesCS2D02G563200,2,1,1,1
TraesCS3D02G185500,2,1,1,1
TraesCS4D02G285100,2,1,1,1
TraesCS5A02G251800,1,0,1,1
TraesCS5D02G259700,1,0,1,1
TraesCS5D02G493000,1,0,1,1
TraesCS6A02G287700,1,0,1,1
TraesCS6B02G317100,1,0,1,1
TraesCS6D02G236700,1,0,1,1
TraesCS6D02G254200,1,0,1,1
TraesCS6D02G268400,1,0,1,1
TraesCS1A02G097300,1,0,1,1
TraesCS1B02G161800,1,0,1,1
TraesCS2A02G561400,1,0,1,1
TraesCS2D02G386100,1,0,1,1
TraesCS3D02G274600,1,0,1,1
TraesCS4A02G221100,2,1,1,1
TraesCS4A02G364700,1,0,1,1
TraesCS4D02G095700,2,1,1,1
TraesCS5B02G508800,1,0,1,1
TraesCS5D02G508800,1,0,1,1
TraesCS6D02G221600,1,0,1,1
TraesCS1D02G162600,2,1,1,1
TraesCS2D02G205100,1,0,1,1
TraesCS4B02G245900,2,1,1,1
TraesCS5A02G025900,2,1,1,1
TraesCS5A02G371500,1,0,1,1
TraesCS1B02G444500,1,0,1,1
TraesCS1D02G453900,1,0,1,1
TraesCS2A02G199900,1,0,1,1
TraesCS2D02G207800,1,0,1,1
TraesCS3A02G164000,2,1,1,1
TraesCS3A02G178700,1,0,1,1
TraesCS3A02G423200,1,0,1,1
TraesCS3B02G237800,1,0,1,1
TraesCS3B02G272500,1,0,1,1
TraesCS3B02G458800,1,0,1,1
TraesCS3D02G244700,1,0,1,1
TraesCS3D02G418400,1,0,1,1
TraesCS4A02G082400,1,0,1,1
TraesCS4D02G034300,1,0,1,1
TraesCS5A02G423300,1,0,1,1
TraesCS5A02G488700,1,0,1,1
TraesCS5B02G142300,1,0,1,1
TraesCS5B02G502600,1,0,1,1
TraesCS5D02G148600,1,0,1,1
TraesCS6B02G310500,1,0,1,1
TraesCS7D02G226400,1,0,1,1
TraesCS2A02G163000,1,0,1,1
TraesCS2A02G283800,1,0,1,1
TraesCS2B02G300800,1,0,1,1
TraesCS2D02G282800,1,0,1,1
TraesCS3A02G433300,1,0,1,1
TraesCS3A02G026900,1,0,1,1
TraesCS3B02G017400,1,0,1,1
TraesCS3B02G385600,1,0,1,1
TraesCS6D02G268100,52,51,1,1
TraesCS5A02G029900,2,1,1,1
TraesCS5B02G047100,1,0,1,1
TraesCS5D02G052200,1,0,1,1
TraesCS1D02G310200,1,0,1,1
TraesCS7D02G237100,1,0,1,1
TraesCS7D02G463100,1,0,1,1
TraesCS1A02G327100,1,0,1,1
TraesCS1B02G462900,1,0,1,1
TraesCS1D02G329200,1,0,1,1
TraesCS1A02G262400,1,0,1,1
TraesCS2B02G313600,1,0,1,1
TraesCS4B02G268800,1,0,1,1
TraesCS4D02G268100,1,0,1,1
TraesCS6B02G233700,1,0,1,1
TraesCS4B02G175100,1,0,1,1
TraesCS2B02G335400,2,1,1,1
TraesCS4A02G190400,1,0,1,1
TraesCS4B02G320500,1,0,1,1
TraesCS7A02G257400,1,0,1,1
TraesCS7B02G154300,2,1,1,1
TraesCS1A02G258400,1,0,1,1
TraesCS2B02G277300,1,0,1,1
TraesCS2D02G259200,1,0,1,1
TraesCS3A02G161000,1,0,1,1
TraesCS6A02G007300,1,0,1,1
TraesCS6A02G266400,1,0,1,1
TraesCS6A02G385500,1,0,1,1
TraesCS6B02G012800,1,0,1,1
TraesCS6D02G011600,1,0,1,1
TraesCS6D02G370300,1,0,1,1
TraesCS4D02G163600,1,0,1,1
TraesCS5B02G233000,1,0,1,1
TraesCS2A02G214400,1,0,1,1
TraesCS2B02G217500,1,0,1,1
TraesCS2B02G228000,2,1,1,1
TraesCS2D02G208500,2,1,1,1
TraesCS3A02G360300,1,0,1,1
TraesCS4A02G039000,1,0,1,1
TraesCS4A02G430600,1,0,1,1
TraesCS4B02G043100,1,0,1,1
TraesCS4B02G124000,3,2,1,1
TraesCS4B02G140800,1,0,1,1
TraesCS4B02G141300,1,0,1,1
TraesCS4B02G141400,1,0,1,1
TraesCS4B02G266700,1,0,1,1
TraesCS4B02G367300,1,0,1,1
TraesCS4D02G040400,2,1,1,1
TraesCS4D02G122000,2,1,1,1
TraesCS4D02G136300,1,0,1,1
TraesCS4D02G266400,1,0,1,1
TraesCS4D02G360200,1,0,1,1
TraesCS5A02G080300,1,0,1,1
TraesCS5A02G144000,2,1,1,1
TraesCS5B02G417000,1,0,1,1
TraesCS5B02G494500,1,0,1,1
TraesCS5D02G139500,1,0,1,1
TraesCS6B02G277400,2,1,1,1
TraesCS7A02G173000,1,0,1,1
TraesCS7D02G011400,1,0,1,1
TraesCS2D02G395900,1,0,1,1
TraesCS6B02G296900,5,4,1,1
TraesCS7A02G049100,1,0,1,1
TraesCS7B02G070200,2,1,1,1
TraesCS2D02G127700,1,0,1,1
TraesCS3A02G312800,2,1,1,1
TraesCS3B02G159100,2,1,1,1
TraesCS5A02G375800,1,0,1,1
TraesCS5B02G378000,1,0,1,1
TraesCS5D02G052300,1,0,1,1
TraesCS5D02G385300,1,0,1,1
TraesCS1D02G341000,1,0,1,1
TraesCS5A02G227100,1,0,1,1
TraesCS5D02G234600,1,0,1,1
TraesCS1A02G219200,1,0,1,1
TraesCS1B02G232700,1,0,1,1
TraesCS3B02G260800,2,1,1,1
TraesCS4B02G305300,2,1,1,1
TraesCS4D02G236600,1,0,1,1
TraesCS5A02G316800,1,0,1,1
TraesCS5B02G231300,1,0,1,1
TraesCS5B02G317400,1,0,1,1
TraesCS7D02G079000,9,8,1,1
TraesCS2D02G473700,1,0,1,1
TraesCS3A02G305300,1,0,1,1
TraesCS5D02G320600,1,0,1,1
TraesCS1A02G375600,1,0,1,1
TraesCS2A02G204500,1,0,1,1
TraesCS2B02G232000,4,3,1,1
TraesCS2D02G087400,1,0,1,1
TraesCS2D02G151200,1,0,1,1
TraesCS4B02G239700,1,0,1,1
TraesCS5A02G383800,1,0,1,1
TraesCS5B02G315600,2,1,1,1
TraesCS5D02G393200,2,1,1,1
TraesCS6A02G098800,1,0,1,1
TraesCS6D02G083800,1,0,1,1
TraesCS7D02G367700,6,5,1,1
TraesCS4B02G290700,1,0,1,1
TraesCS6A02G017400,1,0,1,1
TraesCS3A02G434900,1,0,1,1
TraesCS4A02G058900,1,0,1,1
TraesCS6B02G392600,7,6,1,1
TraesCS1A02G199600,1,0,1,1
TraesCS1A02G262700,1,0,1,1
TraesCS1A02G264300,1,0,1,1
TraesCS1B02G144800,1,0,1,1
TraesCS1B02G273300,1,0,1,1
TraesCS1B02G275000,1,0,1,1
TraesCS1D02G127700,1,0,1,1
TraesCS1D02G203300,1,0,1,1
TraesCS1D02G262700,1,0,1,1
TraesCS2D02G181400,1,0,1,1
TraesCS3B02G157500,1,0,1,1
TraesCS3D02G090300,1,0,1,1
TraesCS3D02G140200,1,0,1,1
TraesCS4D02G243700,1,0,1,1
TraesCS5A02G286800,1,0,1,1
TraesCS5A02G515500,1,0,1,1
TraesCS5B02G286100,1,0,1,1
TraesCS5D02G294500,1,0,1,1
TraesCS5D02G401700,1,0,1,1
TraesCS6B02G286400,1,0,1,1
TraesCS6D02G014600,1,0,1,1
TraesCS6D02G293200,1,0,1,1
TraesCS7A02G122100,2,1,1,1
TraesCS7A02G260600,1,0,1,1
TraesCS7A02G383800,1,0,1,1
TraesCS7B02G158600,1,0,1,1
TraesCS7B02G286600,1,0,1,1
TraesCS7D02G261600,1,0,1,1
TraesCS1A02G251800,1,0,1,1
TraesCS1A02G313400,1,0,1,1
TraesCS1A02G440100,1,0,1,1
TraesCS1B02G263200,1,0,1,1
TraesCS1B02G399400,1,0,1,1
TraesCS1D02G068000,1,0,1,1
TraesCS1D02G251800,1,0,1,1
TraesCS1D02G420700,1,0,1,1
TraesCS2B02G122000,1,0,1,1
TraesCS2B02G267000,1,0,1,1
TraesCS2B02G506100,1,0,1,1
TraesCS2B02G514500,1,0,1,1
TraesCS2D02G480400,1,0,1,1
TraesCS3B02G518100,1,0,1,1
TraesCS3B02G538400,1,0,1,1
TraesCS3D02G487600,1,0,1,1
TraesCS4A02G390500,1,0,1,1
TraesCS4D02G100800,1,0,1,1
TraesCS4D02G278100,1,0,1,1
TraesCS5B02G241500,1,0,1,1
TraesCS5B02G365700,1,0,1,1
TraesCS5D02G250200,1,0,1,1
TraesCS6A02G016400,1,0,1,1
TraesCS6A02G031600,1,0,1,1
TraesCS6A02G034400,1,0,1,1
TraesCS6A02G035600,1,0,1,1
TraesCS6A02G304500,1,0,1,1
TraesCS6A02G304600,1,0,1,1
TraesCS6A02G304700,1,0,1,1
TraesCS6B02G022900,1,0,1,1
TraesCS6B02G023400,1,0,1,1
TraesCS6B02G025100,1,0,1,1
TraesCS6B02G025800,1,0,1,1
TraesCS6B02G027100,1,0,1,1
TraesCS6B02G027700,1,0,1,1
TraesCS6B02G028000,1,0,1,1
TraesCS6B02G029100,1,0,1,1
TraesCS6B02G037100,1,0,1,1
TraesCS6B02G045400,1,0,1,1
TraesCS6B02G052800,1,0,1,1
TraesCS6B02G078100,1,0,1,1
TraesCS6B02G219200,1,0,1,1
TraesCS6B02G333100,1,0,1,1
TraesCS6B02G395400,1,0,1,1
TraesCS6D02G018300,2,1,1,1
TraesCS6D02G019700,1,0,1,1
TraesCS6D02G020600,1,0,1,1
TraesCS6D02G023900,1,0,1,1
TraesCS6D02G034900,1,0,1,1
TraesCS6D02G036000,1,0,1,1
TraesCS6D02G043300,1,0,1,1
TraesCS6D02G283900,1,0,1,1
TraesCS7A02G182700,2,1,1,1
TraesCS7A02G183200,1,0,1,1
TraesCS7A02G183700,1,0,1,1
TraesCS7A02G200000,1,0,1,1
TraesCS7B02G087800,1,0,1,1
TraesCS7B02G087900,1,0,1,1
TraesCS7B02G088500,1,0,1,1
TraesCS7B02G106700,1,0,1,1
TraesCS7B02G144700,1,0,1,1
TraesCS7D02G184800,1,0,1,1
TraesCS7D02G185300,1,0,1,1
TraesCS7D02G252100,1,0,1,1
TraesCS3A02G105800,1,0,1,1
TraesCS7A02G553800,1,0,1,1
TraesCS7D02G540700,1,0,1,1
TraesCS1A02G278900,1,0,1,1
TraesCS1A02G420500,1,0,1,1
TraesCS1B02G293300,1,0,1,1
TraesCS1B02G316200,2,1,1,1
TraesCS1B02G374300,7,6,1,1
TraesCS2A02G152900,1,0,1,1
TraesCS2A02G158900,1,0,1,1
TraesCS2A02G370300,1,0,1,1
TraesCS2A02G381900,1,0,1,1
TraesCS2A02G445500,1,0,1,1
TraesCS2B02G177900,2,1,1,1
TraesCS2B02G183100,1,0,1,1
TraesCS2B02G184500,1,0,1,1
TraesCS2B02G466400,2,1,1,1
TraesCS2D02G165900,1,0,1,1
TraesCS2D02G366800,1,0,1,1
TraesCS3A02G187800,1,0,1,1
TraesCS3A02G200300,1,0,1,1
TraesCS3A02G254500,1,0,1,1
TraesCS3A02G307700,2,1,1,1
TraesCS3A02G336500,1,0,1,1
TraesCS3A02G367600,2,1,1,1
TraesCS3A02G384400,1,0,1,1
TraesCS3B02G217100,1,0,1,1
TraesCS3B02G224500,2,1,1,1
TraesCS3B02G280700,1,0,1,1
TraesCS3B02G391900,1,0,1,1
TraesCS3B02G399300,2,1,1,1
TraesCS3B02G612200,3,2,1,1
TraesCS3D02G109800,1,0,1,1
TraesCS3D02G191400,1,0,1,1
TraesCS3D02G214200,1,0,1,1
TraesCS3D02G255400,13,12,1,1
TraesCS3D02G265100,1,0,1,1
TraesCS3D02G329400,1,0,1,1
TraesCS3D02G353500,1,0,1,1
TraesCS4A02G075400,1,0,1,1
TraesCS4A02G131700,1,0,1,1
TraesCS4A02G452600,1,0,1,1
TraesCS4B02G172900,1,0,1,1
TraesCS4D02G053300,1,0,1,1
TraesCS4D02G175000,1,0,1,1
TraesCS4D02G309700,1,0,1,1
TraesCS5A02G005500,1,0,1,1
TraesCS5B02G119300,1,0,1,1
TraesCS5B02G330100,1,0,1,1
TraesCS5B02G377500,1,0,1,1
TraesCS5D02G007000,1,0,1,1
TraesCS5D02G048400,1,0,1,1
TraesCS5D02G183000,1,0,1,1
TraesCS6A02G198000,1,0,1,1
TraesCS6A02G261100,1,0,1,1
TraesCS6A02G269000,2,1,1,1
TraesCS6B02G201700,1,0,1,1
TraesCS6B02G228500,1,0,1,1
TraesCS6D02G145300,1,0,1,1
TraesCS6D02G245900,1,0,1,1
TraesCS6D02G274900,1,0,1,1
TraesCS7A02G036100,1,0,1,1
TraesCS7A02G145200,1,0,1,1
TraesCS7A02G247200,1,0,1,1
TraesCS7A02G470700,1,0,1,1
TraesCS7D02G032700,1,0,1,1
TraesCS7D02G272400,2,1,1,1
TraesCS4D02G099300,1,0,1,1
TraesCS1A02G263700,1,0,1,1
TraesCS1B02G277300,1,0,1,1
TraesCS1D02G263800,1,0,1,1
TraesCS1D02G266500,1,0,1,1
TraesCS2A02G101200,2,1,1,1
TraesCS2A02G338300,1,0,1,1
TraesCS2A02G382400,1,0,1,1
TraesCS2B02G067400,1,0,1,1
TraesCS2B02G343600,1,0,1,1
TraesCS2B02G355600,1,0,1,1
TraesCS2B02G616900,1,0,1,1
TraesCS2D02G100800,2,1,1,1
TraesCS2D02G324700,1,0,1,1
TraesCS2D02G334800,1,0,1,1
TraesCS2D02G567000,1,0,1,1
TraesCS3B02G273600,1,0,1,1
TraesCS3D02G245500,1,0,1,1
TraesCS3D02G333100,2,1,1,1
TraesCS4A02G130600,1,0,1,1
TraesCS4B02G329100,2,1,1,1
TraesCS4D02G176000,1,0,1,1
TraesCS4D02G325700,4,3,1,1
TraesCS5A02G143100,9,8,1,1
TraesCS5A02G468300,1,0,1,1
TraesCS5B02G290200,2,1,1,1
TraesCS6A02G378500,1,0,1,1
TraesCS6A02G378600,1,0,1,1
TraesCS6B02G416500,1,0,1,1
TraesCS6D02G362800,1,0,1,1
TraesCS7A02G208200,1,0,1,1
TraesCS7A02G464800,2,1,1,1
TraesCS7B02G111300,1,0,1,1
TraesCS7B02G115400,1,0,1,1
TraesCS7D02G365200,4,3,1,1
TraesCSU02G137200,1,0,1,1
TraesCS1A02G192800,1,0,1,1
TraesCS1B02G207700,1,0,1,1
TraesCS1D02G196400,1,0,1,1
TraesCS7B02G296800,2,1,1,1
TraesCS7D02G279600,1,0,1,1
TraesCS4A02G200200,1,0,1,1
TraesCS4D02G112800,1,0,1,1
TraesCS7B02G162700,1,0,1,1
TraesCS2B02G422400,1,0,1,1
TraesCS3D02G166900,1,0,1,1
TraesCS4D02G322400,1,0,1,1
TraesCS5A02G349500,1,0,1,1
TraesCS2A02G292700,1,0,1,1
TraesCS2B02G309100,1,0,1,1
TraesCS2D02G290500,1,0,1,1
TraesCS1A02G255300,1,0,1,1
TraesCS2B02G250900,35,34,1,1
TraesCS3B02G468400,1,0,1,1
TraesCS3D02G425800,1,0,1,1
TraesCS4A02G359500,1,0,1,1
TraesCS5D02G513300,1,0,1,1
TraesCS6A02G110100,2,1,1,1
TraesCS6B02G183400,1,0,1,1
TraesCS7A02G249100,1,0,1,1
TraesCS7B02G142200,1,0,1,1
TraesCS1D02G436500,2,1,1,1
TraesCS1A02G241400,1,0,1,1
TraesCS7D02G271400,3,2,1,1
TraesCS3A02G413600,1,0,1,1
TraesCS3B02G433400,1,0,1,1
TraesCS3D02G408000,1,0,1,1
TraesCS3D02G408100,1,0,1,1
TraesCS6A02G107300,1,0,1,1
TraesCS7A02G414500,1,0,1,1
TraesCS7D02G407600,1,0,1,1
TraesCS1A02G333900,1,0,1,1
TraesCS3B02G411000,1,0,1,1
TraesCS4B02G166400,1,0,1,1
TraesCS6D02G138700,1,0,1,1
TraesCS6D02G121500,1,0,1,1
TraesCS1D02G418000,1,0,1,1
TraesCS2A02G489500,1,0,1,1
TraesCS2B02G187500,2,1,1,1
TraesCS2B02G209200,1,0,1,1
TraesCS2D02G269200,2,1,1,1
TraesCS2D02G431000,2,1,1,1
TraesCS3A02G116200,1,0,1,1
TraesCS3A02G229300,1,0,1,1
TraesCS3A02G360900,1,0,1,1
TraesCS3B02G324400,1,0,1,1
TraesCS3B02G595800,1,0,1,1
TraesCS3D02G173300,1,0,1,1
TraesCS3D02G289500,1,0,1,1
TraesCS3D02G354700,1,0,1,1
TraesCS3D02G532800,1,0,1,1
TraesCS4A02G162500,1,0,1,1
TraesCS5A02G059100,1,0,1,1
TraesCS5A02G104900,1,0,1,1
TraesCS5A02G156700,1,0,1,1
TraesCS5A02G185600,1,0,1,1
TraesCS5A02G381000,1,0,1,1
TraesCS5D02G162100,1,0,1,1
TraesCS7D02G345700,5,4,1,1
TraesCS3A02G538000,1,0,1,1
TraesCS3D02G543400,1,0,1,1
TraesCS1B02G060700,1,0,1,1
TraesCS1B02G122100,1,0,1,1
TraesCS1B02G150200,1,0,1,1
TraesCS1D02G009406,1,0,1,1
TraesCS1D02G173700,1,0,1,1
TraesCS2A02G066000,1,0,1,1
TraesCS2A02G342200,1,0,1,1
TraesCS2A02G536400,1,0,1,1
TraesCS2B02G080100,1,0,1,1
TraesCS2B02G135800,1,0,1,1
TraesCS2B02G188500,1,0,1,1
TraesCS2B02G208200,1,0,1,1
TraesCS2B02G230000,1,0,1,1
TraesCS2B02G390500,1,0,1,1
TraesCS2B02G507000,1,0,1,1
TraesCS2D02G378600,1,0,1,1
TraesCS2D02G510600,1,0,1,1
TraesCS2D02G523000,1,0,1,1
TraesCS3B02G098800,1,0,1,1
TraesCS3B02G136100,1,0,1,1
TraesCS3B02G231900,1,0,1,1
TraesCS3B02G256100,1,0,1,1
TraesCS3B02G291400,1,0,1,1
TraesCS3D02G024100,1,0,1,1
TraesCS3D02G041900,1,0,1,1
TraesCS3D02G048200,1,0,1,1
TraesCS3D02G502400,1,0,1,1
TraesCS4A02G139300,1,0,1,1
TraesCS4A02G253000,1,0,1,1
TraesCS4A02G386900,1,0,1,1
TraesCS4A02G439023,1,0,1,1
TraesCS4B02G024700,1,0,1,1
TraesCS4B02G157600,1,0,1,1
TraesCS4B02G201800,1,0,1,1
TraesCS4B02G306100,1,0,1,1
TraesCS4B02G346300,1,0,1,1
TraesCS4D02G149900,1,0,1,1
TraesCS5A02G027700,1,0,1,1
TraesCS5A02G029400,2,1,1,1
TraesCS5A02G153500,1,0,1,1
TraesCS5A02G156500,1,0,1,1
TraesCS5A02G254000,1,0,1,1
TraesCS5A02G408100,1,0,1,1
TraesCS5A02G470800,1,0,1,1
TraesCS5B02G179300,1,0,1,1
TraesCS5B02G275300,1,0,1,1
TraesCS5B02G397300,1,0,1,1
TraesCS5B02G413000,1,0,1,1
TraesCS5B02G433700,1,0,1,1
TraesCS5D02G117000,1,0,1,1
TraesCS5D02G292900,1,0,1,1
TraesCS5D02G418000,1,0,1,1
TraesCS5D02G501200,1,0,1,1
TraesCS6A02G024000,1,0,1,1
TraesCS6A02G124500,1,0,1,1
TraesCS6A02G276600,1,0,1,1
TraesCS6A02G420100,1,0,1,1
TraesCS6B02G152600,1,0,1,1
TraesCS6B02G174200,1,0,1,1
TraesCS6B02G189400,1,0,1,1
TraesCS6D02G078500,1,0,1,1
TraesCS6D02G154800,1,0,1,1
TraesCS7A02G271500,1,0,1,1
TraesCS7A02G282000,1,0,1,1
TraesCS7B02G110600,1,0,1,1
TraesCS7B02G163400,1,0,1,1
TraesCS7B02G184100,1,0,1,1
TraesCS7B02G268500,1,0,1,1
TraesCS7D02G087400,2,1,1,1
TraesCS7D02G345300,1,0,1,1
TraesCS1A02G223800,1,0,1,1
TraesCS1A02G245700,1,0,1,1
TraesCS1A02G412600,1,0,1,1
TraesCS1A02G424800,1,0,1,1
TraesCS1B02G071500,1,0,1,1
TraesCS1B02G222600,1,0,1,1
TraesCS1B02G244000,1,0,1,1
TraesCS1D02G105200,1,0,1,1
TraesCS1D02G158600,2,1,1,1
TraesCS1D02G231800,1,0,1,1
TraesCS1D02G298500,1,0,1,1
TraesCS1D02G419600,1,0,1,1
TraesCS2A02G111400,1,0,1,1
TraesCS2A02G334300,1,0,1,1
TraesCS2D02G144000,1,0,1,1
TraesCS2D02G252200,1,0,1,1
TraesCS2D02G278300,1,0,1,1
TraesCS2D02G346000,1,0,1,1
TraesCS2D02G501100,1,0,1,1
TraesCS2D02G513900,2,1,1,1
TraesCS3A02G054800,1,0,1,1
TraesCS3A02G253800,1,0,1,1
TraesCS3A02G335700,1,0,1,1
TraesCS3A02G351500,1,0,1,1
TraesCS3A02G357200,1,0,1,1
TraesCS3A02G477700,2,1,1,1
TraesCS3A02G507900,1,0,1,1
TraesCS3B02G035100,1,0,1,1
TraesCS3B02G264600,1,0,1,1
TraesCS3D02G257100,1,0,1,1
TraesCS3D02G264900,1,0,1,1
TraesCS4A02G067400,1,0,1,1
TraesCS4A02G109600,1,0,1,1
TraesCS4A02G142500,1,0,1,1
TraesCS4B02G201300,1,0,1,1
TraesCS4B02G224700,1,0,1,1
TraesCS4B02G258700,1,0,1,1
TraesCS4D02G104900,1,0,1,1
TraesCS5B02G000100,1,0,1,1
TraesCS5B02G062100,2,1,1,1
TraesCS5B02G157800,1,0,1,1
TraesCS5B02G163000,1,0,1,1
TraesCS5B02G169000,1,0,1,1
TraesCS5D02G052400,1,0,1,1
TraesCS5D02G123700,1,0,1,1
TraesCS5D02G402700,1,0,1,1
TraesCS5D02G523300,1,0,1,1
TraesCS6A02G097100,1,0,1,1
TraesCS6A02G229800,1,0,1,1
TraesCS6A02G243600,1,0,1,1
TraesCS6A02G270000,1,0,1,1
TraesCS6A02G383400,1,0,1,1
TraesCS6A02G394200,1,0,1,1
TraesCS6B02G054700,1,0,1,1
TraesCS6B02G107700,2,1,1,1
TraesCS6B02G297900,1,0,1,1
TraesCS6B02G447500,1,0,1,1
TraesCS6D02G073700,1,0,1,1
TraesCS6D02G114800,1,0,1,1
TraesCS6D02G119600,1,0,1,1
TraesCS6D02G164900,1,0,1,1
TraesCS6D02G244300,1,0,1,1
TraesCS7A02G116100,1,0,1,1
TraesCS7A02G180700,1,0,1,1
TraesCS7A02G205300,1,0,1,1
TraesCS7A02G406200,1,0,1,1
TraesCS7A02G487800,1,0,1,1
TraesCS7A02G520600,1,0,1,1
TraesCS7B02G104500,1,0,1,1
TraesCS7B02G309700,1,0,1,1
TraesCS7D02G111300,1,0,1,1
TraesCS7D02G288400,1,0,1,1
TraesCS7D02G528800,1,0,1,1
TraesCS1A02G277500,1,0,1,1
TraesCS1A02G431500,1,0,1,1
TraesCS1D02G276700,1,0,1,1
TraesCS1D02G451200,1,0,1,1
TraesCS1D02G453100,1,0,1,1
TraesCS2A02G042600,1,0,1,1
TraesCS2A02G138300,1,0,1,1
TraesCS2A02G307200,1,0,1,1
TraesCS2A02G409500,1,0,1,1
TraesCS2A02G575400,1,0,1,1
TraesCS2A02G583700,1,0,1,1
TraesCS2A02G586000,1,0,1,1
TraesCS2B02G139000,1,0,1,1
TraesCS2B02G425800,1,0,1,1
TraesCS2B02G426000,1,0,1,1
TraesCS2D02G567600,1,0,1,1
TraesCS2D02G571200,1,0,1,1
TraesCS2D02G571700,1,0,1,1
TraesCS2D02G587100,1,0,1,1
TraesCS2D02G587300,1,0,1,1
TraesCS2D02G588300,1,0,1,1
TraesCS2D02G599400,1,0,1,1
TraesCS3A02G095000,1,0,1,1
TraesCS3A02G096600,1,0,1,1
TraesCS3A02G237200,1,0,1,1
TraesCS3A02G456400,1,0,1,1
TraesCS3B02G145800,1,0,1,1
TraesCS3B02G225800,1,0,1,1
TraesCS3B02G233200,1,0,1,1
TraesCS3D02G535900,1,0,1,1
TraesCS4A02G319300,1,0,1,1
TraesCS4A02G461600,1,0,1,1
TraesCS4B02G026300,1,0,1,1
TraesCS4B02G153700,1,0,1,1
TraesCS4B02G239300,1,0,1,1
TraesCS4B02G309800,1,0,1,1
TraesCS4B02G337700,1,0,1,1
TraesCS4B02G380900,1,0,1,1
TraesCS4D02G185600,1,0,1,1
TraesCS5A02G120900,1,0,1,1
TraesCS5A02G182900,1,0,1,1
TraesCS5A02G208900,1,0,1,1
TraesCS5A02G410500,1,0,1,1
TraesCS5A02G449900,1,0,1,1
TraesCS5B02G019600,1,0,1,1
TraesCS5B02G068300,1,0,1,1
TraesCS5B02G092600,1,0,1,1
TraesCS5B02G134600,1,0,1,1
TraesCS5B02G158900,2,1,1,1
TraesCS5B02G452500,1,0,1,1
TraesCS5B02G452700,1,0,1,1
TraesCS5B02G525500,1,0,1,1
TraesCS5D02G304000,1,0,1,1
TraesCS5D02G459900,1,0,1,1
TraesCS6A02G285600,1,0,1,1
TraesCS6B02G012700,1,0,1,1
TraesCS6B02G028600,1,0,1,1
TraesCS6B02G148000,1,0,1,1
TraesCS6B02G197300,1,0,1,1
TraesCS6B02G331200,1,0,1,1
TraesCS6B02G453200,1,0,1,1
TraesCS6D02G184500,1,0,1,1
TraesCS6D02G292600,1,0,1,1
TraesCS6D02G294200,1,0,1,1
TraesCS6D02G380300,1,0,1,1
TraesCS7A02G020600,1,0,1,1
TraesCS7B02G354000,1,0,1,1
TraesCS7D02G029100,1,0,1,1
TraesCS7D02G116100,1,0,1,1
TraesCS7D02G304600,1,0,1,1
TraesCS7D02G333800,2,1,1,1
TraesCSU02G018300,1,0,1,1
TraesCSU02G036800,1,0,1,1
TraesCS1A02G222200,1,0,1,1
TraesCS1A02G329400,1,0,1,1
TraesCS1B02G059300,1,0,1,1
TraesCS1B02G103800,1,0,1,1
TraesCS1B02G115500,1,0,1,1
TraesCS1B02G137400,1,0,1,1
TraesCS1B02G200700,1,0,1,1
TraesCS1B02G303200,1,0,1,1
TraesCS1B02G363800,1,0,1,1
TraesCS1B02G398400,1,0,1,1
TraesCS1D02G000100,1,0,1,1
TraesCS1D02G015800,1,0,1,1
TraesCS1D02G194100,1,0,1,1
TraesCS1D02G218700,1,0,1,1
TraesCS1D02G452300,1,0,1,1
TraesCS2B02G046100,1,0,1,1
TraesCS2B02G259000,1,0,1,1
TraesCS2D02G000600,1,0,1,1
TraesCS2D02G066800,1,0,1,1
TraesCS2D02G355300,1,0,1,1
TraesCS2D02G498100,1,0,1,1
TraesCS3A02G012800,1,0,1,1
TraesCS3A02G097300,1,0,1,1
TraesCS3A02G331700,1,0,1,1
TraesCS3B02G103200,1,0,1,1
TraesCS3B02G107500,1,0,1,1
TraesCS3B02G285500,1,0,1,1
TraesCS3D02G055100,1,0,1,1
TraesCS3D02G079400,1,0,1,1
TraesCS3D02G092500,1,0,1,1
TraesCS4A02G191400,1,0,1,1
TraesCS4B02G015100,1,0,1,1
TraesCS4B02G189100,1,0,1,1
TraesCS4B02G242100,1,0,1,1
TraesCS4D02G052700,1,0,1,1
TraesCS4D02G096200,1,0,1,1
TraesCS4D02G321600,1,0,1,1
TraesCS4D02G362300,1,0,1,1
TraesCS5A02G173400,2,1,1,1
TraesCS5A02G533800,1,0,1,1
TraesCS5B02G058100,1,0,1,1
TraesCS5B02G076900,1,0,1,1
TraesCS5B02G111400,1,0,1,1
TraesCS5B02G134700,1,0,1,1
TraesCS5D02G025500,2,1,1,1
TraesCS5D02G034400,1,0,1,1
TraesCS5D02G112400,1,0,1,1
TraesCS5D02G118900,1,0,1,1
TraesCS5D02G139000,1,0,1,1
TraesCS5D02G192700,1,0,1,1
TraesCS5D02G282000,1,0,1,1
TraesCS5D02G443900,1,0,1,1
TraesCS5D02G531100,1,0,1,1
TraesCS6A02G123700,1,0,1,1
TraesCS6A02G181600,1,0,1,1
TraesCS6B02G040600,1,0,1,1
TraesCS6B02G086000,1,0,1,1
TraesCS6B02G167700,1,0,1,1
TraesCS6B02G363500,1,0,1,1
TraesCS6B02G419100,1,0,1,1
TraesCS6B02G424700,1,0,1,1
TraesCS6D02G104100,1,0,1,1
TraesCS6D02G265000,1,0,1,1
TraesCS6D02G275300,1,0,1,1
TraesCS6D02G320900,1,0,1,1
TraesCS7A02G280400,1,0,1,1
TraesCS7A02G300300,2,1,1,1
TraesCS7A02G386000,1,0,1,1
TraesCS7A02G459200,1,0,1,1
TraesCS7A02G462000,1,0,1,1
TraesCS7B02G092700,1,0,1,1
TraesCS7B02G373100,2,1,1,1
TraesCS7D02G114400,1,0,1,1
TraesCS7D02G201500,1,0,1,1
TraesCS7D02G220800,1,0,1,1
TraesCS7D02G272300,1,0,1,1
TraesCS7D02G423200,1,0,1,1
TraesCS7D02G496500,1,0,1,1
TraesCSU02G127100,1,0,1,1
TraesCS1A02G173700,1,0,1,1
TraesCS1A02G326900,1,0,1,1
TraesCS1A02G378700,1,0,1,1
TraesCS1B02G056500,1,0,1,1
TraesCS1B02G111700,1,0,1,1
TraesCS1B02G129900,1,0,1,1
TraesCS1B02G132500,1,0,1,1
TraesCS1B02G143800,1,0,1,1
TraesCS1D02G138100,1,0,1,1
TraesCS1D02G223700,1,0,1,1
TraesCS1D02G240200,1,0,1,1
TraesCS1D02G443100,1,0,1,1
TraesCS2A02G187300,1,0,1,1
TraesCS2A02G258100,1,0,1,1
TraesCS2A02G416700,1,0,1,1
TraesCS2A02G428100,1,0,1,1
TraesCS2A02G447900,1,0,1,1
TraesCS2A02G566600,1,0,1,1
TraesCS2B02G261900,1,0,1,1
TraesCS2B02G277900,1,0,1,1
TraesCS2D02G274100,1,0,1,1
TraesCS2D02G352800,1,0,1,1
TraesCS2D02G355800,1,0,1,1
TraesCS3A02G198400,1,0,1,1
TraesCS3A02G203700,1,0,1,1
TraesCS3A02G248100,1,0,1,1
TraesCS3A02G398204,1,0,1,1
TraesCS3A02G511000,1,0,1,1
TraesCS3B02G115500,1,0,1,1
TraesCS3B02G147400,1,0,1,1
TraesCS3B02G250400,1,0,1,1
TraesCS3B02G311800,1,0,1,1
TraesCS3B02G326100,1,0,1,1
TraesCS3B02G584200,1,0,1,1
TraesCS3D02G070200,1,0,1,1
TraesCS3D02G211200,1,0,1,1
TraesCS3D02G211900,2,1,1,1
TraesCS3D02G233900,1,0,1,1
TraesCS3D02G338000,1,0,1,1
TraesCS4A02G375300,1,0,1,1
TraesCS4A02G375400,1,0,1,1
TraesCS4A02G377900,1,0,1,1
TraesCS4A02G391000,1,0,1,1
TraesCS4B02G083700,1,0,1,1
TraesCS4B02G118300,1,0,1,1
TraesCS4D02G222100,1,0,1,1
TraesCS5A02G048800,1,0,1,1
TraesCS5A02G051200,1,0,1,1
TraesCS5A02G077200,1,0,1,1
TraesCS5A02G089000,1,0,1,1
TraesCS5A02G121900,1,0,1,1
TraesCS5A02G174300,1,0,1,1
TraesCS5A02G206300,1,0,1,1
TraesCS5A02G340300,1,0,1,1
TraesCS5A02G556800,1,0,1,1
TraesCS5B02G274700,1,0,1,1
TraesCS5B02G360900,1,0,1,1
TraesCS5B02G415900,1,0,1,1
TraesCS5B02G515200,1,0,1,1
TraesCS5D02G086900,1,0,1,1
TraesCS5D02G111800,1,0,1,1
TraesCS5D02G131600,1,0,1,1
TraesCS5D02G243000,1,0,1,1
TraesCS5D02G425500,1,0,1,1
TraesCS5D02G538200,1,0,1,1
TraesCS6A02G023600,1,0,1,1
TraesCS6A02G112600,1,0,1,1
TraesCS6A02G207100,1,0,1,1
TraesCS6A02G308800,1,0,1,1
TraesCS6A02G417700,1,0,1,1
TraesCS6B02G176600,1,0,1,1
TraesCS6B02G223100,1,0,1,1
TraesCS6B02G304100,1,0,1,1
TraesCS6D02G026900,1,0,1,1
TraesCS6D02G102600,1,0,1,1
TraesCS6D02G137700,1,0,1,1
TraesCS7A02G129700,1,0,1,1
TraesCS7A02G333600,1,0,1,1
TraesCS7A02G398600,1,0,1,1
TraesCS7B02G029700,1,0,1,1
TraesCS7B02G031600,1,0,1,1
TraesCS7B02G042200,1,0,1,1
TraesCS7B02G221600,1,0,1,1
TraesCS7B02G413800,1,0,1,1
TraesCS7D02G128800,1,0,1,1
TraesCS7D02G155400,1,0,1,1
TraesCS7D02G209900,1,0,1,1
TraesCS7D02G265700,1,0,1,1
TraesCS7D02G308700,2,1,1,1
TraesCS7D02G466600,1,0,1,1
TraesCS7D02G494400,1,0,1,1
TraesCS7D02G505400,1,0,1,1
TraesCS7D02G552300,1,0,1,1
TraesCSU02G068300,1,0,1,1
TraesCS1A02G176500,1,0,1,1
TraesCS1A02G233700,1,0,1,1
TraesCS1A02G250300,1,0,1,1
TraesCS1B02G130500,1,0,1,1
TraesCS1B02G364100,1,0,1,1
TraesCS1B02G390900,1,0,1,1
TraesCS1D02G007900,1,0,1,1
TraesCS1D02G132300,1,0,1,1
TraesCS1D02G162500,1,0,1,1
TraesCS1D02G174400,1,0,1,1
TraesCS1D02G397500,1,0,1,1
TraesCS2A02G116600,1,0,1,1
TraesCS2A02G184200,1,0,1,1
TraesCS2B02G234000,1,0,1,1
TraesCS2B02G243900,2,1,1,1
TraesCS2B02G309800,1,0,1,1
TraesCS2B02G434500,1,0,1,1
TraesCS2B02G611000,1,0,1,1
TraesCS2D02G068300,1,0,1,1
TraesCS2D02G189500,1,0,1,1
TraesCS2D02G196100,1,0,1,1
TraesCS2D02G226200,1,0,1,1
TraesCS2D02G259700,1,0,1,1
TraesCS3B02G013000,1,0,1,1
TraesCS3B02G189700,1,0,1,1
TraesCS3B02G219900,1,0,1,1
TraesCS3B02G226400,1,0,1,1
TraesCS3B02G276100,1,0,1,1
TraesCS3D02G131600,1,0,1,1
TraesCS3D02G166400,1,0,1,1
TraesCS3D02G205900,1,0,1,1
TraesCS4A02G173500,1,0,1,1
TraesCS4B02G164500,1,0,1,1
TraesCS4B02G224200,1,0,1,1
TraesCS4D02G044900,1,0,1,1
TraesCS4D02G166500,1,0,1,1
TraesCS4D02G241700,1,0,1,1
TraesCS4D02G300200,1,0,1,1
TraesCS5A02G102300,1,0,1,1
TraesCS5A02G199600,1,0,1,1
TraesCS5A02G528400,1,0,1,1
TraesCS5B02G079900,1,0,1,1
TraesCS5B02G295900,1,0,1,1
TraesCS5B02G355000,1,0,1,1
TraesCS5D02G032000,1,0,1,1
TraesCS5D02G197600,1,0,1,1
TraesCS5D02G205200,1,0,1,1
TraesCS5D02G512100,1,0,1,1
TraesCS6A02G217400,1,0,1,1
TraesCS6B02G035700,1,0,1,1
TraesCS6B02G258000,1,0,1,1
TraesCS6D02G184900,1,0,1,1
TraesCS6D02G217600,1,0,1,1
TraesCS7A02G294600,2,1,1,1
TraesCS7A02G437100,1,0,1,1
TraesCS7A02G478900,1,0,1,1
TraesCS7B02G060100,1,0,1,1
TraesCS7B02G156100,1,0,1,1
TraesCS7B02G183700,1,0,1,1
TraesCS7B02G273300,1,0,1,1
TraesCS7D02G283000,1,0,1,1
TraesCS7D02G353400,1,0,1,1
TraesCSU02G068100,1,0,1,1
TraesCSU02G110800,1,0,1,1
TraesCS1A02G084200,1,0,1,1
TraesCS1A02G137900,1,0,1,1
TraesCS1A02G164700,1,0,1,1
TraesCS1A02G181400,1,0,1,1
TraesCS1A02G242600,1,0,1,1
TraesCS1A02G243300,1,0,1,1
TraesCS1A02G298700,1,0,1,1
TraesCS1A02G364200,1,0,1,1
TraesCS1A02G381100,1,0,1,1
TraesCS1B02G190400,1,0,1,1
TraesCS1B02G199400,1,0,1,1
TraesCS1B02G209700,1,0,1,1
TraesCS1B02G254100,1,0,1,1
TraesCS1B02G254800,1,0,1,1
TraesCS1B02G267100,1,0,1,1
TraesCS1B02G269900,1,0,1,1
TraesCS1B02G275400,1,0,1,1
TraesCS1B02G308300,1,0,1,1
TraesCS1B02G379800,1,0,1,1
TraesCS1B02G381600,1,0,1,1
TraesCS1B02G392900,1,0,1,1
TraesCS1D02G185200,1,0,1,1
TraesCS1D02G198400,1,0,1,1
TraesCS1D02G215900,1,0,1,1
TraesCS1D02G242600,1,0,1,1
TraesCS1D02G243300,1,0,1,1
TraesCS1D02G249100,1,0,1,1
TraesCS1D02G369600,1,0,1,1
TraesCS1D02G373000,1,0,1,1
TraesCS1D02G428700,1,0,1,1
TraesCS1D02G436200,1,0,1,1
TraesCS2A02G039300,1,0,1,1
TraesCS2A02G098000,1,0,1,1
TraesCS2A02G131300,2,1,1,1
TraesCS2A02G133800,1,0,1,1
TraesCS2A02G187700,1,0,1,1
TraesCS2A02G320400,1,0,1,1
TraesCS2A02G467300,1,0,1,1
TraesCS2A02G543000,1,0,1,1
TraesCS2B02G079700,1,0,1,1
TraesCS2B02G094500,1,0,1,1
TraesCS2B02G096100,1,0,1,1
TraesCS2B02G271900,1,0,1,1
TraesCS2B02G427700,1,0,1,1
TraesCS2B02G452500,1,0,1,1
TraesCS2B02G496600,1,0,1,1
TraesCS2B02G596500,1,0,1,1
TraesCS2B02G603500,1,0,1,1
TraesCS2D02G099300,1,0,1,1
TraesCS2D02G113700,1,0,1,1
TraesCS2D02G135800,1,0,1,1
TraesCS2D02G183600,1,0,1,1
TraesCS2D02G252800,1,0,1,1
TraesCS2D02G267400,1,0,1,1
TraesCS2D02G321100,1,0,1,1
TraesCS2D02G375600,1,0,1,1
TraesCS2D02G539700,1,0,1,1
TraesCS2D02G599600,1,0,1,1
TraesCS3A02G036800,1,0,1,1
TraesCS3A02G043900,1,0,1,1
TraesCS3A02G148400,1,0,1,1
TraesCS3A02G151900,1,0,1,1
TraesCS3A02G155600,1,0,1,1
TraesCS3A02G167100,2,1,1,1
TraesCS3A02G170300,1,0,1,1
TraesCS3A02G295500,1,0,1,1
TraesCS3A02G304600,1,0,1,1
TraesCS3A02G344100,1,0,1,1
TraesCS3A02G353700,1,0,1,1
TraesCS3A02G382700,1,0,1,1
TraesCS3A02G389600,1,0,1,1
TraesCS3A02G440000,1,0,1,1
TraesCS3A02G503300,1,0,1,1
TraesCS3A02G534600,1,0,1,1
TraesCS3B02G000200,1,0,1,1
TraesCS3B02G047100,1,0,1,1
TraesCS3B02G117700,1,0,1,1
TraesCS3B02G240300,1,0,1,1
TraesCS3B02G281100,1,0,1,1
TraesCS3B02G286300,1,0,1,1
TraesCS3B02G291600,2,1,1,1
TraesCS3B02G357800,1,0,1,1
TraesCS3B02G383500,1,0,1,1
TraesCS3B02G439000,1,0,1,1
TraesCS3B02G490600,1,0,1,1
TraesCS3B02G611700,1,0,1,1
TraesCS3D02G087300,1,0,1,1
TraesCS3D02G159800,1,0,1,1
TraesCS3D02G171800,1,0,1,1
TraesCS3D02G220000,1,0,1,1
TraesCS3D02G302300,1,0,1,1
TraesCS3D02G416300,1,0,1,1
TraesCS3D02G473600,1,0,1,1
TraesCS4A02G046700,1,0,1,1
TraesCS4A02G047000,1,0,1,1
TraesCS4A02G092500,1,0,1,1
TraesCS4A02G199400,1,0,1,1
TraesCS4A02G229800,1,0,1,1
TraesCS4A02G269800,1,0,1,1
TraesCS4A02G281500,1,0,1,1
TraesCS4A02G320100,1,0,1,1
TraesCS4A02G335300,1,0,1,1
TraesCS4A02G353300,1,0,1,1
TraesCS4A02G390800,1,0,1,1
TraesCS4B02G016400,1,0,1,1
TraesCS4B02G121400,1,0,1,1
TraesCS4B02G178200,1,0,1,1
TraesCS4B02G207500,1,0,1,1
TraesCS4B02G208100,1,0,1,1
TraesCS4B02G213900,1,0,1,1
TraesCS4B02G226100,1,0,1,1
TraesCS4B02G277600,1,0,1,1
TraesCS4B02G399200,1,0,1,1
TraesCS4D02G047500,1,0,1,1
TraesCS4D02G133700,1,0,1,1
TraesCS4D02G172300,1,0,1,1
TraesCS4D02G212600,1,0,1,1
TraesCS4D02G213600,1,0,1,1
TraesCS4D02G275900,1,0,1,1
TraesCS4D02G306000,1,0,1,1
TraesCS4D02G309400,1,0,1,1
TraesCS4D02G337300,1,0,1,1
TraesCS5A02G003800,1,0,1,1
TraesCS5A02G024900,1,0,1,1
TraesCS5A02G060700,1,0,1,1
TraesCS5A02G089500,1,0,1,1
TraesCS5A02G276800,1,0,1,1
TraesCS5A02G323500,1,0,1,1
TraesCS5A02G324200,1,0,1,1
TraesCS5A02G365100,1,0,1,1
TraesCS5A02G390200,1,0,1,1
TraesCS5A02G401700,1,0,1,1
TraesCS5A02G412700,1,0,1,1
TraesCS5A02G427100,1,0,1,1
TraesCS5A02G431400,1,0,1,1
TraesCS5A02G467600,1,0,1,1
TraesCS5A02G493800,1,0,1,1
TraesCS5A02G510900,1,0,1,1
TraesCS5B02G003900,1,0,1,1
TraesCS5B02G163400,1,0,1,1
TraesCS5B02G178300,1,0,1,1
TraesCS5B02G235600,1,0,1,1
TraesCS5B02G404800,1,0,1,1
TraesCS5B02G436900,1,0,1,1
TraesCS5B02G464000,1,0,1,1
TraesCS5B02G511300,1,0,1,1
TraesCS5B02G559100,1,0,1,1
TraesCS5D02G013300,1,0,1,1
TraesCS5D02G031300,1,0,1,1
TraesCS5D02G058900,1,0,1,1
TraesCS5D02G097800,1,0,1,1
TraesCS5D02G101600,1,0,1,1
TraesCS5D02G198600,1,0,1,1
TraesCS5D02G208600,1,0,1,1
TraesCS5D02G280300,1,0,1,1
TraesCS5D02G374000,1,0,1,1
TraesCS5D02G481600,1,0,1,1
TraesCS5D02G511500,1,0,1,1
TraesCS6A02G021300,1,0,1,1
TraesCS6A02G041700,1,0,1,1
TraesCS6A02G049900,1,0,1,1
TraesCS6A02G103400,1,0,1,1
TraesCS6A02G138100,1,0,1,1
TraesCS6A02G165400,1,0,1,1
TraesCS6A02G186300,1,0,1,1
TraesCS6A02G213800,1,0,1,1
TraesCS6A02G269700,1,0,1,1
TraesCS6A02G275800,1,0,1,1
TraesCS6A02G298100,1,0,1,1
TraesCS6A02G321700,1,0,1,1
TraesCS6A02G371100,1,0,1,1
TraesCS6A02G377900,1,0,1,1
TraesCS6A02G392300,1,0,1,1
TraesCS6B02G028800,1,0,1,1
TraesCS6B02G056800,1,0,1,1
TraesCS6B02G105800,1,0,1,1
TraesCS6B02G126100,1,0,1,1
TraesCS6B02G132500,1,0,1,1
TraesCS6B02G137500,1,0,1,1
TraesCS6B02G147200,1,0,1,1
TraesCS6B02G257900,1,0,1,1
TraesCS6B02G336000,1,0,1,1
TraesCS6B02G342700,1,0,1,1
TraesCS6B02G352400,1,0,1,1
TraesCS6B02G406700,1,0,1,1
TraesCS6B02G432500,1,0,1,1
TraesCS6D02G025000,1,0,1,1
TraesCS6D02G092900,1,0,1,1
TraesCS6D02G109000,1,0,1,1
TraesCS6D02G147500,1,0,1,1
TraesCS6D02G234100,1,0,1,1
TraesCS6D02G244900,1,0,1,1
TraesCS6D02G252100,1,0,1,1
TraesCS6D02G252400,1,0,1,1
TraesCS6D02G269800,1,0,1,1
TraesCS6D02G378100,1,0,1,1
TraesCS7A02G093700,1,0,1,1
TraesCS7A02G101800,1,0,1,1
TraesCS7A02G190200,1,0,1,1
TraesCS7A02G244100,1,0,1,1
TraesCS7A02G272500,1,0,1,1
TraesCS7A02G295500,1,0,1,1
TraesCS7A02G329000,1,0,1,1
TraesCS7A02G374700,1,0,1,1
TraesCS7A02G392800,1,0,1,1
TraesCS7A02G434400,1,0,1,1
TraesCS7A02G517900,1,0,1,1
TraesCS7A02G549800,1,0,1,1
TraesCS7B02G056700,1,0,1,1
TraesCS7B02G095200,1,0,1,1
TraesCS7B02G095400,1,0,1,1
TraesCS7B02G167300,1,0,1,1
TraesCS7B02G265500,1,0,1,1
TraesCS7B02G302300,1,0,1,1
TraesCS7B02G309300,1,0,1,1
TraesCS7B02G399700,1,0,1,1
TraesCS7D02G039600,1,0,1,1
TraesCS7D02G092900,1,0,1,1
TraesCS7D02G142600,1,0,1,1
TraesCS7D02G174900,1,0,1,1
TraesCS7D02G191300,1,0,1,1
TraesCS7D02G284300,1,0,1,1
TraesCS7D02G335700,1,0,1,1
TraesCS7D02G336600,1,0,1,1
TraesCS7D02G361100,1,0,1,1
TraesCS7D02G373500,1,0,1,1
TraesCS7D02G418100,1,0,1,1
TraesCSU02G073200,1,0,1,1
TraesCSU02G098300,1,0,1,1
TraesCSU02G104200,1,0,1,1
TraesCSU02G105300,1,0,1,1
TraesCS1A02G015200,1,0,1,1
TraesCS1A02G142400,2,1,1,1
TraesCS1A02G180300,1,0,1,1
TraesCS1A02G327700,1,0,1,1
TraesCS1B02G202000,1,0,1,1
TraesCS1B02G261400,1,0,1,1
TraesCS1B02G415800,2,1,1,1
TraesCS1D02G011600,1,0,1,1
TraesCS1D02G141400,1,0,1,1
TraesCS1D02G200500,1,0,1,1
TraesCS1D02G226100,1,0,1,1
TraesCS1D02G242500,1,0,1,1
TraesCS1D02G244600,1,0,1,1
TraesCS1D02G287900,1,0,1,1
TraesCS2A02G184600,1,0,1,1
TraesCS2A02G202800,2,1,1,1
TraesCS2A02G212100,1,0,1,1
TraesCS2A02G305600,1,0,1,1
TraesCS2A02G339000,1,0,1,1
TraesCS2A02G368500,1,0,1,1
TraesCS2B02G421000,1,0,1,1
TraesCS2D02G091100,1,0,1,1
TraesCS2D02G144700,1,0,1,1
TraesCS2D02G176700,1,0,1,1
TraesCS2D02G236500,1,0,1,1
TraesCS2D02G244400,1,0,1,1
TraesCS2D02G401600,1,0,1,1
TraesCS2D02G472400,1,0,1,1
TraesCS2D02G488200,1,0,1,1
TraesCS3A02G253000,1,0,1,1
TraesCS3A02G286200,1,0,1,1
TraesCS3A02G384200,1,0,1,1
TraesCS3A02G409200,1,0,1,1
TraesCS3A02G463500,1,0,1,1
TraesCS3B02G247600,1,0,1,1
TraesCS3B02G331100,1,0,1,1
TraesCS3B02G451300,3,2,1,1
TraesCS3D02G326700,1,0,1,1
TraesCS3D02G358200,2,1,1,1
TraesCS4A02G122200,1,0,1,1
TraesCS4A02G125100,1,0,1,1
TraesCS4A02G288600,1,0,1,1
TraesCS4A02G336500,1,0,1,1
TraesCS4A02G358600,1,0,1,1
TraesCS4A02G410300,1,0,1,1
TraesCS4B02G027800,1,0,1,1
TraesCS4B02G058600,1,0,1,1
TraesCS4B02G103800,1,0,1,1
TraesCS4B02G129300,1,0,1,1
TraesCS4B02G131000,1,0,1,1
TraesCS4B02G157800,1,0,1,1
TraesCS4B02G182100,1,0,1,1
TraesCS4B02G206600,1,0,1,1
TraesCS4B02G219100,1,0,1,1
TraesCS4B02G220500,1,0,1,1
TraesCS4B02G269400,1,0,1,1
TraesCS4B02G318700,1,0,1,1
TraesCS4B02G354600,1,0,1,1
TraesCS4D02G077700,1,0,1,1
TraesCS4D02G179700,1,0,1,1
TraesCS4D02G248600,2,1,1,1
TraesCS4D02G282200,1,0,1,1
TraesCS4D02G315200,1,0,1,1
TraesCS5A02G053900,1,0,1,1
TraesCS5A02G119000,1,0,1,1
TraesCS5A02G414300,1,0,1,1
TraesCS5B02G082500,1,0,1,1
TraesCS5B02G160500,1,0,1,1
TraesCS5D02G026000,1,0,1,1
TraesCS5D02G048600,1,0,1,1
TraesCS5D02G063700,1,0,1,1
TraesCS5D02G100100,1,0,1,1
TraesCS5D02G233500,1,0,1,1
TraesCS5D02G253900,1,0,1,1
TraesCS5D02G331900,1,0,1,1
TraesCS5D02G565200,1,0,1,1
TraesCS6A02G082400,1,0,1,1
TraesCS6A02G118200,1,0,1,1
TraesCS6A02G223900,1,0,1,1
TraesCS6A02G239400,1,0,1,1
TraesCS6A02G378100,1,0,1,1
TraesCS6B02G066300,1,0,1,1
TraesCS6B02G241000,1,0,1,1
TraesCS6B02G415600,1,0,1,1
TraesCS6D02G108100,1,0,1,1
TraesCS6D02G154000,1,0,1,1
TraesCS6D02G161500,1,0,1,1
TraesCS6D02G178400,1,0,1,1
TraesCS6D02G180800,1,0,1,1
TraesCS6D02G285900,1,0,1,1
TraesCS6D02G287200,1,0,1,1
TraesCS6D02G317200,1,0,1,1
TraesCS6D02G378400,1,0,1,1
TraesCS6D02G401500,1,0,1,1
TraesCS7A02G050100,1,0,1,1
TraesCS7A02G107100,1,0,1,1
TraesCS7A02G189600,1,0,1,1
TraesCS7A02G211800,1,0,1,1
TraesCS7A02G258500,1,0,1,1
TraesCS7A02G389000,1,0,1,1
TraesCS7A02G561600,1,0,1,1
TraesCS7B02G046000,1,0,1,1
TraesCS7B02G127200,1,0,1,1
TraesCS7B02G202800,1,0,1,1
TraesCS7B02G473400,1,0,1,1
TraesCS7D02G083200,1,0,1,1
TraesCS7D02G189700,1,0,1,1
TraesCS7D02G263700,1,0,1,1
TraesCS7D02G359100,1,0,1,1
TraesCS7D02G415300,1,0,1,1
TraesCS7D02G433100,1,0,1,1
TraesCS1A02G233200,2,1,1,1
TraesCS1B02G099000,1,0,1,1
TraesCS1B02G136300,1,0,1,1
TraesCS1B02G142800,1,0,1,1
TraesCS1B02G145300,2,1,1,1
TraesCS1B02G188300,1,0,1,1
TraesCS1B02G199200,1,0,1,1
TraesCS1B02G249800,1,0,1,1
TraesCS1B02G449900,1,0,1,1
TraesCS1D02G184900,1,0,1,1
TraesCS1D02G281000,1,0,1,1
TraesCS1D02G357000,1,0,1,1
TraesCS2A02G023500,1,0,1,1
TraesCS2A02G160000,1,0,1,1
TraesCS2A02G291200,1,0,1,1
TraesCS2A02G442900,1,0,1,1
TraesCS2A02G473100,1,0,1,1
TraesCS2A02G519500,1,0,1,1
TraesCS2B02G607100,1,0,1,1
TraesCS2D02G215200,1,0,1,1
TraesCS2D02G337900,1,0,1,1
TraesCS2D02G358600,1,0,1,1
TraesCS2D02G427900,1,0,1,1
TraesCS2D02G559700,1,0,1,1
TraesCS3A02G225100,2,1,1,1
TraesCS3A02G323600,1,0,1,1
TraesCS3A02G421900,1,0,1,1
TraesCS3A02G516400,1,0,1,1
TraesCS3B02G050300,1,0,1,1
TraesCS3B02G077900,1,0,1,1
TraesCS3B02G091000,1,0,1,1
TraesCS3B02G099200,1,0,1,1
TraesCS3B02G233800,1,0,1,1
TraesCS3B02G279600,1,0,1,1
TraesCS3B02G341500,1,0,1,1
TraesCS3B02G363300,1,0,1,1
TraesCS3D02G015600,1,0,1,1
TraesCS3D02G023900,1,0,1,1
TraesCS3D02G039800,1,0,1,1
TraesCS3D02G146800,1,0,1,1
TraesCS3D02G237200,2,1,1,1
TraesCS3D02G245700,1,0,1,1
TraesCS3D02G515200,1,0,1,1
TraesCS4A02G110400,1,0,1,1
TraesCS4A02G119800,1,0,1,1
TraesCS4A02G329100,1,0,1,1
TraesCS4A02G382900,2,1,1,1
TraesCS4A02G401800,1,0,1,1
TraesCS4A02G461700,1,0,1,1
TraesCS4B02G157300,1,0,1,1
TraesCS4B02G179300,1,0,1,1
TraesCS4B02G186600,1,0,1,1
TraesCS4B02G204400,1,0,1,1
TraesCS4B02G229900,1,0,1,1
TraesCS4B02G335100,1,0,1,1
TraesCS4D02G017300,1,0,1,1
TraesCS4D02G181200,1,0,1,1
TraesCS4D02G250700,1,0,1,1
TraesCS4D02G349100,1,0,1,1
TraesCS5A02G121000,1,0,1,1
TraesCS5A02G266900,1,0,1,1
TraesCS5A02G487500,1,0,1,1
TraesCS5A02G508700,1,0,1,1
TraesCS5B02G144400,1,0,1,1
TraesCS5B02G266500,1,0,1,1
TraesCS5D02G118800,1,0,1,1
TraesCS5D02G259600,1,0,1,1
TraesCS5D02G303000,2,1,1,1
TraesCS5D02G366000,1,0,1,1
TraesCS5D02G393100,1,0,1,1
TraesCS5D02G418800,1,0,1,1
TraesCS6A02G299300,1,0,1,1
TraesCS6A02G362500,1,0,1,1
TraesCS6A02G372000,1,0,1,1
TraesCS6B02G139500,1,0,1,1
TraesCS6B02G142600,1,0,1,1
TraesCS6B02G199600,1,0,1,1
TraesCS6B02G210700,1,0,1,1
TraesCS6B02G322400,1,0,1,1
TraesCS6D02G267600,1,0,1,1
TraesCS6D02G358500,1,0,1,1
TraesCS7B02G163100,1,0,1,1
TraesCS7D02G058800,1,0,1,1
TraesCS7D02G089400,2,1,1,1
TraesCS7D02G257200,1,0,1,1
TraesCS7D02G282200,1,0,1,1
TraesCSU02G023200,1,0,1,1
TraesCS1A02G246700,2,1,1,1
TraesCS1A02G313200,1,0,1,1
TraesCS1B02G086100,1,0,1,1
TraesCS1B02G151800,1,0,1,1
TraesCS1B02G265200,1,0,1,1
TraesCS1D02G058900,1,0,1,1
TraesCS1D02G203200,1,0,1,1
TraesCS1D02G237600,1,0,1,1
TraesCS1D02G269200,1,0,1,1
TraesCS2A02G001100,1,0,1,1
TraesCS2A02G239200,1,0,1,1
TraesCS2A02G356300,1,0,1,1
TraesCS2A02G406800,1,0,1,1
TraesCS2A02G424300,1,0,1,1
TraesCS2A02G501200,1,0,1,1
TraesCS2B02G137100,1,0,1,1
TraesCS2B02G152800,1,0,1,1
TraesCS2B02G312300,1,0,1,1
TraesCS2B02G474700,1,0,1,1
TraesCS2B02G504000,1,0,1,1
TraesCS2B02G601400,1,0,1,1
TraesCS2D02G041600,1,0,1,1
TraesCS2D02G118000,1,0,1,1
TraesCS2D02G339800,1,0,1,1
TraesCS2D02G400200,1,0,1,1
TraesCS2D02G403700,1,0,1,1
TraesCS2D02G422100,1,0,1,1
TraesCS2D02G466400,1,0,1,1
TraesCS2D02G475000,1,0,1,1
TraesCS2D02G561900,1,0,1,1
TraesCS3A02G009800,1,0,1,1
TraesCS3A02G132700,1,0,1,1
TraesCS3A02G196400,1,0,1,1
TraesCS3A02G330900,1,0,1,1
TraesCS3A02G340100,1,0,1,1
TraesCS3A02G505200,1,0,1,1
TraesCS3A02G505600,1,0,1,1
TraesCS3B02G299300,1,0,1,1
TraesCS3B02G307700,1,0,1,1
TraesCS3D02G065800,1,0,1,1
TraesCS3D02G176500,1,0,1,1
TraesCS3D02G312200,1,0,1,1
TraesCS3D02G393100,1,0,1,1
TraesCS3D02G441500,1,0,1,1
TraesCS4A02G022100,1,0,1,1
TraesCS4A02G029000,1,0,1,1
TraesCS4A02G029400,1,0,1,1
TraesCS4A02G169100,1,0,1,1
TraesCS4A02G177000,1,0,1,1
TraesCS4A02G203300,1,0,1,1
TraesCS4A02G349100,2,1,1,1
TraesCS4B02G049500,1,0,1,1
TraesCS4B02G173300,1,0,1,1
TraesCS4B02G216500,1,0,1,1
TraesCS4B02G349100,1,0,1,1
TraesCS4B02G370200,1,0,1,1
TraesCS4D02G275100,1,0,1,1
TraesCS5A02G097300,1,0,1,1
TraesCS5A02G103900,1,0,1,1
TraesCS5A02G130600,1,0,1,1
TraesCS5A02G136200,1,0,1,1
TraesCS5A02G199500,1,0,1,1
TraesCS5A02G278100,1,0,1,1
TraesCS5A02G357600,1,0,1,1
TraesCS5A02G367700,1,0,1,1
TraesCS5A02G455800,1,0,1,1
TraesCS5A02G480900,1,0,1,1
TraesCS5B02G061800,1,0,1,1
TraesCS5B02G135000,1,0,1,1
TraesCS5B02G162300,2,1,1,1
TraesCS5B02G280200,1,0,1,1
TraesCS5B02G297600,1,0,1,1
TraesCS5B02G377700,1,0,1,1
TraesCS5B02G425200,1,0,1,1
TraesCS5D02G044900,1,0,1,1
TraesCS5D02G142900,1,0,1,1
TraesCS5D02G286600,2,1,1,1
TraesCS5D02G339800,2,1,1,1
TraesCS5D02G366700,1,0,1,1
TraesCS5D02G437100,1,0,1,1
TraesCS5D02G466800,1,0,1,1
TraesCS6A02G048600,1,0,1,1
TraesCS6A02G091000,1,0,1,1
TraesCS6A02G111800,1,0,1,1
TraesCS6A02G349700,1,0,1,1
TraesCS6B02G056200,1,0,1,1
TraesCS6D02G012900,1,0,1,1
TraesCS6D02G087500,1,0,1,1
TraesCS6D02G127500,1,0,1,1
TraesCS7A02G015200,1,0,1,1
TraesCS7A02G033700,1,0,1,1
TraesCS7A02G064100,1,0,1,1
TraesCS7A02G128400,1,0,1,1
TraesCS7B02G131400,1,0,1,1
TraesCS7D02G020800,1,0,1,1
TraesCS7D02G073000,1,0,1,1
TraesCS7D02G103300,1,0,1,1
TraesCS7D02G198500,1,0,1,1
TraesCS7D02G231300,1,0,1,1
TraesCS7D02G445600,1,0,1,1
TraesCS7D02G445800,1,0,1,1
TraesCSU02G105800,1,0,1,1
TraesCS1B02G021200,1,0,1,1
TraesCS1B02G137100,1,0,1,1
TraesCS1B02G262100,1,0,1,1
TraesCS1B02G296800,1,0,1,1
TraesCS1D02G004200,1,0,1,1
TraesCS1D02G085300,1,0,1,1
TraesCS1D02G111100,1,0,1,1
TraesCS1D02G142600,1,0,1,1
TraesCS2A02G000100,1,0,1,1
TraesCS2A02G189500,1,0,1,1
TraesCS2A02G387500,1,0,1,1
TraesCS2B02G462500,2,1,1,1
TraesCS2D02G167700,1,0,1,1
TraesCS2D02G212800,1,0,1,1
TraesCS2D02G228500,1,0,1,1
TraesCS2D02G335400,1,0,1,1
TraesCS3A02G354600,1,0,1,1
TraesCS3B02G151400,1,0,1,1
TraesCS3B02G230100,2,1,1,1
TraesCS3B02G262900,1,0,1,1
TraesCS3B02G491300,1,0,1,1
TraesCS3D02G297900,1,0,1,1
TraesCS3D02G298700,1,0,1,1
TraesCS3D02G348600,1,0,1,1
TraesCS3D02G358100,1,0,1,1
TraesCS4A02G173400,1,0,1,1
TraesCS4A02G322500,1,0,1,1
TraesCS4A02G426900,1,0,1,1
TraesCS4B02G014100,1,0,1,1
TraesCS5A02G091200,1,0,1,1
TraesCS5A02G106100,1,0,1,1
TraesCS5A02G112000,1,0,1,1
TraesCS5A02G355100,1,0,1,1
TraesCS5A02G455000,1,0,1,1
TraesCS5B02G098200,1,0,1,1
TraesCS5B02G152300,1,0,1,1
TraesCS5D02G103300,1,0,1,1
TraesCS5D02G124400,1,0,1,1
TraesCS5D02G252900,1,0,1,1
TraesCS5D02G484800,1,0,1,1
TraesCS6A02G104800,1,0,1,1
TraesCS6A02G135800,1,0,1,1
TraesCS6D02G269700,1,0,1,1
TraesCS7A02G044300,1,0,1,1
TraesCS7A02G162200,1,0,1,1
TraesCS7B02G167200,1,0,1,1
TraesCS7B02G191000,1,0,1,1
TraesCS7B02G220300,1,0,1,1
TraesCS7D02G085800,1,0,1,1
TraesCS7D02G269500,1,0,1,1
TraesCS7D02G320000,1,0,1,1
TraesCS1A02G096100,1,0,1,1
TraesCS1A02G160400,1,0,1,1
TraesCS1B02G428900,1,0,1,1
TraesCS1D02G376900,1,0,1,1
TraesCS2A02G003600,1,0,1,1
TraesCS2A02G033300,1,0,1,1
TraesCS2A02G176200,1,0,1,1
TraesCS2A02G226000,1,0,1,1
TraesCS2A02G231500,1,0,1,1
TraesCS2A02G528600,1,0,1,1
TraesCS2B02G064900,1,0,1,1
TraesCS2B02G067000,1,0,1,1
TraesCS2B02G256800,1,0,1,1
TraesCS2B02G277700,1,0,1,1
TraesCS2B02G302300,1,0,1,1
TraesCS2B02G307600,1,0,1,1
TraesCS2B02G320100,1,0,1,1
TraesCS2B02G366100,1,0,1,1
TraesCS2D02G468500,1,0,1,1
TraesCS2D02G558200,1,0,1,1
TraesCS2D02G581300,1,0,1,1
TraesCS2D02G601200,1,0,1,1
TraesCS3A02G251700,1,0,1,1
TraesCS3A02G347400,1,0,1,1
TraesCS3A02G507600,1,0,1,1
TraesCS3B02G282800,1,0,1,1
TraesCS3D02G023700,1,0,1,1
TraesCS3D02G223000,2,1,1,1
TraesCS3D02G358300,1,0,1,1
TraesCS3D02G458400,1,0,1,1
TraesCS4A02G034100,1,0,1,1
TraesCS4A02G094400,1,0,1,1
TraesCS4A02G230300,1,0,1,1
TraesCS4A02G329000,1,0,1,1
TraesCS4B02G047500,1,0,1,1
TraesCS4B02G140900,1,0,1,1
TraesCS4D02G214600,1,0,1,1
TraesCS4D02G265900,1,0,1,1
TraesCS5A02G044600,1,0,1,1
TraesCS5A02G223400,1,0,1,1
TraesCS5A02G299200,1,0,1,1
TraesCS5A02G393000,1,0,1,1
TraesCS5A02G522300,1,0,1,1
TraesCS5B02G188800,1,0,1,1
TraesCS5B02G491700,1,0,1,1
TraesCS5B02G561500,1,0,1,1
TraesCS5D02G126600,1,0,1,1
TraesCS5D02G141600,1,0,1,1
TraesCS5D02G214700,1,0,1,1
TraesCS5D02G315700,1,0,1,1
TraesCS6A02G138500,1,0,1,1
TraesCS6A02G145000,1,0,1,1
TraesCS6A02G191300,1,0,1,1
TraesCS6A02G291100,1,0,1,1
TraesCS6B02G041900,1,0,1,1
TraesCS6B02G060700,1,0,1,1
TraesCS6B02G061400,2,1,1,1
TraesCS6B02G065300,1,0,1,1
TraesCS6B02G296600,1,0,1,1
TraesCS6B02G388800,1,0,1,1
TraesCS6D02G017900,1,0,1,1
TraesCS7A02G061200,1,0,1,1
TraesCS7A02G268900,1,0,1,1
TraesCS7A02G361900,1,0,1,1
TraesCS7A02G445400,1,0,1,1
TraesCS7B02G061200,1,0,1,1
TraesCS7B02G406300,1,0,1,1
TraesCS7D02G002900,1,0,1,1
TraesCS7D02G233900,1,0,1,1
TraesCS7D02G473200,1,0,1,1
TraesCS7D02G482800,1,0,1,1
TraesCSU02G060400,1,0,1,1
TraesCSU02G138500,1,0,1,1
TraesCS1A02G015400,1,0,1,1
TraesCS1A02G092700,1,0,1,1
TraesCS1A02G110200,1,0,1,1
TraesCS1A02G162400,1,0,1,1
TraesCS1A02G210300,1,0,1,1
TraesCS1A02G252400,1,0,1,1
TraesCS1B02G171400,1,0,1,1
TraesCS1B02G214400,1,0,1,1
TraesCS1B02G294400,1,0,1,1
TraesCS1B02G337800,1,0,1,1
TraesCS1D02G093300,1,0,1,1
TraesCS1D02G140400,2,1,1,1
TraesCS1D02G273100,1,0,1,1
TraesCS1D02G284200,1,0,1,1
TraesCS1D02G424100,1,0,1,1
TraesCS1D02G437700,1,0,1,1
TraesCS2B02G202600,1,0,1,1
TraesCS2B02G257300,2,1,1,1
TraesCS2B02G262800,1,0,1,1
TraesCS2B02G264200,1,0,1,1
TraesCS2B02G345100,1,0,1,1
TraesCS2D02G043300,1,0,1,1
TraesCS2D02G179300,1,0,1,1
TraesCS2D02G348500,1,0,1,1
TraesCS2D02G417300,1,0,1,1
TraesCS3A02G074600,1,0,1,1
TraesCS3A02G207800,2,1,1,1
TraesCS3B02G347000,1,0,1,1
TraesCS3B02G419700,1,0,1,1
TraesCS3D02G022400,1,0,1,1
TraesCS3D02G095200,1,0,1,1
TraesCS3D02G181600,1,0,1,1
TraesCS3D02G195800,1,0,1,1
TraesCS4A02G051600,1,0,1,1
TraesCS4A02G136200,1,0,1,1
TraesCS4A02G163800,1,0,1,1
TraesCS4A02G175500,1,0,1,1
TraesCS4A02G184900,1,0,1,1
TraesCS4A02G212900,1,0,1,1
TraesCS4A02G358400,1,0,1,1
TraesCS4B02G077200,1,0,1,1
TraesCS4B02G235100,1,0,1,1
TraesCS4B02G269800,1,0,1,1
TraesCS4D02G106100,1,0,1,1
TraesCS4D02G186400,2,1,1,1
TraesCS4D02G229000,1,0,1,1
TraesCS5A02G016000,1,0,1,1
TraesCS5A02G052100,1,0,1,1
TraesCS5A02G539500,1,0,1,1
TraesCS5B02G050700,1,0,1,1
TraesCS5B02G241100,1,0,1,1
TraesCS5B02G431100,1,0,1,1
TraesCS5D02G185900,1,0,1,1
TraesCS5D02G261800,1,0,1,1
TraesCS5D02G398100,1,0,1,1
TraesCS5D02G538800,1,0,1,1
TraesCS6A02G174100,1,0,1,1
TraesCS6A02G188200,1,0,1,1
TraesCS6A02G221400,1,0,1,1
TraesCS6A02G251900,1,0,1,1
TraesCS6A02G270100,1,0,1,1
TraesCS6B02G035900,1,0,1,1
TraesCS7A02G030400,1,0,1,1
TraesCS7A02G100700,1,0,1,1
TraesCS7A02G163100,1,0,1,1
TraesCS7A02G264900,1,0,1,1
TraesCS7A02G334600,1,0,1,1
TraesCS7A02G398200,1,0,1,1
TraesCS7A02G559300,1,0,1,1
TraesCS7B02G074300,1,0,1,1
TraesCS7B02G130300,1,0,1,1
TraesCS7B02G396500,1,0,1,1
TraesCS7D02G132643,1,0,1,1
TraesCS7D02G170400,1,0,1,1
TraesCS7D02G235900,1,0,1,1
TraesCS7D02G383100,1,0,1,1
TraesCS7D02G454700,1,0,1,1
TraesCS7D02G486200,1,0,1,1
TraesCS2A02G283200,3,1,2,2
TraesCS3A02G157500,2,0,2,2
TraesCS4A02G241500,2,0,2,2
TraesCS4B02G094000,2,0,2,2
TraesCS4B02G251500,2,0,2,2
TraesCS5A02G127100,2,0,2,2
TraesCS5B02G073800,2,0,2,2
TraesCS6D02G384000,2,0,2,2
TraesCS7A02G179800,2,0,2,2
TraesCS1D02G230900,2,0,2,2
TraesCS1D02G378400,2,0,2,2
TraesCS1D02G418900,2,0,2,2
TraesCS2A02G542700,3,1,2,2
TraesCS2D02G412200,3,1,2,2
TraesCS3B02G412500,6,4,2,2
TraesCS5B02G220400,2,0,2,2
TraesCS7A02G180900,2,0,2,2
TraesCS2D02G548900,3,1,2,2
TraesCS3B02G190100,2,0,2,2
TraesCS3D02G166700,2,0,2,2
TraesCS3D02G292100,2,0,2,2
TraesCS5D02G045700,3,1,2,2
TraesCS6A02G113000,2,0,2,2
TraesCS7B02G316600,3,1,2,2
TraesCS6B02G308000,2,0,2,2
TraesCS3A02G402300,2,0,2,2
TraesCS3D02G340000,3,1,2,2
TraesCS4D02G354100,13,11,2,2
TraesCS5A02G503500,7,5,2,2
TraesCS5D02G386500,2,0,2,2
TraesCS3B02G470700,2,0,2,2
TraesCS4A02G222700,3,1,2,2
TraesCS5D02G432500,3,1,2,2
TraesCS6D02G216100,2,0,2,2
TraesCS2A02G353900,4,2,2,2
TraesCS2A02G225900,2,0,2,2
TraesCS3A02G306800,7,5,2,2
TraesCS3B02G210300,3,1,2,2
TraesCS7A02G213400,2,0,2,2
TraesCS1A02G221600,4,2,2,2
TraesCS1B02G126600,3,1,2,2
TraesCS3A02G274900,2,0,2,2
TraesCS3B02G308500,2,0,2,2
TraesCS1A02G176300,2,0,2,2
TraesCS2D02G382700,8,6,2,2
TraesCS1A02G414300,6,4,2,2
TraesCS1A02G445600,2,0,2,2
TraesCS1B02G297900,2,0,2,2
TraesCS1D02G287500,2,0,2,2
TraesCS4A02G081000,2,0,2,2
TraesCS4B02G223000,2,0,2,2
TraesCS4D02G223400,2,0,2,2
TraesCS2A02G297400,2,0,2,2
TraesCS2D02G295300,2,0,2,2
TraesCS4A02G036000,2,0,2,2
TraesCS7B02G310300,3,1,2,2
TraesCS7D02G404000,3,1,2,2
TraesCS4A02G482000,2,0,2,2
TraesCS7A02G014200,2,0,2,2
TraesCS7D02G174300,2,0,2,2
TraesCS5B02G047200,2,0,2,2
TraesCS6B02G321100,3,1,2,2
TraesCS7A02G083800,28,26,2,2
TraesCS2A02G401200,2,0,2,2
TraesCS7B02G168300,3,1,2,2
TraesCS2B02G419600,2,0,2,2
TraesCS3A02G405200,3,1,2,2
TraesCS3D02G280600,2,0,2,2
TraesCS4B02G351500,3,1,2,2
TraesCS7B02G299400,3,1,2,2
TraesCS4B02G245700,2,0,2,2
TraesCS4B02G346700,2,0,2,2
TraesCS4D02G341700,2,0,2,2
TraesCS5A02G391800,2,0,2,2
TraesCS6A02G259000,2,0,2,2
TraesCS7D02G120500,2,0,2,2
TraesCS1D02G323800,2,0,2,2
TraesCS7D02G184200,2,0,2,2
TraesCS1A02G366100,3,1,2,2
TraesCS1B02G283000,8,6,2,2
TraesCS2A02G370400,2,0,2,2
TraesCS2B02G381800,2,0,2,2
TraesCS3A02G046800,10,8,2,2
TraesCS3D02G257800,4,2,2,2
TraesCS4D02G224500,3,1,2,2
TraesCS5B02G086900,3,1,2,2
TraesCS5B02G093000,3,1,2,2
TraesCS5D02G093100,3,1,2,2
TraesCS6A02G236900,3,1,2,2
TraesCS6D02G219300,2,0,2,2
TraesCS7D02G135700,14,12,2,2
TraesCS2A02G101100,3,1,2,2
TraesCS2B02G355400,3,1,2,2
TraesCS2B02G355500,3,1,2,2
TraesCS2D02G100700,2,0,2,2
TraesCS2D02G378800,3,1,2,2
TraesCS7B02G160900,2,0,2,2
TraesCS7B02G270300,2,0,2,2
TraesCS3D02G505000,3,1,2,2
TraesCS7A02G394800,4,2,2,2
TraesCS7B02G180100,2,0,2,2
TraesCS5D02G355900,2,0,2,2
TraesCS3A02G432500,2,0,2,2
TraesCS4A02G095200,3,1,2,2
TraesCS7B02G314400,2,0,2,2
TraesCS7A02G422900,2,0,2,2
TraesCS2B02G289000,3,1,2,2
TraesCS1D02G418500,2,0,2,2
TraesCS2A02G270200,3,1,2,2
TraesCS2B02G454300,3,1,2,2
TraesCS5B02G154900,2,0,2,2
TraesCS5B02G183800,2,0,2,2
TraesCS5D02G390800,2,0,2,2
TraesCS7A02G343000,2,0,2,2
TraesCS7B02G240000,2,0,2,2
TraesCS7D02G336400,2,0,2,2
TraesCS2A02G556200,2,0,2,2
TraesCS2D02G557400,2,0,2,2
TraesCS2D02G583000,3,1,2,2
TraesCS5D02G171900,2,0,2,2
TraesCS5D02G502200,2,0,2,2
TraesCS7B02G005000,2,0,2,2
TraesCS7D02G363800,2,0,2,2
TraesCS3A02G072500,2,0,2,2
TraesCS4B02G068200,3,1,2,2
TraesCS1D02G209900,2,0,2,2
TraesCS1D02G309000,2,0,2,2
TraesCS1D02G450300,2,0,2,2
TraesCS2D02G580700,2,0,2,2
TraesCS3A02G025200,2,0,2,2
TraesCS5B02G059000,2,0,2,2
TraesCS2B02G207700,2,0,2,2
TraesCS2B02G549300,2,0,2,2
TraesCS2D02G417900,2,0,2,2
TraesCS2D02G584700,3,1,2,2
TraesCS4A02G079900,2,0,2,2
TraesCS5D02G226100,2,0,2,2
TraesCS7A02G295700,3,1,2,2
TraesCS7B02G169100,3,1,2,2
TraesCS2A02G503000,2,0,2,2
TraesCS3A02G131000,2,0,2,2
TraesCS3B02G426000,2,0,2,2
TraesCS3B02G447200,2,0,2,2
TraesCS3D02G157800,2,0,2,2
TraesCS4B02G363500,2,0,2,2
TraesCS4D02G309500,2,0,2,2
TraesCS5B02G193600,2,0,2,2
TraesCS5B02G405600,2,0,2,2
TraesCS2A02G097300,2,0,2,2
TraesCS2B02G584200,2,0,2,2
TraesCS3A02G131800,2,0,2,2
TraesCS5B02G225100,2,0,2,2
TraesCS6A02G026900,2,0,2,2
TraesCS6B02G007400,7,5,2,2
TraesCS2A02G099800,2,0,2,2
TraesCS2A02G120400,2,0,2,2
TraesCS2A02G472700,2,0,2,2
TraesCS2B02G053700,3,1,2,2
TraesCS2D02G028900,6,4,2,2
TraesCS3B02G076900,3,1,2,2
TraesCS3B02G337100,2,0,2,2
TraesCS4A02G256800,2,0,2,2
TraesCS4B02G340000,2,0,2,2
TraesCS4D02G147600,3,1,2,2
TraesCS5A02G468700,2,0,2,2
TraesCS5B02G406400,2,0,2,2
TraesCS7A02G258100,2,0,2,2
TraesCS7B02G240200,2,0,2,2
TraesCS7D02G215000,3,1,2,2
TraesCS1A02G139600,2,0,2,2
TraesCS1B02G282800,2,0,2,2
TraesCS1D02G238300,2,0,2,2
TraesCS1D02G239200,2,0,2,2
TraesCS2A02G275400,2,0,2,2
TraesCS2B02G263000,2,0,2,2
TraesCS2D02G531400,2,0,2,2
TraesCS3B02G275000,2,0,2,2
TraesCS4A02G289300,2,0,2,2
TraesCS4A02G344300,2,0,2,2
TraesCS4B02G051900,2,0,2,2
TraesCS4B02G057100,2,0,2,2
TraesCS5B02G359400,2,0,2,2
TraesCS5D02G421600,2,0,2,2
TraesCS6A02G068500,2,0,2,2
TraesCS6A02G389400,2,0,2,2
TraesCS6D02G211500,2,0,2,2
TraesCS6D02G278000,3,1,2,2
TraesCS1A02G284400,2,0,2,2
TraesCS2B02G577800,2,0,2,2
TraesCS2D02G346100,2,0,2,2
TraesCS2D02G415600,2,0,2,2
TraesCS3A02G476600,2,0,2,2
TraesCS4D02G060000,2,0,2,2
TraesCS5A02G149000,2,0,2,2
TraesCS5A02G316200,2,0,2,2
TraesCS5A02G356900,2,0,2,2
TraesCS5B02G544000,2,0,2,2
TraesCS5D02G274800,2,0,2,2
TraesCS6A02G132600,2,0,2,2
TraesCS7D02G004500,2,0,2,2
TraesCSU02G112700,2,0,2,2
TraesCS1A02G264500,3,1,2,2
TraesCS1A02G376400,2,0,2,2
TraesCS1D02G099000,3,1,2,2
TraesCS1D02G131100,2,0,2,2
TraesCS2D02G024600,2,0,2,2
TraesCS2D02G069600,3,1,2,2
TraesCS2D02G389200,2,0,2,2
TraesCS2D02G423400,4,2,2,2
TraesCS3A02G245000,3,1,2,2
TraesCS3B02G210400,2,0,2,2
TraesCS3D02G423300,2,0,2,2
TraesCS4B02G276800,2,0,2,2
TraesCS4D02G310700,2,0,2,2
TraesCS5B02G159100,2,0,2,2
TraesCS5D02G355000,3,1,2,2
TraesCS5D02G428900,2,0,2,2
TraesCS6A02G330100,2,0,2,2
TraesCS6B02G282300,3,1,2,2
TraesCS6B02G439400,2,0,2,2
TraesCS7D02G175900,2,0,2,2
TraesCS7D02G270100,3,1,2,2
TraesCS2B02G194900,2,0,2,2
TraesCS4A02G268300,2,0,2,2
TraesCS4A02G363100,3,1,2,2
TraesCSU02G089563,2,0,2,2
TraesCS1D02G160400,2,0,2,2
TraesCS2A02G098400,2,0,2,2
TraesCS2A02G348800,2,0,2,2
TraesCS3A02G068200,2,0,2,2
TraesCS4A02G168000,2,0,2,2
TraesCS4D02G096600,2,0,2,2
TraesCS5A02G373800,2,0,2,2
TraesCS5A02G384500,2,0,2,2
TraesCS5D02G021100,5,3,2,2
TraesCS6A02G298900,2,0,2,2
TraesCS6A02G416500,2,0,2,2
TraesCS6D02G245600,2,0,2,2
TraesCS7D02G410900,2,0,2,2
TraesCS1B02G200400,2,0,2,2
TraesCS1D02G226500,2,0,2,2
TraesCS3A02G303900,2,0,2,2
TraesCS3D02G084400,3,1,2,2
TraesCS4B02G263000,2,0,2,2
TraesCS5A02G298500,2,0,2,2
TraesCS5D02G400700,3,1,2,2
TraesCS6A02G370600,2,0,2,2
TraesCS6B02G190100,2,0,2,2
TraesCS4B02G073600,7,4,3,3
TraesCS1A02G223400,4,1,3,3
TraesCS1A02G372300,4,1,3,3
TraesCS2A02G503100,3,0,3,3
TraesCS2B02G531100,4,1,3,3
TraesCS3A02G259900,3,0,3,3
TraesCS5A02G221600,4,1,3,3
TraesCS6B02G237700,5,2,3,3
TraesCS6D02G225700,4,1,3,3
TraesCS2A02G547800,4,1,3,3
TraesCS2D02G491200,4,1,3,3
TraesCS5A02G038300,4,1,3,3
TraesCS3B02G378100,4,1,3,3
TraesCS4D02G329100,15,12,3,3
TraesCS7B02G026300,4,1,3,3
TraesCS1B02G346300,3,0,3,3
TraesCS4B02G093700,4,1,3,3
TraesCS3A02G377000,5,2,3,3
TraesCS3B02G409600,6,3,3,3
TraesCS2A02G561200,3,0,3,3
TraesCS4D02G245300,4,1,3,3
TraesCS2A02G172500,10,7,3,3
TraesCS5B02G375500,35,32,3,3
TraesCS7B02G377500,4,1,3,3
TraesCS7D02G404100,5,2,3,3
TraesCS2B02G458400,4,1,3,3
TraesCS5A02G043400,4,1,3,3
TraesCS1A02G087700,3,0,3,3
TraesCS4A02G382400,4,1,3,3
TraesCS6D02G272000,4,1,3,3
TraesCS7A02G355300,3,0,3,3
TraesCS7B02G362000,3,0,3,3
TraesCS1B02G122500,3,0,3,3
TraesCS1D02G106600,3,0,3,3
TraesCS3B02G515900,3,0,3,3
TraesCS5D02G099100,4,1,3,3
TraesCS6B02G324600,4,1,3,3
TraesCS7D02G300000,4,1,3,3
TraesCS2A02G326500,4,1,3,3
TraesCS2B02G355300,3,0,3,3
TraesCS2D02G334300,3,0,3,3
TraesCS3B02G439600,5,2,3,3
TraesCS5A02G049100,3,0,3,3
TraesCS5D02G148900,8,5,3,3
TraesCS6B02G416300,6,3,3,3
TraesCS3A02G491500,4,1,3,3
TraesCS7D02G400000,4,1,3,3
TraesCS4B02G065300,4,1,3,3
TraesCS1B02G363200,6,3,3,3
TraesCS4B02G121500,3,0,3,3
TraesCS6B02G175100,6,3,3,3
TraesCS3B02G148500,3,0,3,3
TraesCS5A02G167500,3,0,3,3
TraesCS2D02G592100,3,0,3,3
TraesCS4B02G311700,3,0,3,3
TraesCS5B02G164500,3,0,3,3
TraesCS2B02G193000,4,1,3,3
TraesCS7B02G054800,4,1,3,3
TraesCS3B02G313400,5,2,3,3
TraesCS7B02G459000,24,21,3,3
TraesCS3B02G541100,3,0,3,3
TraesCS7A02G178500,3,0,3,3
TraesCS2A02G187100,4,1,3,3
TraesCS2A02G243400,3,0,3,3
TraesCS3A02G423400,4,1,3,3
TraesCS5A02G161600,4,1,3,3
TraesCS6A02G395100,3,0,3,3
TraesCS7D02G060400,4,1,3,3
TraesCS2B02G586500,3,0,3,3
TraesCS3D02G203900,3,0,3,3
TraesCS4B02G045900,3,0,3,3
TraesCS7A02G287900,3,0,3,3
TraesCS1D02G279300,3,0,3,3
TraesCS4D02G046100,3,0,3,3
TraesCS7A02G005100,3,0,3,3
TraesCS7B02G329800,4,1,3,3
TraesCS1A02G259400,4,1,3,3
TraesCS2A02G105900,6,3,3,3
TraesCS5A02G073600,4,1,3,3
TraesCS7B02G419000,3,0,3,3
TraesCS3A02G405100,6,2,4,4
TraesCS1A02G411100,4,0,4,4
TraesCS2B02G268100,8,4,4,4
TraesCS2B02G434300,7,3,4,4
TraesCS2D02G543900,5,1,4,4
TraesCS3A02G291400,4,0,4,4
TraesCS6A02G330500,10,6,4,4
TraesCS7B02G401400,5,1,4,4
TraesCS5B02G039800,5,1,4,4
TraesCS4D02G014600,5,1,4,4
TraesCS6A02G338000,5,1,4,4
TraesCS7D02G359900,5,1,4,4
TraesCS7A02G214600,10,6,4,4
TraesCS2B02G198700,9,5,4,4
TraesCS5D02G037800,13,9,4,4
TraesCS3D02G102500,23,19,4,4
TraesCS5B02G406300,13,9,4,4
TraesCS4B02G287600,23,19,4,4
TraesCS2B02G419200,5,1,4,4
TraesCS7A02G167900,5,1,4,4
TraesCS7D02G168700,8,4,4,4
TraesCS5B02G396700,5,1,4,4
TraesCS6A02G304800,5,1,4,4
TraesCS3D02G361600,4,0,4,4
TraesCS7D02G409100,5,1,4,4
TraesCS2A02G325900,4,0,4,4
TraesCS4D02G127300,5,1,4,4
TraesCS3B02G560600,7,3,4,4
TraesCS5D02G325400,5,1,4,4
TraesCS2D02G122900,4,0,4,4
TraesCS1A02G348600,5,1,4,4
TraesCS3B02G103600,5,1,4,4
TraesCS5B02G051900,4,0,4,4
TraesCS2D02G019000,4,0,4,4
TraesCS3D02G023800,5,1,4,4
TraesCS7B02G345200,4,0,4,4
TraesCS7D02G136200,4,0,4,4
TraesCS3A02G335800,5,1,4,4
TraesCS1D02G024500,5,1,4,4
TraesCS6B02G399800,5,1,4,4
TraesCS3B02G332300,4,0,4,4
TraesCS6A02G329900,8,4,4,4
TraesCS3A02G536900,4,0,4,4
TraesCS4B02G354400,6,1,5,5
TraesCS6A02G235100,5,0,5,5
TraesCS2B02G578500,6,1,5,5
TraesCS5A02G529300,9,4,5,5
TraesCS6B02G334900,6,1,5,5
TraesCS6D02G285600,6,1,5,5
TraesCS6D02G315300,6,1,5,5
TraesCS5B02G225700,6,1,5,5
TraesCS4A02G405800,6,1,5,5
TraesCS4D02G286400,6,1,5,5
TraesCS2D02G211400,6,1,5,5
TraesCS6B02G333300,5,0,5,5
TraesCS1A02G096800,5,0,5,5
TraesCS3B02G400200,5,0,5,5
TraesCS3B02G400500,6,1,5,5
TraesCS7D02G130100,18,13,5,5
TraesCS2D02G336300,5,0,5,5
TraesCS5A02G286700,8,3,5,5
TraesCS7B02G169200,6,1,5,5
TraesCS2B02G141800,5,0,5,5
TraesCS2B02G517400,5,0,5,5
TraesCS2D02G489700,5,0,5,5
TraesCS3D02G306300,6,1,5,5
TraesCS6D02G222900,6,1,5,5
TraesCS7D02G544600,6,1,5,5
TraesCS1A02G409900,8,3,5,5
TraesCS5B02G274800,6,1,5,5
TraesCS7B02G143500,5,0,5,5
TraesCS5D02G376600,5,0,5,5
TraesCS7B02G340600,6,1,5,5
TraesCS3B02G588500,5,0,5,5
TraesCS3B02G589700,6,1,5,5
TraesCS6A02G269300,5,0,5,5
TraesCS4D02G114600,5,0,5,5
TraesCS5A02G298100,7,1,6,6
TraesCS3A02G417300,19,13,6,6
TraesCS1B02G441300,6,0,6,6
TraesCS5D02G383000,42,36,6,6
TraesCS7A02G411100,7,1,6,6
TraesCS4D02G020300,8,2,6,6
TraesCS6D02G245300,7,1,6,6
TraesCS5D02G059700,16,10,6,6
TraesCS5D02G294400,7,1,6,6
TraesCS3A02G512000,7,1,6,6
TraesCS2A02G565800,6,0,6,6
TraesCS3A02G249100,8,1,7,7
TraesCS5D02G320800,13,6,7,7
TraesCS6A02G208700,8,1,7,7
TraesCS5A02G423900,10,3,7,7
TraesCS7D02G209000,8,1,7,7
TraesCS4B02G290400,13,6,7,7
TraesCS5B02G151800,13,6,7,7
TraesCS7B02G077800,7,0,7,7
TraesCS5D02G205000,8,1,7,7
TraesCS2B02G583800,8,1,7,7
TraesCS7B02G315800,10,3,7,7
TraesCS4D02G325800,8,1,7,7
TraesCS5B02G054200,9,2,7,7
TraesCS7A02G357500,7,0,7,7
TraesCS1D02G351600,14,7,7,7
TraesCS3D02G412800,17,9,8,8
TraesCS2B02G127800,8,0,8,8
TraesCS2D02G193400,13,5,8,8
TraesCS4D02G354200,15,7,8,8
TraesCS7A02G363100,9,1,8,8
TraesCS6B02G366100,12,4,8,8
TraesCS7B02G272500,9,1,8,8
TraesCS4B02G299000,21,13,8,8
TraesCS2D02G100600,18,10,8,8
TraesCS5A02G500400,9,1,8,8
TraesCS2D02G232800,19,11,8,8
TraesCS4B02G372300,51,43,8,8
TraesCS2A02G194500,12,3,9,9
TraesCS4B02G361200,10,1,9,9
TraesCS6A02G306500,10,1,9,9
TraesCS7A02G214800,11,2,9,9
TraesCS4D02G131500,10,1,9,9
TraesCS5D02G158300,15,6,9,9
TraesCS6B02G265200,10,1,9,9
TraesCS4B02G298700,10,1,9,9
TraesCS7B02G455700,10,1,9,9
TraesCS1B02G301200,14,5,9,9
TraesCS2B02G529200,14,4,10,10
TraesCS6A02G097500,17,7,10,10
TraesCS5A02G153000,29,19,10,10
TraesCS4A02G016600,19,9,10,10
TraesCS2A02G563400,10,0,10,10
TraesCS4B02G292900,18,7,11,11
TraesCS5B02G315500,12,1,11,11
TraesCS5B02G154100,42,31,11,11
TraesCS3A02G128400,18,7,11,11
TraesCS2A02G575900,11,0,11,11
TraesCS4B02G032700,11,0,11,11
TraesCS2B02G518400,31,20,11,11
TraesCS3D02G400500,36,24,12,12
TraesCS2B02G212400,18,6,12,12
TraesCS2B02G387300,21,9,12,12
TraesCS5D02G165000,14,2,12,12
TraesCS2B02G434100,18,5,13,13
TraesCS6B02G368700,14,1,13,13
TraesCS2D02G179600,19,6,13,13
TraesCS4D02G289600,22,9,13,13
TraesCS3A02G368700,14,1,13,13
TraesCS6B02G416400,14,1,13,13
TraesCS3B02G561000,24,11,13,13
TraesCS4B02G361100,21,7,14,14
TraesCS4A02G387600,15,1,14,14
TraesCS2D02G597200,15,1,14,14
TraesCS2A02G211800,15,1,14,14
TraesCS6B02G361400,16,1,15,15
TraesCS7D02G250700,17,2,15,15
TraesCS6A02G335400,20,5,15,15
TraesCS6D02G238900,23,8,15,15
TraesCS7D02G163100,43,28,15,15
TraesCS2B02G252000,24,8,16,16
TraesCS3A02G497600,26,10,16,16
TraesCS2A02G266900,24,8,16,16
TraesCS1B02G106800,18,1,17,17
TraesCS3B02G560400,19,2,17,17
TraesCS5D02G161000,26,7,19,19
TraesCS2B02G387800,20,1,19,19
TraesCS7A02G569300,32,13,19,19
TraesCS2D02G453400,39,20,19,19
TraesCS7B02G376500,35,13,22,22
TraesCS2B02G387700,24,1,23,23
TraesCS7A02G194700,94,71,23,23
TraesCS5A02G314600,31,7,24,24
TraesCS7A02G499600,24,0,24,24
TraesCS5A02G513600,25,0,25,25
TraesCS5A02G542000,92,65,27,27
TraesCS5A02G262400,30,3,27,27
TraesCS7A02G214700,38,10,28,28
TraesCS2D02G234000,38,10,28,28
TraesCS7D02G344400,90,61,29,29
TraesCS1B02G285000,88,58,30,30
TraesCS4D02G361400,30,0,30,30
TraesCS7D02G543400,56,25,31,31
TraesCS2D02G598400,43,9,34,34
TraesCS3D02G505200,61,26,35,35
TraesCS1A02G275800,90,54,36,36
TraesCS1D02G275400,86,46,40,40
TraesCS3D02G078500,49,4,45,45
TraesCS1D02G300200,46,0,46,46
TraesCS3B02G092800,54,7,47,47
TraesCS7A02G336700,81,28,53,53
TraesCS5B02G043100,55,0,55,55
TraesCS2B02G402500,111,53,58,58
TraesCS3A02G077900,81,8,73,73
TraesCS7B02G056300,110,25,85,85
TraesCS7D02G196300,122,37,85,85
TraesCS7A02G569100,155,69,86,86
TraesCS7B02G489500,124,36,88,88
TraesCS7D02G543500,144,56,88,88
TraesCS7A02G152500,119,29,90,90
TraesCS7B02G100300,176,46,130,130
TraesCS2B02G549000,130,0,130,130
TraesCS7D02G154200,188,46,142,142
TraesCS7B02G248300,649,49,600,600
TraesCS5A02G245900,3285,41,3244,3244
