Gene_name,TAM111,TAM112,diff,abs_diff
TraesCS5A02G482100,763,2902,-2139,2139
TraesCS5B02G398000,4,174,-170,170
TraesCS1B02G039900,9,178,-169,169
TraesCS4A02G231300,104,253,-149,149
TraesCS7D02G523800,56,195,-139,139
TraesCS5D02G463300,78,184,-106,106
TraesCS6D02G359300,5,111,-106,106
TraesCS2D02G098900,40,131,-91,91
TraesCS3A02G446600,5,91,-86,86
TraesCS2B02G516700,8,91,-83,83
TraesCS2A02G468200,32,110,-78,78
TraesCS2B02G238800,32,103,-71,71
TraesCS3B02G465400,36,106,-70,70
TraesCS2A02G389400,3,68,-65,65
TraesCS3D02G396800,19,80,-61,61
TraesCS7A02G443000,13,71,-58,58
TraesCS2B02G572400,15,73,-58,58
TraesCS5B02G445500,24,82,-58,58
TraesCS5A02G155900,31,83,-52,52
TraesCS2D02G163300,10,61,-51,51
TraesCS4A02G131000,10,60,-50,50
TraesCS3A02G325800,3,52,-49,49
TraesCS1B02G285900,6,54,-48,48
TraesCS1B02G448900,37,85,-48,48
TraesCS7D02G523900,6,51,-45,45
TraesCS5B02G499800,5,49,-44,44
TraesCS4A02G101700,16,57,-41,41
TraesCS2A02G139100,23,62,-39,39
TraesCS3B02G356700,2,40,-38,38
TraesCS1D02G107600,62,99,-37,37
TraesCS3B02G354900,1,36,-35,35
TraesCS2B02G119100,4,39,-35,35
TraesCS7A02G189200,20,55,-35,35
TraesCS2B02G594700,20,55,-35,35
TraesCS7D02G009100,6,41,-35,35
TraesCS4A02G006100,13,46,-33,33
TraesCS3A02G153000,17,50,-33,33
TraesCS4B02G341600,41,73,-32,32
TraesCS7B02G088400,9,40,-31,31
TraesCS3B02G556600,6,35,-29,29
TraesCS7A02G364900,3,32,-29,29
TraesCS3A02G368800,14,42,-28,28
TraesCS4D02G051600,25,52,-27,27
TraesCS5B02G448000,2,29,-27,27
TraesCS7A02G391100,3,30,-27,27
TraesCS6D02G333600,2,28,-26,26
TraesCS3D02G061900,0,26,-26,26
TraesCS4D02G297900,11,36,-25,25
TraesCS5B02G355800,7,32,-25,25
TraesCS3A02G005800,2,26,-24,24
TraesCS3B02G438800,2,25,-23,23
TraesCS1A02G413800,1,24,-23,23
TraesCS2A02G412300,15,38,-23,23
TraesCS3B02G484100,12,34,-22,22
TraesCS7B02G050500,23,45,-22,22
TraesCS7B02G072800,2,23,-21,21
TraesCS2D02G598300,13,34,-21,21
TraesCS3D02G423600,27,48,-21,21
TraesCS4A02G116400,2,23,-21,21
TraesCS3B02G037000,6,26,-20,20
TraesCS3D02G145900,6,26,-20,20
TraesCS4D02G189200,0,20,-20,20
TraesCS2D02G414300,2,21,-19,19
TraesCS2B02G119000,4,23,-19,19
TraesCS3B02G435100,36,55,-19,19
TraesCS5B02G244800,5,24,-19,19
TraesCS7D02G185200,5,23,-18,18
TraesCS1A02G197100,1,19,-18,18
TraesCS7B02G121800,7,24,-17,17
TraesCS3B02G378600,4,21,-17,17
TraesCS4D02G358700,1,18,-17,17
TraesCS3A02G297200,2,19,-17,17
TraesCS5A02G387400,2,18,-16,16
TraesCS3D02G319200,3,19,-16,16
TraesCS4D02G082600,55,71,-16,16
TraesCS5A02G330200,36,52,-16,16
TraesCS2D02G489200,2,18,-16,16
TraesCS3A02G428700,3,19,-16,16
TraesCS2A02G461300,9,24,-15,15
TraesCS1A02G263600,4,19,-15,15
TraesCS1A02G266600,5,20,-15,15
TraesCS2B02G102800,3,18,-15,15
TraesCS2D02G286300,1,15,-14,14
TraesCS4B02G051500,56,70,-14,14
TraesCS2B02G232400,8,22,-14,14
TraesCS2A02G088300,4,18,-14,14
TraesCS2D02G317800,5,19,-14,14
TraesCS7B02G167800,6,20,-14,14
TraesCS2A02G028700,4,18,-14,14
TraesCS4A02G055700,10,23,-13,13
TraesCS3A02G142900,3,16,-13,13
TraesCS4B02G173600,7,20,-13,13
TraesCS3D02G281900,5,18,-13,13
TraesCS7B02G128700,1,14,-13,13
TraesCS4D02G357100,65,78,-13,13
TraesCS2B02G211400,1,14,-13,13
TraesCS3B02G496500,7,20,-13,13
TraesCS4B02G222500,9,22,-13,13
TraesCS7D02G483200,3,15,-12,12
TraesCS1B02G443800,1,13,-12,12
TraesCS6D02G096300,9,21,-12,12
TraesCS6A02G112000,1,13,-12,12
TraesCS1A02G348800,6,18,-12,12
TraesCS5D02G194000,1,13,-12,12
TraesCS7B02G338200,2,14,-12,12
TraesCS1D02G390400,4,16,-12,12
TraesCS6B02G435500,1,13,-12,12
TraesCS4D02G223000,7,19,-12,12
TraesCS3A02G025300,3,15,-12,12
TraesCS5A02G018200,1,13,-12,12
TraesCS4A02G263300,60,71,-11,11
TraesCS7B02G121900,5,16,-11,11
TraesCS7A02G168000,4,15,-11,11
TraesCS6B02G096500,3,14,-11,11
TraesCS7A02G168100,3,14,-11,11
TraesCS1B02G100600,3,14,-11,11
TraesCS2D02G214100,10,21,-11,11
TraesCS4A02G007900,13,24,-11,11
TraesCS3D02G104000,1,12,-11,11
TraesCS7A02G439300,2,13,-11,11
TraesCS3B02G008200,3,14,-11,11
TraesCS7B02G265100,1,12,-11,11
TraesCS5D02G254100,3,14,-11,11
TraesCS6A02G297500,2,13,-11,11
TraesCS7B02G128000,4,15,-11,11
TraesCS4D02G249200,8,18,-10,10
TraesCS7D02G216600,7,17,-10,10
TraesCS1D02G084400,6,16,-10,10
TraesCS1D02G225200,6,16,-10,10
TraesCS2D02G444300,0,10,-10,10
TraesCS7B02G031000,9,19,-10,10
TraesCS4D02G295900,9,19,-10,10
TraesCS5D02G219300,0,10,-10,10
TraesCS4A02G080400,4,14,-10,10
TraesCS4B02G256800,1,11,-10,10
TraesCS4A02G009400,1,11,-10,10
TraesCS7D02G191600,1,11,-10,10
TraesCS3A02G103500,2,12,-10,10
TraesCS3B02G481800,3,13,-10,10
TraesCS4B02G342000,7,17,-10,10
TraesCS6A02G350300,4,14,-10,10
TraesCS5B02G431200,2,12,-10,10
TraesCS2A02G505600,7,16,-9,9
TraesCS4D02G362800,7,16,-9,9
TraesCS7D02G169000,1,10,-9,9
TraesCS7A02G304500,3,12,-9,9
TraesCS7B02G204800,4,13,-9,9
TraesCS2D02G101400,9,18,-9,9
TraesCS5B02G142100,0,9,-9,9
TraesCS2A02G448300,2,11,-9,9
TraesCS3D02G018000,0,9,-9,9
TraesCS3A02G276500,4,13,-9,9
TraesCS7A02G442500,10,19,-9,9
TraesCS7A02G183600,5,14,-9,9
TraesCS2B02G118900,10,19,-9,9
TraesCS3B02G354100,10,19,-9,9
TraesCS3D02G385600,3,12,-9,9
TraesCS6B02G377100,1,10,-9,9
TraesCS1B02G076300,8,16,-8,8
TraesCS3B02G158800,15,23,-8,8
TraesCS6B02G366700,1,9,-8,8
TraesCS2D02G576400,0,8,-8,8
TraesCS4B02G297000,3,11,-8,8
TraesCS4A02G333600,0,8,-8,8
TraesCS6B02G384500,3,11,-8,8
TraesCS2D02G557300,12,20,-8,8
TraesCS7B02G297700,3,11,-8,8
TraesCS2D02G481800,3,11,-8,8
TraesCS4D02G032500,21,29,-8,8
TraesCS5A02G143500,5,13,-8,8
TraesCS5A02G403800,14,22,-8,8
TraesCS3D02G301400,3,11,-8,8
TraesCS6B02G316700,64,71,-7,7
TraesCS6D02G268000,31,38,-7,7
TraesCS7A02G130700,8,15,-7,7
TraesCS6A02G108300,15,22,-7,7
TraesCS7B02G094000,44,51,-7,7
TraesCS7B02G440100,3,10,-7,7
TraesCS6B02G205300,4,11,-7,7
TraesCS4D02G053100,3,10,-7,7
TraesCS7B02G175200,11,18,-7,7
TraesCS1A02G312300,0,7,-7,7
TraesCS1B02G211700,3,10,-7,7
TraesCS5D02G084300,6,13,-7,7
TraesCS5D02G440700,2,9,-7,7
TraesCS4A02G404700,1,7,-6,6
TraesCS7A02G214500,9,15,-6,6
TraesCS3D02G361700,0,6,-6,6
TraesCS2B02G228900,12,18,-6,6
TraesCS2D02G305300,1,7,-6,6
TraesCS1A02G426700,1,7,-6,6
TraesCSU02G029700,9,15,-6,6
TraesCS7A02G470300,1,7,-6,6
TraesCS1D02G369500,12,18,-6,6
TraesCS1A02G166100,0,6,-6,6
TraesCS2D02G037400,2,8,-6,6
TraesCS3A02G516900,3,9,-6,6
TraesCS5D02G066100,4,10,-6,6
TraesCS6D02G277500,5,11,-6,6
TraesCSU02G032600,22,28,-6,6
TraesCS3D02G361800,5,11,-6,6
TraesCS3A02G417300,7,12,-5,5
TraesCS3A02G442200,1,6,-5,5
TraesCS5A02G538600,5,10,-5,5
TraesCS7D02G216800,2,7,-5,5
TraesCS4D02G338800,2,7,-5,5
TraesCS2A02G146400,3,8,-5,5
TraesCS1A02G223600,5,10,-5,5
TraesCS4B02G299000,15,20,-5,5
TraesCS5D02G148800,1,6,-5,5
TraesCS3A02G317100,0,5,-5,5
TraesCS2D02G182000,5,10,-5,5
TraesCS5D02G472300,0,5,-5,5
TraesCS3D02G264100,10,15,-5,5
TraesCS3A02G300700,2,7,-5,5
TraesCS1D02G114500,0,5,-5,5
TraesCS2B02G211200,8,13,-5,5
TraesCS3D02G439200,1,6,-5,5
TraesCS4B02G356100,6,11,-5,5
TraesCS5B02G142500,8,13,-5,5
TraesCS7A02G149000,4,9,-5,5
TraesCS7A02G405600,3,8,-5,5
TraesCS1B02G283100,10,15,-5,5
TraesCS2A02G438200,1,6,-5,5
TraesCS7D02G480500,0,5,-5,5
TraesCS1A02G372200,2,6,-4,4
TraesCS3D02G141200,0,4,-4,4
TraesCS4D02G298400,3,7,-4,4
TraesCS2A02G376000,32,36,-4,4
TraesCS6B02G316600,19,23,-4,4
TraesCS6D02G315700,12,16,-4,4
TraesCS7D02G079000,5,9,-4,4
TraesCS7D02G168700,1,5,-4,4
TraesCS1B02G236900,3,7,-4,4
TraesCS3B02G125500,3,7,-4,4
TraesCS7D02G130100,12,16,-4,4
TraesCS2B02G085400,0,4,-4,4
TraesCS7B02G212500,0,4,-4,4
TraesCS3A02G243200,2,6,-4,4
TraesCS4A02G021300,1,5,-4,4
TraesCS3D02G395000,3,7,-4,4
TraesCS2A02G017600,0,4,-4,4
TraesCS4D02G083100,1,5,-4,4
TraesCS5A02G368700,1,5,-4,4
TraesCS5B02G252100,0,4,-4,4
TraesCS1A02G426400,0,4,-4,4
TraesCS1B02G248300,3,7,-4,4
TraesCS2A02G514100,2,6,-4,4
TraesCS3B02G438400,2,6,-4,4
TraesCS4A02G059000,7,11,-4,4
TraesCS4B02G052900,2,6,-4,4
TraesCS4B02G115400,0,4,-4,4
TraesCS4D02G076400,5,9,-4,4
TraesCS5D02G030100,0,4,-4,4
TraesCS2D02G396700,0,4,-4,4
TraesCS3B02G593300,1,5,-4,4
TraesCS4B02G062900,9,13,-4,4
TraesCS5A02G217300,2,6,-4,4
TraesCS5A02G452700,0,4,-4,4
TraesCS5A02G515000,1,5,-4,4
TraesCS5B02G208100,0,4,-4,4
TraesCS6A02G164100,4,8,-4,4
TraesCS7A02G090200,10,14,-4,4
TraesCS7A02G537500,2,6,-4,4
TraesCS7B02G437400,1,5,-4,4
TraesCS1D02G303700,0,4,-4,4
TraesCS2D02G284100,2,6,-4,4
TraesCS5A02G247600,13,17,-4,4
TraesCS2B02G369000,1,5,-4,4
TraesCS2A02G554300,2,5,-3,3
TraesCS5D02G397300,0,3,-3,3
TraesCS3B02G176200,0,3,-3,3
TraesCS3D02G372900,2,5,-3,3
TraesCS6B02G126600,0,3,-3,3
TraesCS6D02G084900,2,5,-3,3
TraesCS7D02G170600,1,4,-3,3
TraesCS2B02G483300,3,6,-3,3
TraesCS3D02G144700,0,3,-3,3
TraesCS4B02G347100,2,5,-3,3
TraesCS1A02G288500,3,6,-3,3
TraesCS5A02G511900,1,4,-3,3
TraesCS6B02G096600,13,16,-3,3
TraesCS6B02G301000,5,8,-3,3
TraesCS4A02G382200,17,20,-3,3
TraesCS6B02G045500,0,3,-3,3
TraesCS2A02G230400,4,7,-3,3
TraesCS2B02G466500,0,3,-3,3
TraesCSU02G069000,2,5,-3,3
TraesCS2A02G201800,17,20,-3,3
TraesCS4D02G175700,2,5,-3,3
TraesCS5A02G143200,7,10,-3,3
TraesCS2A02G323200,2,5,-3,3
TraesCS3D02G314100,0,3,-3,3
TraesCS1D02G429900,1,4,-3,3
TraesCS2B02G351600,1,4,-3,3
TraesCS2D02G226000,3,6,-3,3
TraesCS5D02G032900,0,3,-3,3
TraesCS3D02G007500,1,4,-3,3
TraesCS4A02G475000,0,3,-3,3
TraesCS7A02G069000,1,4,-3,3
TraesCS1B02G227700,0,3,-3,3
TraesCS2A02G368200,0,3,-3,3
TraesCS3D02G219100,2,5,-3,3
TraesCS4A02G480800,0,3,-3,3
TraesCSU02G079200,0,3,-3,3
TraesCS2B02G335200,0,3,-3,3
TraesCS4A02G457600,0,3,-3,3
TraesCS7B02G350000,25,28,-3,3
TraesCSU02G016000,1,4,-3,3
TraesCS1A02G158600,0,3,-3,3
TraesCS1D02G246700,0,3,-3,3
TraesCS7B02G143200,0,3,-3,3
TraesCS1A02G173300,0,3,-3,3
TraesCS2B02G446100,0,3,-3,3
TraesCS2D02G525900,1,4,-3,3
TraesCS3B02G300300,2,5,-3,3
TraesCS3B02G386600,2,5,-3,3
TraesCS3B02G568400,1,4,-3,3
TraesCS3D02G251900,1,4,-3,3
TraesCS4B02G172200,0,3,-3,3
TraesCS5A02G025400,1,4,-3,3
TraesCS1A02G145800,0,3,-3,3
TraesCS2A02G112400,0,3,-3,3
TraesCS2A02G157400,0,3,-3,3
TraesCS2A02G291000,2,5,-3,3
TraesCS2A02G390800,1,4,-3,3
TraesCS2A02G481400,3,6,-3,3
TraesCS2A02G542600,1,4,-3,3
TraesCS2B02G102900,0,3,-3,3
TraesCS2B02G103600,0,3,-3,3
TraesCS2B02G182900,0,3,-3,3
TraesCS2B02G348800,6,9,-3,3
TraesCS3A02G069200,1,4,-3,3
TraesCS3A02G218000,1,4,-3,3
TraesCS3B02G039600,0,3,-3,3
TraesCS3B02G314000,2,5,-3,3
TraesCS3D02G226000,2,5,-3,3
TraesCS4B02G142200,4,7,-3,3
TraesCS4D02G173700,7,10,-3,3
TraesCS5A02G521500,2,5,-3,3
TraesCS5D02G038800,1,4,-3,3
TraesCS5D02G336300,0,3,-3,3
TraesCS7A02G276300,1,4,-3,3
TraesCS7B02G349800,2,5,-3,3
TraesCS7D02G078700,1,4,-3,3
TraesCS7D02G150500,5,8,-3,3
TraesCS5D02G242300,12,15,-3,3
TraesCS6B02G261700,0,3,-3,3
TraesCS3D02G260300,4,7,-3,3
TraesCS5A02G104200,1,4,-3,3
TraesCS2B02G589800,1,3,-2,2
TraesCS4D02G299700,1,3,-2,2
TraesCS1D02G059200,3,5,-2,2
TraesCS2B02G436100,0,2,-2,2
TraesCS4D02G182100,3,5,-2,2
TraesCS5A02G311100,1,3,-2,2
TraesCS6A02G097700,1,3,-2,2
TraesCS6D02G085000,2,4,-2,2
TraesCSU02G183700,3,5,-2,2
TraesCS3B02G476000,2,4,-2,2
TraesCS7A02G311800,1,3,-2,2
TraesCS5A02G031900,1,3,-2,2
TraesCS5B02G426200,2,4,-2,2
TraesCS7D02G484400,0,2,-2,2
TraesCS3B02G608800,0,2,-2,2
TraesCS1B02G234800,2,4,-2,2
TraesCS1A02G414400,0,2,-2,2
TraesCS6A02G287300,15,17,-2,2
TraesCS6A02G311700,1,3,-2,2
TraesCS3B02G504100,0,2,-2,2
TraesCS3D02G180400,0,2,-2,2
TraesCS7D02G201700,0,2,-2,2
TraesCS4B02G124000,1,3,-2,2
TraesCS2B02G322200,1,3,-2,2
TraesCS5D02G253100,9,11,-2,2
TraesCS4B02G245800,0,2,-2,2
TraesCS5A02G391700,0,2,-2,2
TraesCS5D02G401500,0,2,-2,2
TraesCS7A02G122000,0,2,-2,2
TraesCS1B02G063100,0,2,-2,2
TraesCS6B02G043800,0,2,-2,2
TraesCS1B02G097500,0,2,-2,2
TraesCS2B02G466400,0,2,-2,2
TraesCS2D02G444200,0,2,-2,2
TraesCS3B02G612200,1,3,-2,2
TraesCS5A02G083100,6,8,-2,2
TraesCS5A02G111300,2,4,-2,2
TraesCS2A02G326600,4,6,-2,2
TraesCS3D02G497300,4,6,-2,2
TraesCS4B02G297100,1,3,-2,2
TraesCS4D02G296000,12,14,-2,2
TraesCS5A02G212800,0,2,-2,2
TraesCS1A02G358400,0,2,-2,2
TraesCS1A02G401800,1,3,-2,2
TraesCS1D02G072900,0,2,-2,2
TraesCS2A02G094800,0,2,-2,2
TraesCS6B02G152200,0,2,-2,2
TraesCS1A02G324000,0,2,-2,2
TraesCS3B02G378900,4,6,-2,2
TraesCS5A02G192700,0,2,-2,2
TraesCS1D02G083700,0,2,-2,2
TraesCS1D02G393500,0,2,-2,2
TraesCS2A02G313500,0,2,-2,2
TraesCS2B02G506400,1,3,-2,2
TraesCS2D02G191000,0,2,-2,2
TraesCS3A02G305600,0,2,-2,2
TraesCS3D02G373600,0,2,-2,2
TraesCS4B02G070300,1,3,-2,2
TraesCS4B02G076500,1,3,-2,2
TraesCS4D02G223900,2,4,-2,2
TraesCS5A02G307200,1,3,-2,2
TraesCS5B02G261100,2,4,-2,2
TraesCS5B02G315700,0,2,-2,2
TraesCS6D02G084500,0,2,-2,2
TraesCS7A02G365200,1,3,-2,2
TraesCS1D02G012200,2,4,-2,2
TraesCS2A02G365800,0,2,-2,2
TraesCS2B02G085200,1,3,-2,2
TraesCS2D02G162500,2,4,-2,2
TraesCS3B02G001600,0,2,-2,2
TraesCS5D02G163400,1,3,-2,2
TraesCS3B02G136400,0,2,-2,2
TraesCS4D02G255800,1,3,-2,2
TraesCS5D02G312000,0,2,-2,2
TraesCS1A02G284900,1,3,-2,2
TraesCS2B02G538600,4,6,-2,2
TraesCS5D02G321800,2,4,-2,2
TraesCS1D02G087200,0,2,-2,2
TraesCS4B02G138900,0,2,-2,2
TraesCS5B02G330500,0,2,-2,2
TraesCS5D02G403600,3,5,-2,2
TraesCS7D02G409600,1,3,-2,2
TraesCS3A02G489100,1,3,-2,2
TraesCS5A02G225000,0,2,-2,2
TraesCS1A02G441800,1,3,-2,2
TraesCS3B02G425900,0,2,-2,2
TraesCS3B02G430000,1,3,-2,2
TraesCS5A02G122300,0,2,-2,2
TraesCS5B02G201200,0,2,-2,2
TraesCS5D02G415900,0,2,-2,2
TraesCS5D02G515300,0,2,-2,2
TraesCS6B02G251200,1,3,-2,2
TraesCS6B02G450000,1,3,-2,2
TraesCS6D02G389400,0,2,-2,2
TraesCS7A02G009600,1,3,-2,2
TraesCS1B02G121700,0,2,-2,2
TraesCS2A02G365600,0,2,-2,2
TraesCS3A02G371000,0,2,-2,2
TraesCS3B02G335400,1,3,-2,2
TraesCS4D02G113100,1,3,-2,2
TraesCS6B02G173300,0,2,-2,2
TraesCS6D02G207800,0,2,-2,2
TraesCS7A02G493400,1,3,-2,2
TraesCS1D02G147800,1,3,-2,2
TraesCS2B02G013000,9,11,-2,2
TraesCS2B02G535500,3,5,-2,2
TraesCS2D02G002600,0,2,-2,2
TraesCS2D02G468200,1,3,-2,2
TraesCS3A02G056400,0,2,-2,2
TraesCS3A02G392800,2,4,-2,2
TraesCS3D02G423100,2,4,-2,2
TraesCS3D02G481400,4,6,-2,2
TraesCS4A02G262600,1,3,-2,2
TraesCS4B02G171600,1,3,-2,2
TraesCS4B02G242200,0,2,-2,2
TraesCS4B02G244100,1,3,-2,2
TraesCS4B02G280700,1,3,-2,2
TraesCS4B02G295100,3,5,-2,2
TraesCS4D02G316600,1,3,-2,2
TraesCS5B02G116100,1,3,-2,2
TraesCS5B02G560800,0,2,-2,2
TraesCS5D02G007100,0,2,-2,2
TraesCS5D02G172900,2,4,-2,2
TraesCS5D02G211700,0,2,-2,2
TraesCS6B02G265800,1,3,-2,2
TraesCS7A02G060700,3,5,-2,2
TraesCS7A02G320000,2,4,-2,2
TraesCS7A02G338900,1,3,-2,2
TraesCS7D02G137200,2,4,-2,2
TraesCS7D02G276700,0,2,-2,2
TraesCS7D02G378300,0,2,-2,2
TraesCS7D02G529400,3,5,-2,2
TraesCS1B02G164800,0,2,-2,2
TraesCS3A02G434300,0,2,-2,2
TraesCS3B02G469600,0,2,-2,2
TraesCS4A02G279500,2,4,-2,2
TraesCS5A02G538700,1,3,-2,2
TraesCS5D02G216200,0,2,-2,2
TraesCS3A02G309100,0,2,-2,2
TraesCS3D02G083000,5,7,-2,2
TraesCS4D02G302500,1,3,-2,2
TraesCS5B02G368500,0,2,-2,2
TraesCS6D02G371600,1,3,-2,2
TraesCS2A02G159800,0,1,-1,1
TraesCS2A02G283200,1,2,-1,1
TraesCS2B02G482400,0,1,-1,1
TraesCS3D02G285300,0,1,-1,1
TraesCS4A02G233900,0,1,-1,1
TraesCS4B02G249100,0,1,-1,1
TraesCS4D02G249400,0,1,-1,1
TraesCS5D02G134700,0,1,-1,1
TraesCS5D02G411500,0,1,-1,1
TraesCS6D02G240600,0,1,-1,1
TraesCS7A02G031000,0,1,-1,1
TraesCS7A02G329600,0,1,-1,1
TraesCS7B02G230100,0,1,-1,1
TraesCS7D02G181300,0,1,-1,1
TraesCS7D02G326300,0,1,-1,1
TraesCS1A02G231200,0,1,-1,1
TraesCS1D02G242800,1,2,-1,1
TraesCS2A02G415100,0,1,-1,1
TraesCS2A02G415300,0,1,-1,1
TraesCS2A02G514300,0,1,-1,1
TraesCS2B02G304800,0,1,-1,1
TraesCS2B02G542400,0,1,-1,1
TraesCS2D02G412400,0,1,-1,1
TraesCS3D02G157100,2,3,-1,1
TraesCS3D02G260100,0,1,-1,1
TraesCS4A02G088400,0,1,-1,1
TraesCS4A02G123800,1,2,-1,1
TraesCS4D02G298600,0,1,-1,1
TraesCS4D02G322600,0,1,-1,1
TraesCS5A02G215900,0,1,-1,1
TraesCS5D02G150500,0,1,-1,1
TraesCS5D02G486600,0,1,-1,1
TraesCS6A02G131200,0,1,-1,1
TraesCS6A02G171900,0,1,-1,1
TraesCS6A02G181400,0,1,-1,1
TraesCS6A02G301900,0,1,-1,1
TraesCS6B02G159600,0,1,-1,1
TraesCS6B02G331000,0,1,-1,1
TraesCS6B02G375400,0,1,-1,1
TraesCS6D02G084200,1,2,-1,1
TraesCS6D02G121100,0,1,-1,1
TraesCS7D02G372700,0,1,-1,1
TraesCS1B02G424700,0,1,-1,1
TraesCS2A02G309300,0,1,-1,1
TraesCS2A02G567300,0,1,-1,1
TraesCS2B02G397300,0,1,-1,1
TraesCS3B02G273400,0,1,-1,1
TraesCS6D02G127600,0,1,-1,1
TraesCS7A02G461700,0,1,-1,1
TraesCS3B02G106900,1,2,-1,1
TraesCS2A02G448500,0,1,-1,1
TraesCS3A02G204800,0,1,-1,1
TraesCS3B02G236900,0,1,-1,1
TraesCS4B02G056600,0,1,-1,1
TraesCS5D02G237300,1,2,-1,1
TraesCS5D02G313500,0,1,-1,1
TraesCS6A02G358400,2,3,-1,1
TraesCS6B02G295900,0,1,-1,1
TraesCS7B02G211600,0,1,-1,1
TraesCS1A02G332600,0,1,-1,1
TraesCS1D02G335300,0,1,-1,1
TraesCS2D02G252100,1,2,-1,1
TraesCS5A02G309300,0,1,-1,1
TraesCS5B02G032000,1,2,-1,1
TraesCS5B02G310000,0,1,-1,1
TraesCS5D02G432500,4,5,-1,1
TraesCS6A02G412800,0,1,-1,1
TraesCS6B02G462100,1,2,-1,1
TraesCS6D02G397000,1,2,-1,1
TraesCS7D02G187600,2,3,-1,1
TraesCS4A02G268500,0,1,-1,1
TraesCS6B02G323400,0,1,-1,1
TraesCS6D02G274100,0,1,-1,1
TraesCS7B02G400600,0,1,-1,1
TraesCS1D02G274700,1,2,-1,1
TraesCS2A02G591000,0,1,-1,1
TraesCS2B02G592900,0,1,-1,1
TraesCS3A02G271700,0,1,-1,1
TraesCS3A02G377000,0,1,-1,1
TraesCS1A02G340900,0,1,-1,1
TraesCS1B02G353700,0,1,-1,1
TraesCS1D02G223200,2,3,-1,1
TraesCS1D02G343000,0,1,-1,1
TraesCS3B02G603900,0,1,-1,1
TraesCS4A02G409600,1,2,-1,1
TraesCS4D02G095700,0,1,-1,1
TraesCS5A02G022100,0,1,-1,1
TraesCS5B02G018600,0,1,-1,1
TraesCS1B02G203800,0,1,-1,1
TraesCS2B02G403100,2,3,-1,1
TraesCS5B02G025100,0,1,-1,1
TraesCS1B02G425600,0,1,-1,1
TraesCS1B02G444400,0,1,-1,1
TraesCS1D02G405300,0,1,-1,1
TraesCS1D02G421700,0,1,-1,1
TraesCS2A02G039200,0,1,-1,1
TraesCS2A02G307700,0,1,-1,1
TraesCS2B02G051800,0,1,-1,1
TraesCS2B02G515600,0,1,-1,1
TraesCS3A02G179200,0,1,-1,1
TraesCS3B02G201900,0,1,-1,1
TraesCS3D02G181900,0,1,-1,1
TraesCS5A02G143400,0,1,-1,1
TraesCS5D02G119200,0,1,-1,1
TraesCS5D02G275300,0,1,-1,1
TraesCS6A02G340600,0,1,-1,1
TraesCS6B02G372100,0,1,-1,1
TraesCS6D02G321200,0,1,-1,1
TraesCS7A02G298900,0,1,-1,1
TraesCS7D02G294600,0,1,-1,1
TraesCS5B02G521100,0,1,-1,1
TraesCS1A02G411700,0,1,-1,1
TraesCS2D02G180700,0,1,-1,1
TraesCS4A02G306400,0,1,-1,1
TraesCS4B02G008300,1,2,-1,1
TraesCS7D02G338500,0,1,-1,1
TraesCS1D02G262400,0,1,-1,1
TraesCS6B02G093900,0,1,-1,1
TraesCS6D02G067500,0,1,-1,1
TraesCS6B02G341900,0,1,-1,1
TraesCS6D02G291000,0,1,-1,1
TraesCS2D02G099400,0,1,-1,1
TraesCS5D02G273600,0,1,-1,1
TraesCS1B02G022900,0,1,-1,1
TraesCS4A02G206100,2,3,-1,1
TraesCS4B02G109700,2,3,-1,1
TraesCS6B02G449300,0,1,-1,1
TraesCS6D02G388400,0,1,-1,1
TraesCS7A02G258700,0,1,-1,1
TraesCS2A02G264800,0,1,-1,1
TraesCS5B02G075300,0,1,-1,1
TraesCS5D02G081000,0,1,-1,1
TraesCS2B02G176900,0,1,-1,1
TraesCS3A02G165200,0,1,-1,1
TraesCS3D02G176400,0,1,-1,1
TraesCS5A02G234500,0,1,-1,1
TraesCS5B02G233000,0,1,-1,1
TraesCS5D02G241400,0,1,-1,1
TraesCS6A02G326000,0,1,-1,1
TraesCS6D02G305700,0,1,-1,1
TraesCS7B02G105700,0,1,-1,1
TraesCS1D02G421200,1,2,-1,1
TraesCS2A02G192600,1,2,-1,1
TraesCS2A02G200700,1,2,-1,1
TraesCS3A02G408000,0,1,-1,1
TraesCS3B02G392600,1,2,-1,1
TraesCS4D02G054000,0,1,-1,1
TraesCS4D02G122000,0,1,-1,1
TraesCS4D02G136400,0,1,-1,1
TraesCS5A02G535000,0,1,-1,1
TraesCS5D02G148000,0,1,-1,1
TraesCS5D02G152700,0,1,-1,1
TraesCS5D02G332000,0,1,-1,1
TraesCS5D02G422300,0,1,-1,1
TraesCS2A02G435100,0,1,-1,1
TraesCS2D02G246600,0,1,-1,1
TraesCS4A02G255000,1,2,-1,1
TraesCS4B02G060000,0,1,-1,1
TraesCS7B02G070200,0,1,-1,1
TraesCS3D02G141500,0,1,-1,1
TraesCS3D02G224100,0,1,-1,1
TraesCS5A02G142700,0,1,-1,1
TraesCS5B02G141400,0,1,-1,1
TraesCS1D02G197300,0,1,-1,1
TraesCS2B02G497500,0,1,-1,1
TraesCS5B02G315100,0,1,-1,1
TraesCS6D02G304300,2,3,-1,1
TraesCS5D02G445100,0,1,-1,1
TraesCS5A02G237600,1,2,-1,1
TraesCS5B02G556200,0,1,-1,1
TraesCS5D02G244800,5,6,-1,1
TraesCS5D02G321000,1,2,-1,1
TraesCS7D02G261900,0,1,-1,1
TraesCS4A02G078700,0,1,-1,1
TraesCS2B02G281000,0,1,-1,1
TraesCS2D02G262700,0,1,-1,1
TraesCS3B02G105700,1,2,-1,1
TraesCS4D02G301100,1,2,-1,1
TraesCS5B02G396600,0,1,-1,1
TraesCS6A02G158100,0,1,-1,1
TraesCS6D02G147400,0,1,-1,1
TraesCS7B02G020800,0,1,-1,1
TraesCS1B02G047700,0,1,-1,1
TraesCS1B02G441100,0,1,-1,1
TraesCS1D02G252000,0,1,-1,1
TraesCS2B02G218100,0,1,-1,1
TraesCS2D02G198500,0,1,-1,1
TraesCS4B02G279700,0,1,-1,1
TraesCS5D02G030500,0,1,-1,1
TraesCS6A02G016800,0,1,-1,1
TraesCS6A02G019600,0,1,-1,1
TraesCS6A02G021400,0,1,-1,1
TraesCS6A02G032300,0,1,-1,1
TraesCS6A02G058000,0,1,-1,1
TraesCS6A02G214200,0,1,-1,1
TraesCS6A02G270600,0,1,-1,1
TraesCS6B02G025600,0,1,-1,1
TraesCS6B02G043100,0,1,-1,1
TraesCS6B02G045000,0,1,-1,1
TraesCS6B02G045300,0,1,-1,1
TraesCS6B02G076900,0,1,-1,1
TraesCS6D02G018300,0,1,-1,1
TraesCS6D02G022000,0,1,-1,1
TraesCS6D02G025200,0,1,-1,1
TraesCS6D02G034400,0,1,-1,1
TraesCS6D02G037100,0,1,-1,1
TraesCS6D02G040000,0,1,-1,1
TraesCS6D02G196900,0,1,-1,1
TraesCS7A02G182600,0,1,-1,1
TraesCS7B02G087500,0,1,-1,1
TraesCS7B02G141200,0,1,-1,1
TraesCS7B02G149800,0,1,-1,1
TraesCS7D02G448700,0,1,-1,1
TraesCSU02G029100,0,1,-1,1
TraesCS1A02G219400,0,1,-1,1
TraesCS1D02G204500,0,1,-1,1
TraesCS1D02G283100,0,1,-1,1
TraesCS1D02G371400,0,1,-1,1
TraesCS2A02G338200,0,1,-1,1
TraesCS2B02G082400,0,1,-1,1
TraesCS2B02G399200,0,1,-1,1
TraesCS2D02G158300,0,1,-1,1
TraesCS3A02G153700,0,1,-1,1
TraesCS3B02G180300,0,1,-1,1
TraesCS3B02G290600,1,2,-1,1
TraesCS3D02G109100,0,1,-1,1
TraesCS3D02G133000,1,2,-1,1
TraesCS3D02G377300,0,1,-1,1
TraesCS3D02G540600,1,2,-1,1
TraesCS4A02G075200,0,1,-1,1
TraesCS4D02G142900,1,2,-1,1
TraesCS5A02G079100,1,2,-1,1
TraesCS5A02G227400,0,1,-1,1
TraesCS5A02G307100,0,1,-1,1
TraesCS5A02G375400,0,1,-1,1
TraesCS5A02G450800,0,1,-1,1
TraesCS5B02G004400,0,1,-1,1
TraesCS5B02G307500,0,1,-1,1
TraesCS5B02G459200,0,1,-1,1
TraesCS5D02G099100,0,1,-1,1
TraesCS5D02G314000,0,1,-1,1
TraesCS5D02G460800,0,1,-1,1
TraesCS6A02G173800,0,1,-1,1
TraesCS6A02G258600,0,1,-1,1
TraesCS6A02G344700,0,1,-1,1
TraesCS6B02G257000,0,1,-1,1
TraesCS6B02G296300,0,1,-1,1
TraesCS6B02G377400,0,1,-1,1
TraesCS6D02G327300,0,1,-1,1
TraesCS7A02G299400,0,1,-1,1
TraesCS7A02G304600,0,1,-1,1
TraesCS7B02G036500,8,9,-1,1
TraesCS7D02G135200,3,4,-1,1
TraesCS7D02G409100,0,1,-1,1
TraesCS2A02G101400,1,2,-1,1
TraesCS2A02G101900,7,8,-1,1
TraesCS2A02G459700,0,1,-1,1
TraesCS3A02G406000,1,2,-1,1
TraesCS3B02G093300,2,3,-1,1
TraesCS3D02G480900,0,1,-1,1
TraesCS5A02G275900,21,22,-1,1
TraesCS5A02G500700,5,6,-1,1
TraesCS5B02G480900,0,1,-1,1
TraesCS6A02G208900,0,1,-1,1
TraesCS6B02G237900,0,1,-1,1
TraesCS6D02G192400,0,1,-1,1
TraesCS7A02G464100,0,1,-1,1
TraesCS7B02G111300,0,1,-1,1
TraesCS1B02G086700,1,2,-1,1
TraesCS2B02G469000,0,1,-1,1
TraesCS2D02G447400,0,1,-1,1
TraesCS6B02G291400,0,1,-1,1
TraesCS6D02G250500,0,1,-1,1
TraesCS2A02G352400,0,1,-1,1
TraesCS2A02G404400,0,1,-1,1
TraesCS2A02G404500,0,1,-1,1
TraesCS2B02G370400,0,1,-1,1
TraesCS2D02G350400,0,1,-1,1
TraesCS2D02G401300,0,1,-1,1
TraesCS2D02G401400,0,1,-1,1
TraesCS4B02G085200,0,1,-1,1
TraesCS4D02G083200,0,1,-1,1
TraesCS1B02G467100,0,1,-1,1
TraesCS4A02G095200,0,1,-1,1
TraesCS4B02G163500,0,1,-1,1
TraesCS5A02G114700,0,1,-1,1
TraesCS3B02G552400,3,4,-1,1
TraesCS7D02G271400,1,2,-1,1
TraesCS2A02G506500,0,1,-1,1
TraesCS2B02G534800,0,1,-1,1
TraesCS4A02G007800,7,8,-1,1
TraesCS4A02G285900,0,1,-1,1
TraesCS6D02G252800,0,1,-1,1
TraesCS3B02G349300,0,1,-1,1
TraesCS1D02G338300,0,1,-1,1
TraesCS1B02G088900,0,1,-1,1
TraesCS1B02G374900,0,1,-1,1
TraesCS1D02G292700,1,2,-1,1
TraesCS1D02G300300,0,1,-1,1
TraesCS1D02G363300,0,1,-1,1
TraesCS2B02G187500,1,2,-1,1
TraesCS2D02G190500,0,1,-1,1
TraesCS3A02G347500,0,1,-1,1
TraesCS3B02G270500,1,2,-1,1
TraesCS4A02G128100,0,1,-1,1
TraesCS4B02G176700,0,1,-1,1
TraesCS4D02G119700,0,1,-1,1
TraesCS4D02G178400,0,1,-1,1
TraesCS5A02G060200,0,1,-1,1
TraesCS5A02G258100,0,1,-1,1
TraesCS5A02G395100,0,1,-1,1
TraesCS5B02G108500,0,1,-1,1
TraesCS5B02G257300,0,1,-1,1
TraesCS5B02G399900,0,1,-1,1
TraesCS5D02G349800,0,1,-1,1
TraesCS6D02G136200,1,2,-1,1
TraesCS5B02G153300,0,1,-1,1
TraesCS5D02G160100,0,1,-1,1
TraesCS1A02G338700,2,3,-1,1
TraesCS1B02G013900,0,1,-1,1
TraesCS1B02G014000,0,1,-1,1
TraesCS1B02G028900,0,1,-1,1
TraesCS1B02G107800,0,1,-1,1
TraesCS1B02G123400,0,1,-1,1
TraesCS1B02G127200,0,1,-1,1
TraesCS1B02G139500,0,1,-1,1
TraesCS1B02G145500,0,1,-1,1
TraesCS1B02G146100,0,1,-1,1
TraesCS1B02G264800,0,1,-1,1
TraesCS1D02G319400,0,1,-1,1
TraesCS2A02G193100,0,1,-1,1
TraesCS2D02G082000,0,1,-1,1
TraesCS2D02G227900,0,1,-1,1
TraesCS3B02G021400,0,1,-1,1
TraesCS3B02G106300,0,1,-1,1
TraesCS3B02G508100,1,2,-1,1
TraesCS3B02G540900,0,1,-1,1
TraesCS4A02G118500,0,1,-1,1
TraesCS4A02G172700,1,2,-1,1
TraesCS4A02G358800,0,1,-1,1
TraesCS4A02G462100,0,1,-1,1
TraesCS4B02G145100,0,1,-1,1
TraesCS4B02G360000,0,1,-1,1
TraesCS4D02G018000,0,1,-1,1
TraesCS4D02G050200,0,1,-1,1
TraesCS4D02G299100,0,1,-1,1
TraesCS5A02G120200,0,1,-1,1
TraesCS5B02G493800,0,1,-1,1
TraesCS7A02G043000,0,1,-1,1
TraesCS7A02G305900,0,1,-1,1
TraesCS7B02G202000,0,1,-1,1
TraesCS7B02G218300,0,1,-1,1
TraesCS7B02G282800,0,1,-1,1
TraesCS1A02G165900,1,2,-1,1
TraesCS1A02G352700,0,1,-1,1
TraesCS1A02G436200,0,1,-1,1
TraesCS2B02G210700,0,1,-1,1
TraesCS2D02G257900,0,1,-1,1
TraesCS2D02G469400,0,1,-1,1
TraesCS3A02G374300,0,1,-1,1
TraesCS3A02G461800,0,1,-1,1
TraesCS3A02G520000,0,1,-1,1
TraesCS3B02G138000,0,1,-1,1
TraesCS3B02G412700,0,1,-1,1
TraesCS3B02G547900,0,1,-1,1
TraesCS3D02G022800,0,1,-1,1
TraesCS4D02G332500,0,1,-1,1
TraesCS4D02G348300,0,1,-1,1
TraesCS5B02G098300,0,1,-1,1
TraesCS5B02G495800,0,1,-1,1
TraesCS5D02G115400,0,1,-1,1
TraesCS6A02G041000,0,1,-1,1
TraesCS6A02G149800,0,1,-1,1
TraesCS6A02G314500,0,1,-1,1
TraesCS6A02G373900,0,1,-1,1
TraesCS6A02G409400,0,1,-1,1
TraesCS6B02G050600,0,1,-1,1
TraesCS6B02G153900,0,1,-1,1
TraesCS6B02G248500,0,1,-1,1
TraesCS6B02G259800,0,1,-1,1
TraesCS6B02G300100,0,1,-1,1
TraesCS6D02G014400,0,1,-1,1
TraesCS7A02G341800,1,2,-1,1
TraesCS7B02G130200,0,1,-1,1
TraesCS7B02G411500,0,1,-1,1
TraesCS1A02G237000,0,1,-1,1
TraesCS1A02G402800,1,2,-1,1
TraesCS1A02G444300,0,1,-1,1
TraesCS1B02G170300,0,1,-1,1
TraesCS1B02G260000,0,1,-1,1
TraesCS1B02G448400,0,1,-1,1
TraesCS1B02G451700,0,1,-1,1
TraesCS2A02G361700,0,1,-1,1
TraesCS2A02G469300,0,1,-1,1
TraesCS2A02G555100,0,1,-1,1
TraesCS2B02G137800,0,1,-1,1
TraesCS2B02G269400,0,1,-1,1
TraesCS2B02G486000,0,1,-1,1
TraesCS2B02G538900,0,1,-1,1
TraesCS2D02G102500,0,1,-1,1
TraesCS2D02G181700,0,1,-1,1
TraesCS3A02G334800,0,1,-1,1
TraesCS3A02G424700,0,1,-1,1
TraesCS3B02G409900,0,1,-1,1
TraesCS3D02G416000,0,1,-1,1
TraesCS4A02G462300,0,1,-1,1
TraesCS4B02G157000,0,1,-1,1
TraesCS4D02G128500,0,1,-1,1
TraesCS4D02G239700,0,1,-1,1
TraesCS5A02G274200,0,1,-1,1
TraesCS5A02G358600,0,1,-1,1
TraesCS5B02G299400,0,1,-1,1
TraesCS5D02G059900,0,1,-1,1
TraesCS6A02G068700,0,1,-1,1
TraesCS6A02G261600,0,1,-1,1
TraesCS6B02G119026,0,1,-1,1
TraesCS6B02G328200,0,1,-1,1
TraesCS6D02G138100,0,1,-1,1
TraesCS6D02G315900,0,1,-1,1
TraesCS6D02G371900,0,1,-1,1
TraesCS7A02G014700,0,1,-1,1
TraesCS7A02G173300,0,1,-1,1
TraesCS7A02G232500,0,1,-1,1
TraesCS7A02G473900,0,1,-1,1
TraesCS7B02G372600,0,1,-1,1
TraesCS7B02G458700,0,1,-1,1
TraesCS7B02G481900,0,1,-1,1
TraesCS1A02G139100,0,1,-1,1
TraesCS1A02G367500,0,1,-1,1
TraesCS1B02G007900,0,1,-1,1
TraesCS1B02G062000,0,1,-1,1
TraesCS1B02G076500,0,1,-1,1
TraesCS1B02G114700,1,2,-1,1
TraesCS1B02G122000,0,1,-1,1
TraesCS1B02G123600,0,1,-1,1
TraesCS2A02G061500,0,1,-1,1
TraesCS2B02G402400,0,1,-1,1
TraesCS2D02G513500,0,1,-1,1
TraesCS3A02G369100,0,1,-1,1
TraesCS3B02G401100,0,1,-1,1
TraesCS3B02G492700,0,1,-1,1
TraesCS3B02G603700,0,1,-1,1
TraesCS3D02G011800,0,1,-1,1
TraesCS4A02G175200,0,1,-1,1
TraesCS5B02G115200,0,1,-1,1
TraesCS5B02G322000,0,1,-1,1
TraesCS6A02G100500,0,1,-1,1
TraesCS6A02G121400,0,1,-1,1
TraesCS6B02G291800,0,1,-1,1
TraesCS6B02G325200,0,1,-1,1
TraesCS6B02G390800,0,1,-1,1
TraesCS1A02G236500,0,1,-1,1
TraesCS1B02G201000,0,1,-1,1
TraesCS1B02G257100,0,1,-1,1
TraesCS1B02G377600,0,1,-1,1
TraesCS1D02G116400,0,1,-1,1
TraesCS1D02G145600,1,2,-1,1
TraesCS1D02G282700,0,1,-1,1
TraesCS1D02G336300,0,1,-1,1
TraesCS2A02G278000,0,1,-1,1
TraesCS2A02G313300,0,1,-1,1
TraesCS2A02G317200,0,1,-1,1
TraesCS2A02G334200,0,1,-1,1
TraesCS2A02G462700,0,1,-1,1
TraesCS2B02G214100,0,1,-1,1
TraesCS2D02G234900,0,1,-1,1
TraesCS2D02G285400,0,1,-1,1
TraesCS2D02G354300,0,1,-1,1
TraesCS2D02G410000,0,1,-1,1
TraesCS3A02G185800,0,1,-1,1
TraesCS3B02G211200,0,1,-1,1
TraesCS3B02G259500,0,1,-1,1
TraesCS3D02G124700,1,2,-1,1
TraesCS3D02G142300,0,1,-1,1
TraesCS3D02G189800,0,1,-1,1
TraesCS3D02G261800,0,1,-1,1
TraesCS3D02G374100,0,1,-1,1
TraesCS3D02G397600,0,1,-1,1
TraesCS3D02G449700,0,1,-1,1
TraesCS4A02G013300,0,1,-1,1
TraesCS4A02G096100,0,1,-1,1
TraesCS4B02G149300,0,1,-1,1
TraesCS4D02G062800,0,1,-1,1
TraesCS4D02G173800,0,1,-1,1
TraesCS4D02G292800,0,1,-1,1
TraesCS5A02G182400,0,1,-1,1
TraesCS5A02G252700,0,1,-1,1
TraesCS5B02G007900,0,1,-1,1
TraesCS5B02G080400,0,1,-1,1
TraesCS5B02G105600,0,1,-1,1
TraesCS5B02G246000,0,1,-1,1
TraesCS5B02G276700,0,1,-1,1
TraesCS5B02G326600,0,1,-1,1
TraesCS5B02G403400,0,1,-1,1
TraesCS5B02G410800,0,1,-1,1
TraesCS5D02G168600,0,1,-1,1
TraesCS6A02G215300,2,3,-1,1
TraesCS6A02G311500,1,2,-1,1
TraesCS6B02G168300,0,1,-1,1
TraesCS6B02G192500,0,1,-1,1
TraesCS6B02G258500,0,1,-1,1
TraesCS6B02G299700,0,1,-1,1
TraesCS6B02G300300,0,1,-1,1
TraesCS6B02G469900,0,1,-1,1
TraesCS7A02G210100,0,1,-1,1
TraesCS7A02G550300,0,1,-1,1
TraesCS7B02G102100,0,1,-1,1
TraesCS7B02G394300,0,1,-1,1
TraesCS7B02G410200,0,1,-1,1
TraesCS7D02G211900,0,1,-1,1
TraesCS7D02G414700,0,1,-1,1
TraesCS7D02G500300,0,1,-1,1
TraesCSU02G028300,0,1,-1,1
TraesCS1A02G142300,2,3,-1,1
TraesCS1A02G155000,0,1,-1,1
TraesCS1A02G159400,0,1,-1,1
TraesCS1A02G243000,0,1,-1,1
TraesCS1A02G250700,0,1,-1,1
TraesCS1A02G391000,0,1,-1,1
TraesCS1B02G059000,0,1,-1,1
TraesCS1B02G109800,0,1,-1,1
TraesCS1B02G111500,0,1,-1,1
TraesCS1D02G220400,0,1,-1,1
TraesCS1D02G321100,0,1,-1,1
TraesCS2A02G195800,0,1,-1,1
TraesCS2A02G249300,0,1,-1,1
TraesCS2A02G287700,0,1,-1,1
TraesCS2B02G156000,0,1,-1,1
TraesCS2B02G272800,0,1,-1,1
TraesCS2B02G357100,0,1,-1,1
TraesCS2B02G394800,0,1,-1,1
TraesCS2B02G411100,0,1,-1,1
TraesCS2B02G464400,0,1,-1,1
TraesCS3A02G075400,0,1,-1,1
TraesCS3A02G104900,0,1,-1,1
TraesCS3A02G112600,0,1,-1,1
TraesCS3A02G427600,0,1,-1,1
TraesCS3B02G332900,0,1,-1,1
TraesCS3B02G361800,0,1,-1,1
TraesCS3B02G443600,0,1,-1,1
TraesCS3D02G299400,0,1,-1,1
TraesCS4A02G132800,0,1,-1,1
TraesCS4A02G138800,0,1,-1,1
TraesCS4B02G042400,0,1,-1,1
TraesCS4B02G219800,0,1,-1,1
TraesCS4D02G180700,0,1,-1,1
TraesCS5A02G150600,0,1,-1,1
TraesCS5A02G164700,0,1,-1,1
TraesCS5A02G192500,0,1,-1,1
TraesCS5A02G494600,0,1,-1,1
TraesCS5B02G151200,0,1,-1,1
TraesCS5B02G154600,0,1,-1,1
TraesCS5B02G377400,0,1,-1,1
TraesCS5B02G386700,0,1,-1,1
TraesCS5B02G408300,1,2,-1,1
TraesCS5D02G105000,0,1,-1,1
TraesCS6A02G027100,3,4,-1,1
TraesCS6D02G134800,0,1,-1,1
TraesCS7A02G031100,0,1,-1,1
TraesCS7A02G126500,0,1,-1,1
TraesCS7A02G185500,0,1,-1,1
TraesCS7A02G481200,0,1,-1,1
TraesCS7A02G513400,0,1,-1,1
TraesCS7B02G204300,0,1,-1,1
TraesCS7B02G243600,0,1,-1,1
TraesCS7B02G254600,0,1,-1,1
TraesCS7B02G381300,0,1,-1,1
TraesCS7D02G501000,0,1,-1,1
TraesCS7D02G542900,0,1,-1,1
TraesCSU02G131300,0,1,-1,1
TraesCS1A02G099000,1,2,-1,1
TraesCS1A02G230400,0,1,-1,1
TraesCS1A02G269500,0,1,-1,1
TraesCS1A02G282700,0,1,-1,1
TraesCS1A02G373000,0,1,-1,1
TraesCS1A02G390400,0,1,-1,1
TraesCS1B02G155000,0,1,-1,1
TraesCS1B02G258100,0,1,-1,1
TraesCS1B02G280000,0,1,-1,1
TraesCS1B02G463900,0,1,-1,1
TraesCS1D02G124300,0,1,-1,1
TraesCS1D02G164500,0,1,-1,1
TraesCS1D02G213900,0,1,-1,1
TraesCS1D02G231600,0,1,-1,1
TraesCS2A02G182400,0,1,-1,1
TraesCS2A02G290100,0,1,-1,1
TraesCS2A02G313400,0,1,-1,1
TraesCS2A02G403800,0,1,-1,1
TraesCS2A02G439400,0,1,-1,1
TraesCS2A02G511900,0,1,-1,1
TraesCS2A02G582300,0,1,-1,1
TraesCS2B02G099600,0,1,-1,1
TraesCS2B02G189100,0,1,-1,1
TraesCS2B02G272600,0,1,-1,1
TraesCS2B02G313500,0,1,-1,1
TraesCS2B02G394200,0,1,-1,1
TraesCS2B02G421800,0,1,-1,1
TraesCS2B02G430800,0,1,-1,1
TraesCS2D02G288000,0,1,-1,1
TraesCS2D02G397600,0,1,-1,1
TraesCS2D02G400900,0,1,-1,1
TraesCS2D02G463300,0,1,-1,1
TraesCS2D02G497800,0,1,-1,1
TraesCS3A02G041700,0,1,-1,1
TraesCS3A02G117300,0,1,-1,1
TraesCS3A02G355500,0,1,-1,1
TraesCS3A02G377500,0,1,-1,1
TraesCS3A02G402600,0,1,-1,1
TraesCS3A02G439000,0,1,-1,1
TraesCS3B02G160100,0,1,-1,1
TraesCS3B02G285700,0,1,-1,1
TraesCS3B02G361100,0,1,-1,1
TraesCS3B02G430300,0,1,-1,1
TraesCS3B02G436000,0,1,-1,1
TraesCS3D02G190200,0,1,-1,1
TraesCS3D02G325200,0,1,-1,1
TraesCS3D02G347300,0,1,-1,1
TraesCS3D02G349700,0,1,-1,1
TraesCS3D02G431800,0,1,-1,1
TraesCS4A02G055000,0,1,-1,1
TraesCS4A02G078800,0,1,-1,1
TraesCS4A02G092300,0,1,-1,1
TraesCS4A02G111700,0,1,-1,1
TraesCS4A02G159200,0,1,-1,1
TraesCS4A02G495000,0,1,-1,1
TraesCS4A02G498700,0,1,-1,1
TraesCS4B02G063800,0,1,-1,1
TraesCS4B02G189300,0,1,-1,1
TraesCS4B02G245500,0,1,-1,1
TraesCS4B02G341300,0,1,-1,1
TraesCS4D02G053700,0,1,-1,1
TraesCS4D02G118300,0,1,-1,1
TraesCS4D02G118800,0,1,-1,1
TraesCS4D02G125400,0,1,-1,1
TraesCS4D02G160700,0,1,-1,1
TraesCS4D02G193400,0,1,-1,1
TraesCS4D02G241200,0,1,-1,1
TraesCS4D02G263400,0,1,-1,1
TraesCS4D02G268400,0,1,-1,1
TraesCS4D02G337200,0,1,-1,1
TraesCS5A02G004200,0,1,-1,1
TraesCS5A02G074000,0,1,-1,1
TraesCS5A02G100500,0,1,-1,1
TraesCS5A02G166400,0,1,-1,1
TraesCS5A02G177400,0,1,-1,1
TraesCS5A02G277500,0,1,-1,1
TraesCS5A02G296300,0,1,-1,1
TraesCS5A02G328600,0,1,-1,1
TraesCS5B02G079100,2,3,-1,1
TraesCS5B02G160000,0,1,-1,1
TraesCS5B02G183400,0,1,-1,1
TraesCS5B02G277200,0,1,-1,1
TraesCS5B02G294900,0,1,-1,1
TraesCS5B02G400100,0,1,-1,1
TraesCS5B02G430700,0,1,-1,1
TraesCS5B02G432900,0,1,-1,1
TraesCS5B02G485500,0,1,-1,1
TraesCS5B02G572400,0,1,-1,1
TraesCS5D02G249400,0,1,-1,1
TraesCS5D02G260300,0,1,-1,1
TraesCS5D02G284800,0,1,-1,1
TraesCS5D02G379700,0,1,-1,1
TraesCS5D02G439100,0,1,-1,1
TraesCS5D02G513700,0,1,-1,1
TraesCS6A02G252800,0,1,-1,1
TraesCS6A02G285100,0,1,-1,1
TraesCS6A02G334300,0,1,-1,1
TraesCS6A02G384300,0,1,-1,1
TraesCS6B02G255600,1,2,-1,1
TraesCS6B02G272900,0,1,-1,1
TraesCS6D02G288200,0,1,-1,1
TraesCS6D02G362000,0,1,-1,1
TraesCS6D02G407400,0,1,-1,1
TraesCS7A02G056700,0,1,-1,1
TraesCS7A02G286800,0,1,-1,1
TraesCS7A02G347800,0,1,-1,1
TraesCS7A02G370700,0,1,-1,1
TraesCS7A02G424700,0,1,-1,1
TraesCS7B02G094900,0,1,-1,1
TraesCS7B02G118400,0,1,-1,1
TraesCS7B02G214400,0,1,-1,1
TraesCS7B02G226700,0,1,-1,1
TraesCS7D02G310300,0,1,-1,1
TraesCS1A02G254200,0,1,-1,1
TraesCS1B02G264000,0,1,-1,1
TraesCS1D02G052700,2,3,-1,1
TraesCS1D02G114300,0,1,-1,1
TraesCS1D02G146600,1,2,-1,1
TraesCS1D02G216700,0,1,-1,1
TraesCS1D02G253700,0,1,-1,1
TraesCS1D02G352600,0,1,-1,1
TraesCS2A02G106900,3,4,-1,1
TraesCS2A02G184900,0,1,-1,1
TraesCS2A02G273600,0,1,-1,1
TraesCS2A02G474500,0,1,-1,1
TraesCS2D02G159000,0,1,-1,1
TraesCS2D02G170400,0,1,-1,1
TraesCS2D02G289100,0,1,-1,1
TraesCS3D02G178300,0,1,-1,1
TraesCS3D02G266800,0,1,-1,1
TraesCS4A02G032200,0,1,-1,1
TraesCS4A02G178700,0,1,-1,1
TraesCS4A02G406400,0,1,-1,1
TraesCS4B02G206700,0,1,-1,1
TraesCS4D02G104600,1,2,-1,1
TraesCS4D02G289300,0,1,-1,1
TraesCS5A02G075300,0,1,-1,1
TraesCS5D02G186400,0,1,-1,1
TraesCS6B02G352800,2,3,-1,1
TraesCS6B02G363600,0,1,-1,1
TraesCS6D02G302700,2,3,-1,1
TraesCS7A02G354900,0,1,-1,1
TraesCS7B02G260200,0,1,-1,1
TraesCS7D02G267200,0,1,-1,1
TraesCS7D02G321500,0,1,-1,1
TraesCS7D02G470300,0,1,-1,1
TraesCS1A02G191400,1,2,-1,1
TraesCS1A02G235500,0,1,-1,1
TraesCS1D02G087100,0,1,-1,1
TraesCS1D02G236700,0,1,-1,1
TraesCS1D02G295900,0,1,-1,1
TraesCS1D02G388200,0,1,-1,1
TraesCS2A02G032400,0,1,-1,1
TraesCS2A02G391100,1,2,-1,1
TraesCS2A02G502400,0,1,-1,1
TraesCS2B02G131500,0,1,-1,1
TraesCS2B02G162000,0,1,-1,1
TraesCS2B02G196100,0,1,-1,1
TraesCS2B02G204800,0,1,-1,1
TraesCS2B02G419800,0,1,-1,1
TraesCS2B02G509300,0,1,-1,1
TraesCS2B02G516600,0,1,-1,1
TraesCS3A02G395400,0,1,-1,1
TraesCS3B02G137700,0,1,-1,1
TraesCS3B02G585700,0,1,-1,1
TraesCS3D02G165300,0,1,-1,1
TraesCS3D02G215200,0,1,-1,1
TraesCS3D02G327500,0,1,-1,1
TraesCS4A02G018700,0,1,-1,1
TraesCS4A02G282900,0,1,-1,1
TraesCS4D02G284300,0,1,-1,1
TraesCS5A02G155300,0,1,-1,1
TraesCS5A02G341600,0,1,-1,1
TraesCS5B02G063300,0,1,-1,1
TraesCS5B02G467800,0,1,-1,1
TraesCS5D02G115200,0,1,-1,1
TraesCS5D02G333000,0,1,-1,1
TraesCS6A02G234600,0,1,-1,1
TraesCS6D02G173900,0,1,-1,1
TraesCS6D02G331000,0,1,-1,1
TraesCS7A02G246400,0,1,-1,1
TraesCS7B02G094500,0,1,-1,1
TraesCS7B02G243900,0,1,-1,1
TraesCS7B02G316500,0,1,-1,1
TraesCS7D02G316700,1,2,-1,1
TraesCSU02G097900,0,1,-1,1
TraesCS1A02G065300,0,1,-1,1
TraesCS1A02G095800,0,1,-1,1
TraesCS1B02G176600,0,1,-1,1
TraesCS1B02G453600,0,1,-1,1
TraesCS1B02G481000,0,1,-1,1
TraesCS1D02G140300,0,1,-1,1
TraesCS1D02G433400,0,1,-1,1
TraesCS2A02G407100,0,1,-1,1
TraesCS2B02G076200,0,1,-1,1
TraesCS2B02G110400,0,1,-1,1
TraesCS2B02G203200,0,1,-1,1
TraesCS2B02G368200,0,1,-1,1
TraesCS2B02G417400,0,1,-1,1
TraesCS2B02G456100,0,1,-1,1
TraesCS2D02G305500,0,1,-1,1
TraesCS2D02G405200,0,1,-1,1
TraesCS2D02G549400,0,1,-1,1
TraesCS2D02G601500,0,1,-1,1
TraesCS3A02G195400,0,1,-1,1
TraesCS3A02G448900,0,1,-1,1
TraesCS3B02G100600,0,1,-1,1
TraesCS3B02G384400,0,1,-1,1
TraesCS3D02G019900,0,1,-1,1
TraesCS3D02G200800,0,1,-1,1
TraesCS3D02G362200,0,1,-1,1
TraesCS4A02G063400,0,1,-1,1
TraesCS4A02G149100,0,1,-1,1
TraesCS4A02G237300,0,1,-1,1
TraesCS4D02G198600,3,4,-1,1
TraesCS4D02G297800,0,1,-1,1
TraesCS5A02G118900,0,1,-1,1
TraesCS5B02G054400,0,1,-1,1
TraesCS5B02G112500,0,1,-1,1
TraesCS5B02G501900,0,1,-1,1
TraesCS5D02G118700,0,1,-1,1
TraesCS5D02G219700,0,1,-1,1
TraesCS6A02G145500,0,1,-1,1
TraesCS6A02G299200,0,1,-1,1
TraesCS6B02G335500,0,1,-1,1
TraesCS6D02G244000,0,1,-1,1
TraesCS6D02G278900,0,1,-1,1
TraesCS7A02G107300,0,1,-1,1
TraesCS7A02G167400,2,3,-1,1
TraesCS7A02G239000,0,1,-1,1
TraesCS7A02G489600,0,1,-1,1
TraesCS7B02G170500,0,1,-1,1
TraesCS7B02G287700,0,1,-1,1
TraesCS7D02G168100,0,1,-1,1
TraesCS7D02G213900,0,1,-1,1
TraesCS1A02G146900,0,1,-1,1
TraesCS1A02G214300,0,1,-1,1
TraesCS1B02G172400,0,1,-1,1
TraesCS1B02G173500,0,1,-1,1
TraesCS1B02G224800,0,1,-1,1
TraesCS1B02G396900,0,1,-1,1
TraesCS1D02G120300,0,1,-1,1
TraesCS1D02G120700,0,1,-1,1
TraesCS1D02G162000,1,2,-1,1
TraesCS1D02G162200,0,1,-1,1
TraesCS1D02G327600,0,1,-1,1
TraesCS1D02G370600,0,1,-1,1
TraesCS2A02G254800,0,1,-1,1
TraesCS2A02G321200,0,1,-1,1
TraesCS2A02G325400,0,1,-1,1
TraesCS2A02G389000,0,1,-1,1
TraesCS2A02G526400,0,1,-1,1
TraesCS2B02G196600,7,8,-1,1
TraesCS2B02G229100,0,1,-1,1
TraesCS2B02G384300,0,1,-1,1
TraesCS2B02G490800,0,1,-1,1
TraesCS2B02G544800,0,1,-1,1
TraesCS2D02G138800,0,1,-1,1
TraesCS2D02G148700,0,1,-1,1
TraesCS2D02G210900,0,1,-1,1
TraesCS2D02G432600,0,1,-1,1
TraesCS2D02G434600,1,2,-1,1
TraesCS3A02G054200,0,1,-1,1
TraesCS3A02G195700,0,1,-1,1
TraesCS3A02G362500,0,1,-1,1
TraesCS3A02G433200,0,1,-1,1
TraesCS3A02G515900,0,1,-1,1
TraesCS3B02G240100,0,1,-1,1
TraesCS3B02G281000,5,6,-1,1
TraesCS3B02G313500,0,1,-1,1
TraesCS3B02G340100,0,1,-1,1
TraesCS3D02G053700,0,1,-1,1
TraesCS3D02G221700,0,1,-1,1
TraesCS3D02G249000,0,1,-1,1
TraesCS3D02G251300,0,1,-1,1
TraesCS3D02G277600,0,1,-1,1
TraesCS3D02G303300,0,1,-1,1
TraesCS3D02G331500,0,1,-1,1
TraesCS4A02G264800,0,1,-1,1
TraesCS4A02G274200,0,1,-1,1
TraesCS4B02G116200,0,1,-1,1
TraesCS4B02G313900,0,1,-1,1
TraesCS4B02G331700,0,1,-1,1
TraesCS4D02G029500,0,1,-1,1
TraesCS4D02G068800,0,1,-1,1
TraesCS4D02G116700,1,2,-1,1
TraesCS4D02G120400,2,3,-1,1
TraesCS4D02G149400,0,1,-1,1
TraesCS4D02G258800,0,1,-1,1
TraesCS5A02G063100,2,3,-1,1
TraesCS5A02G211600,0,1,-1,1
TraesCS5A02G253800,2,3,-1,1
TraesCS5A02G255700,0,1,-1,1
TraesCS5A02G382700,0,1,-1,1
TraesCS5A02G481000,0,1,-1,1
TraesCS5A02G484200,0,1,-1,1
TraesCS5A02G543300,0,1,-1,1
TraesCS5A02G556700,1,2,-1,1
TraesCS5B02G212300,0,1,-1,1
TraesCS5B02G520700,0,1,-1,1
TraesCS5D02G109600,0,1,-1,1
TraesCS5D02G286700,0,1,-1,1
TraesCS5D02G486000,0,1,-1,1
TraesCS5D02G531600,0,1,-1,1
TraesCS6A02G156100,0,1,-1,1
TraesCS6A02G230700,1,2,-1,1
TraesCS6B02G066900,0,1,-1,1
TraesCS6D02G009900,0,1,-1,1
TraesCS6D02G214300,0,1,-1,1
TraesCS7A02G091500,0,1,-1,1
TraesCS7A02G240400,0,1,-1,1
TraesCS7A02G254400,0,1,-1,1
TraesCS7A02G356000,0,1,-1,1
TraesCS7A02G365900,0,1,-1,1
TraesCS7A02G500900,1,2,-1,1
TraesCS7B02G015400,0,1,-1,1
TraesCS7B02G307500,0,1,-1,1
TraesCS7B02G454700,1,2,-1,1
TraesCS7D02G073600,0,1,-1,1
TraesCS7D02G114200,0,1,-1,1
TraesCS7D02G211100,0,1,-1,1
TraesCS7D02G235200,0,1,-1,1
TraesCS7D02G240100,0,1,-1,1
TraesCS7D02G252900,0,1,-1,1
TraesCS7D02G345800,0,1,-1,1
TraesCS7D02G346400,0,1,-1,1
TraesCS7D02G393200,0,1,-1,1
TraesCS7D02G422400,1,2,-1,1
TraesCS1A02G175700,0,1,-1,1
TraesCS1A02G183900,0,1,-1,1
TraesCS1A02G223700,0,1,-1,1
TraesCS1A02G249500,2,3,-1,1
TraesCS1B02G090500,0,1,-1,1
TraesCS1B02G148200,0,1,-1,1
TraesCS1B02G157900,1,2,-1,1
TraesCS1B02G158600,0,1,-1,1
TraesCS1B02G312800,1,2,-1,1
TraesCS1B02G315300,1,2,-1,1
TraesCS1D02G083100,1,2,-1,1
TraesCS1D02G192800,0,1,-1,1
TraesCS1D02G346900,0,1,-1,1
TraesCS2A02G156100,0,1,-1,1
TraesCS2A02G182800,0,1,-1,1
TraesCS2A02G221100,0,1,-1,1
TraesCS2A02G337300,0,1,-1,1
TraesCS2A02G364500,0,1,-1,1
TraesCS2A02G463500,0,1,-1,1
TraesCS2B02G148700,0,1,-1,1
TraesCS2B02G181600,0,1,-1,1
TraesCS2B02G229900,2,3,-1,1
TraesCS2B02G286300,0,1,-1,1
TraesCS2B02G401900,0,1,-1,1
TraesCS2B02G411000,0,1,-1,1
TraesCS2B02G413600,0,1,-1,1
TraesCS2B02G495700,0,1,-1,1
TraesCS2D02G161900,0,1,-1,1
TraesCS2D02G325600,0,1,-1,1
TraesCS2D02G331200,0,1,-1,1
TraesCS3A02G313200,0,1,-1,1
TraesCS3A02G355800,0,1,-1,1
TraesCS3B02G195600,1,2,-1,1
TraesCS3B02G563600,0,1,-1,1
TraesCS3D02G248300,0,1,-1,1
TraesCS3D02G261500,0,1,-1,1
TraesCS3D02G282300,0,1,-1,1
TraesCS3D02G295300,0,1,-1,1
TraesCS3D02G484800,0,1,-1,1
TraesCS3D02G502100,0,1,-1,1
TraesCS4A02G041600,0,1,-1,1
TraesCS4A02G074800,0,1,-1,1
TraesCS4A02G140000,0,1,-1,1
TraesCS4B02G169800,0,1,-1,1
TraesCS4B02G239900,0,1,-1,1
TraesCS4B02G262600,0,1,-1,1
TraesCS4D02G166200,0,1,-1,1
TraesCS4D02G262700,0,1,-1,1
TraesCS4D02G281500,1,2,-1,1
TraesCS5A02G103500,1,2,-1,1
TraesCS5A02G118800,0,1,-1,1
TraesCS5A02G212500,0,1,-1,1
TraesCS5A02G515400,0,1,-1,1
TraesCS5B02G062500,0,1,-1,1
TraesCS5B02G074700,0,1,-1,1
TraesCS5B02G387100,0,1,-1,1
TraesCS5D02G083100,0,1,-1,1
TraesCS5D02G245800,2,3,-1,1
TraesCS5D02G336600,0,1,-1,1
TraesCS5D02G386900,0,1,-1,1
TraesCS5D02G392100,0,1,-1,1
TraesCS5D02G443300,0,1,-1,1
TraesCS6A02G122300,0,1,-1,1
TraesCS6A02G213700,0,1,-1,1
TraesCS6A02G227200,0,1,-1,1
TraesCS6A02G272200,0,1,-1,1
TraesCS6B02G209400,0,1,-1,1
TraesCS6B02G344300,0,1,-1,1
TraesCS6D02G142200,0,1,-1,1
TraesCS6D02G196300,0,1,-1,1
TraesCS6D02G250300,0,1,-1,1
TraesCS6D02G293900,0,1,-1,1
TraesCS7A02G162000,0,1,-1,1
TraesCS7A02G255500,0,1,-1,1
TraesCS7A02G362600,0,1,-1,1
TraesCS7A02G480700,0,1,-1,1
TraesCS7B02G382800,0,1,-1,1
TraesCS7B02G404000,1,2,-1,1
TraesCS7D02G185100,1,2,-1,1
TraesCS7D02G265800,0,1,-1,1
TraesCS7D02G323500,0,1,-1,1
TraesCS7D02G360500,0,1,-1,1
TraesCS7D02G467500,0,1,-1,1
TraesCSU02G026400,0,1,-1,1
TraesCS1A02G141300,0,1,-1,1
TraesCS1B02G093800,0,1,-1,1
TraesCS1B02G249100,0,1,-1,1
TraesCS1B02G361500,0,1,-1,1
TraesCS1D02G247700,0,1,-1,1
TraesCS1D02G283900,0,1,-1,1
TraesCS1D02G320800,0,1,-1,1
TraesCS1D02G341600,0,1,-1,1
TraesCS1D02G381400,0,1,-1,1
TraesCS1D02G416200,0,1,-1,1
TraesCS2A02G039400,0,1,-1,1
TraesCS2A02G070700,0,1,-1,1
TraesCS2A02G175600,1,2,-1,1
TraesCS2A02G359600,0,1,-1,1
TraesCS2A02G368700,0,1,-1,1
TraesCS2A02G373900,0,1,-1,1
TraesCS2A02G384300,2,3,-1,1
TraesCS2A02G384400,0,1,-1,1
TraesCS2B02G315600,2,3,-1,1
TraesCS2B02G519900,0,1,-1,1
TraesCS2D02G009200,5,6,-1,1
TraesCS2D02G085800,0,1,-1,1
TraesCS2D02G095800,0,1,-1,1
TraesCS2D02G203200,0,1,-1,1
TraesCS2D02G272400,0,1,-1,1
TraesCS2D02G311900,1,2,-1,1
TraesCS2D02G352500,3,4,-1,1
TraesCS2D02G364600,2,3,-1,1
TraesCS2D02G381100,0,1,-1,1
TraesCS2D02G496500,0,1,-1,1
TraesCS3A02G072900,0,1,-1,1
TraesCS3A02G143100,9,10,-1,1
TraesCS3A02G189500,0,1,-1,1
TraesCS3A02G325200,0,1,-1,1
TraesCS3A02G350400,0,1,-1,1
TraesCS3A02G484400,0,1,-1,1
TraesCS3B02G062800,0,1,-1,1
TraesCS3B02G148000,0,1,-1,1
TraesCS3B02G181400,0,1,-1,1
TraesCS3B02G206100,0,1,-1,1
TraesCS3B02G305300,0,1,-1,1
TraesCS3B02G537400,0,1,-1,1
TraesCS3B02G569900,0,1,-1,1
TraesCS3D02G039300,0,1,-1,1
TraesCS3D02G039400,0,1,-1,1
TraesCS3D02G052100,0,1,-1,1
TraesCS3D02G141300,0,1,-1,1
TraesCS3D02G144500,2,3,-1,1
TraesCS3D02G156500,0,1,-1,1
TraesCS3D02G171600,0,1,-1,1
TraesCS3D02G236100,0,1,-1,1
TraesCS3D02G237800,1,2,-1,1
TraesCS3D02G294900,0,1,-1,1
TraesCS4A02G050500,0,1,-1,1
TraesCS4A02G107200,6,7,-1,1
TraesCS4A02G132500,0,1,-1,1
TraesCS4A02G187100,0,1,-1,1
TraesCS4A02G196000,1,2,-1,1
TraesCS4A02G241700,1,2,-1,1
TraesCS4A02G337200,0,1,-1,1
TraesCS4A02G395100,0,1,-1,1
TraesCS4A02G400900,0,1,-1,1
TraesCS4A02G446500,4,5,-1,1
TraesCS4B02G061300,2,3,-1,1
TraesCS4B02G074100,0,1,-1,1
TraesCS4B02G114400,0,1,-1,1
TraesCS4B02G210900,0,1,-1,1
TraesCS4B02G340400,0,1,-1,1
TraesCS4B02G353000,0,1,-1,1
TraesCS4B02G353100,0,1,-1,1
TraesCS4D02G012900,0,1,-1,1
TraesCS4D02G080900,0,1,-1,1
TraesCS4D02G090300,2,3,-1,1
TraesCS4D02G132300,0,1,-1,1
TraesCS4D02G174200,0,1,-1,1
TraesCS4D02G179500,0,1,-1,1
TraesCS4D02G347100,1,2,-1,1
TraesCS5A02G019700,1,2,-1,1
TraesCS5A02G030900,0,1,-1,1
TraesCS5A02G074200,0,1,-1,1
TraesCS5A02G135700,0,1,-1,1
TraesCS5A02G136000,0,1,-1,1
TraesCS5A02G153200,2,3,-1,1
TraesCS5A02G306100,2,3,-1,1
TraesCS5A02G465200,0,1,-1,1
TraesCS5A02G511100,0,1,-1,1
TraesCS5B02G029300,4,5,-1,1
TraesCS5B02G101400,2,3,-1,1
TraesCS5B02G145900,0,1,-1,1
TraesCS5B02G203800,0,1,-1,1
TraesCS5B02G213300,0,1,-1,1
TraesCS5B02G403300,0,1,-1,1
TraesCS5B02G470100,0,1,-1,1
TraesCS5B02G508100,0,1,-1,1
TraesCS5D02G230800,0,1,-1,1
TraesCS5D02G235200,0,1,-1,1
TraesCS5D02G238800,0,1,-1,1
TraesCS5D02G240800,1,2,-1,1
TraesCS5D02G333400,0,1,-1,1
TraesCS5D02G344500,0,1,-1,1
TraesCS5D02G477800,0,1,-1,1
TraesCS6A02G106000,0,1,-1,1
TraesCS6A02G173700,0,1,-1,1
TraesCS6A02G243800,0,1,-1,1
TraesCS6A02G285300,0,1,-1,1
TraesCS6A02G351800,0,1,-1,1
TraesCS6A02G366000,0,1,-1,1
TraesCS6B02G185500,0,1,-1,1
TraesCS6B02G432900,0,1,-1,1
TraesCS6D02G007900,0,1,-1,1
TraesCS6D02G115100,1,2,-1,1
TraesCS6D02G278600,0,1,-1,1
TraesCS6D02G303700,2,3,-1,1
TraesCS6D02G319900,0,1,-1,1
TraesCS7A02G068600,0,1,-1,1
TraesCS7A02G102700,0,1,-1,1
TraesCS7A02G235800,2,3,-1,1
TraesCS7A02G443500,0,1,-1,1
TraesCS7A02G472500,1,2,-1,1
TraesCS7B02G316300,0,1,-1,1
TraesCS7B02G316400,0,1,-1,1
TraesCS7B02G326400,0,1,-1,1
TraesCS7B02G350300,0,1,-1,1
TraesCS7B02G362800,0,1,-1,1
TraesCS7D02G066700,0,1,-1,1
TraesCS7D02G276200,0,1,-1,1
TraesCS7D02G449500,0,1,-1,1
TraesCS7D02G548100,0,1,-1,1
TraesCSU02G106100,2,3,-1,1
TraesCSU02G242100,0,1,-1,1
TraesCS1A02G061700,1,2,-1,1
TraesCS1A02G102900,0,1,-1,1
TraesCS1A02G266900,0,1,-1,1
TraesCS1B02G277800,0,1,-1,1
TraesCS1B02G290500,0,1,-1,1
TraesCS1B02G314700,0,1,-1,1
TraesCS1D02G072200,0,1,-1,1
TraesCS1D02G199300,1,2,-1,1
TraesCS1D02G239000,2,3,-1,1
TraesCS1D02G379800,0,1,-1,1
TraesCS2A02G307100,0,1,-1,1
TraesCS2A02G317300,0,1,-1,1
TraesCS2A02G325100,0,1,-1,1
TraesCS2A02G428400,0,1,-1,1
TraesCS2A02G511300,0,1,-1,1
TraesCS2B02G177500,0,1,-1,1
TraesCS2B02G337800,0,1,-1,1
TraesCS2B02G386900,0,1,-1,1
TraesCS2B02G418400,0,1,-1,1
TraesCS2B02G439900,0,1,-1,1
TraesCS2B02G534200,0,1,-1,1
TraesCS2B02G604300,0,1,-1,1
TraesCS2D02G139400,0,1,-1,1
TraesCS2D02G191800,0,1,-1,1
TraesCS2D02G366100,0,1,-1,1
TraesCS3A02G032200,0,1,-1,1
TraesCS3A02G103800,0,1,-1,1
TraesCS3A02G299000,0,1,-1,1
TraesCS3B02G134300,0,1,-1,1
TraesCS3B02G215800,0,1,-1,1
TraesCS3B02G238500,0,1,-1,1
TraesCS3B02G310000,0,1,-1,1
TraesCS3B02G473000,0,1,-1,1
TraesCS3D02G037000,0,1,-1,1
TraesCS3D02G258000,0,1,-1,1
TraesCS3D02G262900,0,1,-1,1
TraesCS3D02G286900,0,1,-1,1
TraesCS3D02G334200,0,1,-1,1
TraesCS3D02G340900,0,1,-1,1
TraesCS3D02G364300,1,2,-1,1
TraesCS3D02G388100,0,1,-1,1
TraesCS3D02G434400,0,1,-1,1
TraesCS4A02G191600,0,1,-1,1
TraesCS4A02G206300,0,1,-1,1
TraesCS4B02G165700,0,1,-1,1
TraesCS4B02G327800,0,1,-1,1
TraesCS4D02G080600,0,1,-1,1
TraesCS5A02G019300,0,1,-1,1
TraesCS5A02G132300,0,1,-1,1
TraesCS5A02G499900,0,1,-1,1
TraesCS5B02G012000,0,1,-1,1
TraesCS5B02G045800,0,1,-1,1
TraesCS5B02G158100,0,1,-1,1
TraesCS5D02G485300,0,1,-1,1
TraesCS6A02G173000,0,1,-1,1
TraesCS6A02G216800,0,1,-1,1
TraesCS6A02G353200,0,1,-1,1
TraesCS6B02G260800,0,1,-1,1
TraesCS6B02G283600,0,1,-1,1
TraesCS6D02G177100,0,1,-1,1
TraesCS6D02G189100,0,1,-1,1
TraesCS6D02G255200,0,1,-1,1
TraesCS7A02G082300,0,1,-1,1
TraesCS7A02G373600,2,3,-1,1
TraesCS7B02G151300,0,1,-1,1
TraesCS7B02G160200,1,2,-1,1
TraesCS7B02G188900,0,1,-1,1
TraesCS7D02G333200,1,2,-1,1
TraesCS7D02G449400,0,1,-1,1
TraesCS1A02G037400,0,1,-1,1
TraesCS1A02G129400,0,1,-1,1
TraesCS1A02G287100,0,1,-1,1
TraesCS1A02G297500,0,1,-1,1
TraesCS1A02G357300,0,1,-1,1
TraesCS1A02G400200,0,1,-1,1
TraesCS1B02G288700,0,1,-1,1
TraesCS1B02G305000,0,1,-1,1
TraesCS1D02G039000,0,1,-1,1
TraesCS1D02G044700,0,1,-1,1
TraesCS1D02G112800,0,1,-1,1
TraesCS1D02G200600,1,2,-1,1
TraesCS1D02G309900,0,1,-1,1
TraesCS2A02G103300,0,1,-1,1
TraesCS2A02G215900,0,1,-1,1
TraesCS2A02G253200,0,1,-1,1
TraesCS2A02G260000,0,1,-1,1
TraesCS2A02G315000,2,3,-1,1
TraesCS2A02G316100,0,1,-1,1
TraesCS2A02G354000,0,1,-1,1
TraesCS2A02G374700,0,1,-1,1
TraesCS2A02G391400,0,1,-1,1
TraesCS2A02G420800,0,1,-1,1
TraesCS2B02G040000,2,3,-1,1
TraesCS2B02G046900,0,1,-1,1
TraesCS2B02G240800,0,1,-1,1
TraesCS2B02G287200,0,1,-1,1
TraesCS2B02G391700,0,1,-1,1
TraesCS2D02G016900,0,1,-1,1
TraesCS2D02G032800,7,8,-1,1
TraesCS2D02G207900,0,1,-1,1
TraesCS2D02G214300,0,1,-1,1
TraesCS2D02G310600,0,1,-1,1
TraesCS3A02G114500,0,1,-1,1
TraesCS3A02G121400,0,1,-1,1
TraesCS3B02G152200,0,1,-1,1
TraesCS3B02G174000,0,1,-1,1
TraesCS3B02G448800,0,1,-1,1
TraesCS3D02G083700,0,1,-1,1
TraesCS3D02G123500,0,1,-1,1
TraesCS3D02G209200,0,1,-1,1
TraesCS3D02G211000,0,1,-1,1
TraesCS3D02G315700,0,1,-1,1
TraesCS3D02G493700,0,1,-1,1
TraesCS4A02G053500,1,2,-1,1
TraesCS4A02G225200,0,1,-1,1
TraesCS4A02G249600,0,1,-1,1
TraesCS4A02G257400,0,1,-1,1
TraesCS4A02G316300,0,1,-1,1
TraesCS4B02G057200,1,2,-1,1
TraesCS4B02G087200,0,1,-1,1
TraesCS4B02G174300,0,1,-1,1
TraesCS4D02G033300,0,1,-1,1
TraesCS4D02G046700,0,1,-1,1
TraesCS4D02G176300,0,1,-1,1
TraesCS4D02G222900,0,1,-1,1
TraesCS5A02G069600,0,1,-1,1
TraesCS5A02G085300,0,1,-1,1
TraesCS5A02G152300,0,1,-1,1
TraesCS5A02G178300,0,1,-1,1
TraesCS5A02G202100,0,1,-1,1
TraesCS5A02G353700,0,1,-1,1
TraesCS5A02G422300,0,1,-1,1
TraesCS5B02G051300,1,2,-1,1
TraesCS5B02G075900,0,1,-1,1
TraesCS5B02G098100,0,1,-1,1
TraesCS5D02G116600,2,3,-1,1
TraesCS6A02G144900,0,1,-1,1
TraesCS6A02G188400,0,1,-1,1
TraesCS6D02G133900,0,1,-1,1
TraesCS6D02G297500,0,1,-1,1
TraesCS6D02G318600,0,1,-1,1
TraesCS7A02G301700,0,1,-1,1
TraesCS7A02G456000,0,1,-1,1
TraesCS7B02G022000,0,1,-1,1
TraesCS7B02G071000,0,1,-1,1
TraesCS7B02G116700,0,1,-1,1
TraesCS7B02G136600,0,1,-1,1
TraesCS7B02G157000,0,1,-1,1
TraesCS7B02G388000,0,1,-1,1
TraesCS7B02G445300,0,1,-1,1
TraesCS7D02G004100,0,1,-1,1
TraesCS7D02G064300,1,2,-1,1
TraesCS7D02G273600,0,1,-1,1
TraesCS2B02G185600,0,0,0,0
TraesCS2D02G167000,0,0,0,0
TraesCS5B02G514700,0,0,0,0
TraesCS2A02G009100,0,0,0,0
TraesCS2A02G077500,0,0,0,0
TraesCS2D02G148000,0,0,0,0
TraesCS2D02G158500,1,1,0,0
TraesCS2D02G560000,2,2,0,0
TraesCS3A02G285500,1,1,0,0
TraesCS3B02G319400,1,1,0,0
TraesCS4A02G055500,1,1,0,0
TraesCS4A02G198300,1,1,0,0
TraesCS4A02G214700,0,0,0,0
TraesCS4A02G363200,2,2,0,0
TraesCS4B02G301400,1,1,0,0
TraesCS5A02G090100,0,0,0,0
TraesCS5A02G363700,0,0,0,0
TraesCS5A02G516600,0,0,0,0
TraesCS5B02G365800,0,0,0,0
TraesCS5D02G077900,0,0,0,0
TraesCS5D02G102200,0,0,0,0
TraesCS5D02G514900,1,1,0,0
TraesCS5D02G515100,0,0,0,0
TraesCS5D02G515200,0,0,0,0
TraesCS6A02G176600,0,0,0,0
TraesCS6A02G213000,0,0,0,0
TraesCS7A02G417300,1,1,0,0
TraesCS7B02G085000,1,1,0,0
TraesCS7D02G020700,0,0,0,0
TraesCS7D02G057400,0,0,0,0
TraesCS7D02G388100,1,1,0,0
TraesCS1B02G233300,1,1,0,0
TraesCS1B02G254300,0,0,0,0
TraesCS1B02G307000,1,1,0,0
TraesCS1B02G392000,14,14,0,0
TraesCS1D02G223600,1,1,0,0
TraesCS2A02G288000,1,1,0,0
TraesCS2A02G427700,1,1,0,0
TraesCS2B02G221700,0,0,0,0
TraesCS2B02G534000,4,4,0,0
TraesCS2D02G357600,1,1,0,0
TraesCS2D02G425700,0,0,0,0
TraesCS2D02G503900,0,0,0,0
TraesCS3A02G328000,1,1,0,0
TraesCS3B02G115400,1,1,0,0
TraesCS3B02G357600,0,0,0,0
TraesCS3D02G321500,1,1,0,0
TraesCS4A02G035400,1,1,0,0
TraesCS4B02G122100,1,1,0,0
TraesCS4B02G215800,0,0,0,0
TraesCS4D02G002400,0,0,0,0
TraesCS4D02G216300,0,0,0,0
TraesCS5A02G141700,0,0,0,0
TraesCS5A02G310000,0,0,0,0
TraesCS5A02G311300,1,1,0,0
TraesCS5B02G311400,1,1,0,0
TraesCS5D02G318100,1,1,0,0
TraesCS6A02G250900,1,1,0,0
TraesCS6A02G251000,1,1,0,0
TraesCS6B02G125900,2,2,0,0
TraesCS6B02G210300,0,0,0,0
TraesCS6B02G263800,1,1,0,0
TraesCS6B02G274200,0,0,0,0
TraesCS6D02G161300,1,1,0,0
TraesCS6D02G225500,0,0,0,0
TraesCS6D02G232700,1,1,0,0
TraesCS6D02G281200,1,1,0,0
TraesCS7A02G292900,1,1,0,0
TraesCS7B02G074500,1,1,0,0
TraesCS7D02G127600,1,1,0,0
TraesCS7D02G182700,0,0,0,0
TraesCS7D02G292500,0,0,0,0
TraesCS1A02G156600,0,0,0,0
TraesCS2D02G307600,0,0,0,0
TraesCS3A02G246000,0,0,0,0
TraesCS3D02G292100,0,0,0,0
TraesCS3D02G434700,0,0,0,0
TraesCS5D02G045700,1,1,0,0
TraesCS7B02G363100,0,0,0,0
TraesCS7D02G250100,1,1,0,0
TraesCS7D02G409700,0,0,0,0
TraesCS7D02G449900,0,0,0,0
TraesCS7D02G463000,1,1,0,0
TraesCS6A02G189700,0,0,0,0
TraesCS6D02G180000,0,0,0,0
TraesCS3B02G435700,1,1,0,0
TraesCS4A02G235100,0,0,0,0
TraesCS4B02G224600,0,0,0,0
TraesCS2D02G199900,1,1,0,0
TraesCS7B02G272900,1,1,0,0
TraesCS1A02G193200,0,0,0,0
TraesCS1B02G113100,0,0,0,0
TraesCS2B02G273500,1,1,0,0
TraesCS3D02G210600,0,0,0,0
TraesCS3D02G434900,2,2,0,0
TraesCS4A02G257900,0,0,0,0
TraesCS4B02G332000,2,2,0,0
TraesCS4D02G056900,0,0,0,0
TraesCS4D02G237100,0,0,0,0
TraesCS5A02G225700,0,0,0,0
TraesCS5A02G515800,1,1,0,0
TraesCS5B02G229000,1,1,0,0
TraesCS5B02G380200,1,1,0,0
TraesCS5B02G422000,1,1,0,0
TraesCS5D02G428400,1,1,0,0
TraesCS6B02G142000,3,3,0,0
TraesCS6B02G411300,0,0,0,0
TraesCS6D02G270900,1,1,0,0
TraesCS6D02G294900,0,0,0,0
TraesCS6D02G341200,0,0,0,0
TraesCS7A02G543300,0,0,0,0
TraesCS7B02G026300,1,1,0,0
TraesCS7B02G145800,0,0,0,0
TraesCS7D02G308300,0,0,0,0
TraesCS2A02G251100,1,1,0,0
TraesCS2B02G062900,0,0,0,0
TraesCS2B02G265800,1,1,0,0
TraesCS2D02G049400,0,0,0,0
TraesCS3A02G436100,1,1,0,0
TraesCS3B02G164500,0,0,0,0
TraesCS3D02G428700,1,1,0,0
TraesCS4B02G093700,2,2,0,0
TraesCS5A02G121800,1,1,0,0
TraesCS5B02G117100,1,1,0,0
TraesCS5D02G040100,1,1,0,0
TraesCS2A02G353900,4,4,0,0
TraesCS4B02G045700,1,1,0,0
TraesCS4D02G046200,1,1,0,0
TraesCS5B02G163500,1,1,0,0
TraesCS6A02G150900,0,0,0,0
TraesCS6A02G293200,1,1,0,0
TraesCS6B02G179000,1,1,0,0
TraesCS6B02G248400,0,0,0,0
TraesCS7A02G218600,0,0,0,0
TraesCS2A02G225900,0,0,0,0
TraesCS2A02G590800,1,1,0,0
TraesCS2A02G591100,1,1,0,0
TraesCS2A02G591200,0,0,0,0
TraesCS2B02G592800,1,1,0,0
TraesCS2D02G231600,0,0,0,0
TraesCS2D02G399500,0,0,0,0
TraesCS2D02G563000,0,0,0,0
TraesCS2D02G563100,0,0,0,0
TraesCS3B02G305400,0,0,0,0
TraesCS3D02G271300,0,0,0,0
TraesCS3D02G537400,0,0,0,0
TraesCS5A02G479400,0,0,0,0
TraesCS5B02G492600,1,1,0,0
TraesCS6A02G274000,0,0,0,0
TraesCS6B02G270100,0,0,0,0
TraesCS7D02G215300,0,0,0,0
TraesCS1D02G106100,1,1,0,0
TraesCS2B02G406400,0,0,0,0
TraesCS2B02G410200,0,0,0,0
TraesCS3A02G538400,1,1,0,0
TraesCS4B02G099500,1,1,0,0
TraesCS7B02G264800,3,3,0,0
TraesCS2A02G386200,1,1,0,0
TraesCS5B02G373600,1,1,0,0
TraesCS5D02G033700,1,1,0,0
TraesCS5D02G380900,1,1,0,0
TraesCS1A02G397300,0,0,0,0
TraesCS1B02G444500,0,0,0,0
TraesCS1B02G480400,0,0,0,0
TraesCS2D02G101800,1,1,0,0
TraesCS3B02G237800,0,0,0,0
TraesCS3D02G177700,1,1,0,0
TraesCS4A02G190800,1,1,0,0
TraesCS4A02G276700,0,0,0,0
TraesCS4B02G124600,0,0,0,0
TraesCS4D02G034300,0,0,0,0
TraesCS4D02G122500,0,0,0,0
TraesCS5A02G121100,0,0,0,0
TraesCS5A02G267500,1,1,0,0
TraesCS5A02G423300,0,0,0,0
TraesCS5B02G502600,0,0,0,0
TraesCS5D02G148600,0,0,0,0
TraesCS5D02G431900,0,0,0,0
TraesCS7A02G228200,0,0,0,0
TraesCS3D02G426700,1,1,0,0
TraesCS2A02G359400,0,0,0,0
TraesCS3D02G347000,0,0,0,0
TraesCS4A02G277300,1,1,0,0
TraesCS4D02G033700,1,1,0,0
TraesCS5A02G043300,0,0,0,0
TraesCS1D02G310200,0,0,0,0
TraesCS5A02G256500,1,1,0,0
TraesCS5B02G255900,1,1,0,0
TraesCS5D02G265000,1,1,0,0
TraesCS7A02G239500,0,0,0,0
TraesCS7A02G475400,1,1,0,0
TraesCS7B02G135000,1,1,0,0
TraesCS7D02G463100,1,1,0,0
TraesCS1B02G462600,0,0,0,0
TraesCS1B02G462900,0,0,0,0
TraesCS1D02G329200,0,0,0,0
TraesCS3D02G297000,0,0,0,0
TraesCS4B02G028500,1,1,0,0
TraesCS5D02G065300,1,1,0,0
TraesCS1A02G262500,1,1,0,0
TraesCS1B02G273000,1,1,0,0
TraesCS1B02G273100,1,1,0,0
TraesCS1D02G262500,1,1,0,0
TraesCS2A02G031800,0,0,0,0
TraesCS2B02G313600,1,1,0,0
TraesCS7B02G103500,0,0,0,0
TraesCS7D02G199600,0,0,0,0
TraesCS2B02G116900,0,0,0,0
TraesCS4A02G129400,0,0,0,0
TraesCS5A02G265700,0,0,0,0
TraesCS3A02G461400,0,0,0,0
TraesCS3B02G204800,1,1,0,0
TraesCS1A02G019200,0,0,0,0
TraesCS1B02G178800,0,0,0,0
TraesCS1D02G018400,0,0,0,0
TraesCS2A02G317000,1,1,0,0
TraesCS2B02G335400,2,2,0,0
TraesCS2D02G314900,1,1,0,0
TraesCS3A02G174400,1,1,0,0
TraesCS3A02G174900,1,1,0,0
TraesCS3D02G180300,1,1,0,0
TraesCS4B02G129700,0,0,0,0
TraesCS4D02G107100,2,2,0,0
TraesCS7D02G258200,1,1,0,0
TraesCS1B02G268900,1,1,0,0
TraesCS2A02G116100,1,1,0,0
TraesCS2D02G119100,0,0,0,0
TraesCS3A02G361800,0,0,0,0
TraesCS3B02G394200,0,0,0,0
TraesCS3D02G168200,1,1,0,0
TraesCS3D02G531900,0,0,0,0
TraesCS4A02G180900,9,9,0,0
TraesCS5B02G407600,0,0,0,0
TraesCS6A02G266400,0,0,0,0
TraesCS6B02G424600,0,0,0,0
TraesCS6D02G248300,1,1,0,0
TraesCS7D02G294400,1,1,0,0
TraesCS2A02G151700,1,1,0,0
TraesCS2D02G156800,1,1,0,0
TraesCS3A02G042900,1,1,0,0
TraesCS3B02G040600,1,1,0,0
TraesCS3B02G200500,1,1,0,0
TraesCS3D02G037800,1,1,0,0
TraesCS4A02G138100,1,1,0,0
TraesCS4B02G159600,1,1,0,0
TraesCS5D02G022400,1,1,0,0
TraesCS6A02G329300,0,0,0,0
TraesCS7A02G199000,0,0,0,0
TraesCS7D02G170000,1,1,0,0
TraesCS1A02G209400,0,0,0,0
TraesCS3B02G441600,1,1,0,0
TraesCS3D02G354100,1,1,0,0
TraesCS3D02G403100,1,1,0,0
TraesCS4A02G176200,0,0,0,0
TraesCS4A02G176300,1,1,0,0
TraesCS4B02G140800,1,1,0,0
TraesCS4D02G040400,1,1,0,0
TraesCS4D02G127800,1,1,0,0
TraesCS4D02G135500,1,1,0,0
TraesCS5A02G135000,1,1,0,0
TraesCS5B02G143100,0,0,0,0
TraesCS5B02G326400,0,0,0,0
TraesCS5D02G092000,0,0,0,0
TraesCS7A02G059000,0,0,0,0
TraesCS7B02G078300,0,0,0,0
TraesCS2D02G435200,0,0,0,0
TraesCS4A02G434900,1,1,0,0
TraesCS7A02G165600,0,0,0,0
TraesCS7D02G166400,0,0,0,0
TraesCS4A02G040600,1,1,0,0
TraesCS4D02G228800,1,1,0,0
TraesCS5A02G549700,0,0,0,0
TraesCS1D02G341000,0,0,0,0
TraesCS2A02G305400,1,1,0,0
TraesCS2D02G303900,1,1,0,0
TraesCS3B02G258400,0,0,0,0
TraesCS4B02G089700,0,0,0,0
TraesCS5A02G227100,1,1,0,0
TraesCS5D02G149400,0,0,0,0
TraesCS6D02G253700,1,1,0,0
TraesCSU02G070700,3,3,0,0
TraesCS1D02G220900,1,1,0,0
TraesCS3A02G231600,3,3,0,0
TraesCS5D02G235300,0,0,0,0
TraesCS5D02G323100,1,1,0,0
TraesCS6A02G290800,1,1,0,0
TraesCS1B02G208400,0,0,0,0
TraesCS3B02G331200,0,0,0,0
TraesCS6A02G324500,2,2,0,0
TraesCS7B02G072700,2,2,0,0
TraesCS2D02G195100,0,0,0,0
TraesCS7D02G270600,1,1,0,0
TraesCS1D02G382900,1,1,0,0
TraesCS2D02G399000,0,0,0,0
TraesCS3B02G314600,0,0,0,0
TraesCS3D02G289000,0,0,0,0
TraesCS4A02G027700,1,1,0,0
TraesCS4B02G385800,1,1,0,0
TraesCS5A02G237900,1,1,0,0
TraesCS5A02G314700,1,1,0,0
TraesCS5A02G383800,0,0,0,0
TraesCS5B02G236100,1,1,0,0
TraesCS5D02G243900,1,1,0,0
TraesCS5D02G553300,0,0,0,0
TraesCS6A02G098800,0,0,0,0
TraesCS6B02G127000,1,1,0,0
TraesCS6B02G024100,1,1,0,0
TraesCS3A02G434900,0,0,0,0
TraesCS1A02G125800,1,1,0,0
TraesCS1A02G199600,0,0,0,0
TraesCS2A02G261200,0,0,0,0
TraesCS2D02G181400,0,0,0,0
TraesCS3A02G090300,0,0,0,0
TraesCS3D02G284200,0,0,0,0
TraesCS4B02G245700,0,0,0,0
TraesCS4B02G346700,0,0,0,0
TraesCS4D02G276100,0,0,0,0
TraesCS5A02G117500,0,0,0,0
TraesCS6A02G011700,1,1,0,0
TraesCS6B02G186700,0,0,0,0
TraesCS1B02G263300,0,0,0,0
TraesCS1B02G269200,1,1,0,0
TraesCS1B02G325200,1,1,0,0
TraesCS1B02G399400,0,0,0,0
TraesCS1D02G258000,1,1,0,0
TraesCS1D02G313900,0,0,0,0
TraesCS1D02G420700,1,1,0,0
TraesCS2D02G528700,1,1,0,0
TraesCS4A02G023900,0,0,0,0
TraesCS4A02G234300,0,0,0,0
TraesCS4A02G390500,0,0,0,0
TraesCS4B02G103900,1,1,0,0
TraesCS5A02G239900,1,1,0,0
TraesCS5D02G030400,1,1,0,0
TraesCS6A02G019500,1,1,0,0
TraesCS6A02G030000,1,1,0,0
TraesCS6A02G031600,1,1,0,0
TraesCS6A02G066800,0,0,0,0
TraesCS6A02G201500,1,1,0,0
TraesCS6B02G022000,1,1,0,0
TraesCS6B02G023000,1,1,0,0
TraesCS6B02G023400,1,1,0,0
TraesCS6B02G023600,0,0,0,0
TraesCS6B02G025100,0,0,0,0
TraesCS6B02G025200,1,1,0,0
TraesCS6B02G025800,0,0,0,0
TraesCS6B02G025900,1,1,0,0
TraesCS6B02G027400,0,0,0,0
TraesCS6B02G027600,0,0,0,0
TraesCS6B02G029100,0,0,0,0
TraesCS6B02G044900,0,0,0,0
TraesCS6B02G059500,1,1,0,0
TraesCS6B02G059600,0,0,0,0
TraesCS6B02G076700,0,0,0,0
TraesCS6B02G082700,1,1,0,0
TraesCS6B02G090000,0,0,0,0
TraesCS6B02G297700,0,0,0,0
TraesCS6B02G333100,0,0,0,0
TraesCS6B02G333200,1,1,0,0
TraesCS6B02G395300,0,0,0,0
TraesCS6D02G018900,0,0,0,0
TraesCS6D02G020000,1,1,0,0
TraesCS6D02G020200,1,1,0,0
TraesCS6D02G022100,1,1,0,0
TraesCS6D02G022200,1,1,0,0
TraesCS6D02G034700,0,0,0,0
TraesCS6D02G036000,0,0,0,0
TraesCS6D02G036100,0,0,0,0
TraesCS6D02G036500,1,1,0,0
TraesCS6D02G037000,0,0,0,0
TraesCS6D02G283900,0,0,0,0
TraesCS7A02G183700,1,1,0,0
TraesCS7A02G200000,0,0,0,0
TraesCS7A02G250000,1,1,0,0
TraesCS7A02G460800,1,1,0,0
TraesCS7B02G088200,1,1,0,0
TraesCS7B02G106700,0,0,0,0
TraesCS7B02G362000,0,0,0,0
TraesCS7D02G184000,1,1,0,0
TraesCS7D02G185300,0,0,0,0
TraesCS7D02G185400,0,0,0,0
TraesCS7D02G203000,0,0,0,0
TraesCS7D02G248600,0,0,0,0
TraesCS7D02G252100,0,0,0,0
TraesCS1A02G218800,1,1,0,0
TraesCS1A02G366100,0,0,0,0
TraesCS1B02G232800,0,0,0,0
TraesCS1B02G293300,0,0,0,0
TraesCS1B02G383800,1,1,0,0
TraesCS1B02G383900,1,1,0,0
TraesCS1B02G401700,0,0,0,0
TraesCS1B02G451500,1,1,0,0
TraesCS1D02G043300,1,1,0,0
TraesCS1D02G125400,0,0,0,0
TraesCS1D02G220500,1,1,0,0
TraesCS1D02G268900,1,1,0,0
TraesCS1D02G371800,1,1,0,0
TraesCS1D02G428400,1,1,0,0
TraesCS2A02G157600,1,1,0,0
TraesCS2A02G363800,0,0,0,0
TraesCS2A02G370000,0,0,0,0
TraesCS2A02G441300,0,0,0,0
TraesCS2A02G552400,1,1,0,0
TraesCS2B02G178000,1,1,0,0
TraesCS2B02G459800,1,1,0,0
TraesCS2D02G158200,1,1,0,0
TraesCS2D02G378400,0,0,0,0
TraesCS2D02G456900,1,1,0,0
TraesCS3A02G056000,0,0,0,0
TraesCS3A02G107000,1,1,0,0
TraesCS3A02G108000,1,1,0,0
TraesCS3A02G109300,1,1,0,0
TraesCS3A02G251200,2,2,0,0
TraesCS3A02G439500,2,2,0,0
TraesCS3B02G126800,1,1,0,0
TraesCS3B02G128500,1,1,0,0
TraesCS3B02G400500,2,2,0,0
TraesCS3B02G407700,1,1,0,0
TraesCS3B02G416400,0,0,0,0
TraesCS3D02G108000,0,0,0,0
TraesCS3D02G111100,1,1,0,0
TraesCS3D02G353500,0,0,0,0
TraesCS3D02G360500,1,1,0,0
TraesCS3D02G432300,0,0,0,0
TraesCS4A02G217800,1,1,0,0
TraesCS4A02G452600,0,0,0,0
TraesCS4B02G096500,1,1,0,0
TraesCS4D02G092900,1,1,0,0
TraesCS4D02G102100,3,3,0,0
TraesCS4D02G224500,1,1,0,0
TraesCS5B02G157300,1,1,0,0
TraesCS5B02G226100,1,1,0,0
TraesCS5D02G093100,1,1,0,0
TraesCS5D02G095600,1,1,0,0
TraesCS5D02G183000,0,0,0,0
TraesCS5D02G234800,1,1,0,0
TraesCS5D02G335700,0,0,0,0
TraesCS6A02G224400,0,0,0,0
TraesCS6A02G236700,1,1,0,0
TraesCS6A02G269000,1,1,0,0
TraesCS6B02G228500,1,1,0,0
TraesCS6D02G179100,1,1,0,0
TraesCS6D02G210500,0,0,0,0
TraesCS6D02G239800,0,0,0,0
TraesCS7A02G145200,0,0,0,0
TraesCS7A02G272100,1,1,0,0
TraesCS7A02G306100,1,1,0,0
TraesCS7B02G047400,0,0,0,0
TraesCS7B02G187400,1,1,0,0
TraesCS7B02G372500,1,1,0,0
TraesCS7D02G135700,5,5,0,0
TraesCS1B02G192200,0,0,0,0
TraesCS2B02G067400,0,0,0,0
TraesCS2B02G118200,1,1,0,0
TraesCS2B02G118500,1,1,0,0
TraesCS2B02G399700,0,0,0,0
TraesCS2B02G616900,0,0,0,0
TraesCS2D02G100900,1,1,0,0
TraesCS2D02G334800,0,0,0,0
TraesCS3A02G245900,0,0,0,0
TraesCS3A02G403300,0,0,0,0
TraesCS3B02G126200,0,0,0,0
TraesCS3B02G208300,0,0,0,0
TraesCS3B02G371200,1,1,0,0
TraesCS3B02G421300,0,0,0,0
TraesCS3B02G436900,1,1,0,0
TraesCS3D02G398200,1,1,0,0
TraesCS3D02G401200,1,1,0,0
TraesCS4D02G325700,5,5,0,0
TraesCS5A02G500500,1,1,0,0
TraesCS5B02G290200,2,2,0,0
TraesCS5D02G481200,1,1,0,0
TraesCS6A02G406700,0,0,0,0
TraesCS6B02G433100,1,1,0,0
TraesCS7B02G365300,1,1,0,0
TraesCS7D02G263800,1,1,0,0
TraesCS7D02G451700,1,1,0,0
TraesCS3A02G497900,1,1,0,0
TraesCS6A02G264400,1,1,0,0
TraesCS2D02G079600,1,1,0,0
TraesCS4A02G105300,1,1,0,0
TraesCS4D02G199600,1,1,0,0
TraesCS6B02G253900,1,1,0,0
TraesCS6D02G207100,1,1,0,0
TraesCS7B02G162700,0,0,0,0
TraesCS2B02G422300,1,1,0,0
TraesCS2B02G422400,0,0,0,0
TraesCS3A02G159600,0,0,0,0
TraesCS3D02G166900,1,1,0,0
TraesCS4A02G230700,1,1,0,0
TraesCS4D02G322400,1,1,0,0
TraesCS5A02G497800,1,1,0,0
TraesCS5B02G512800,0,0,0,0
TraesCS5D02G513300,0,0,0,0
TraesCS6A02G155300,1,1,0,0
TraesCS6D02G098500,1,1,0,0
TraesCS7A02G208000,1,1,0,0
TraesCS7B02G115200,1,1,0,0
TraesCS7B02G142200,0,0,0,0
TraesCS7D02G210400,1,1,0,0
TraesCS7D02G248000,1,1,0,0
TraesCS1B02G461600,1,1,0,0
TraesCS1D02G440900,0,0,0,0
TraesCS4B02G209300,1,1,0,0
TraesCS4D02G210000,1,1,0,0
TraesCS7A02G297900,1,1,0,0
TraesCS7B02G184800,1,1,0,0
TraesCS7D02G292000,1,1,0,0
TraesCS5D02G124700,1,1,0,0
TraesCSU02G136000,1,1,0,0
TraesCS1A02G241400,0,0,0,0
TraesCS5A02G319200,1,1,0,0
TraesCS5D02G325400,1,1,0,0
TraesCS3A02G400400,1,1,0,0
TraesCS3A02G413600,0,0,0,0
TraesCS3B02G433400,1,1,0,0
TraesCS3D02G408100,1,1,0,0
TraesCS6A02G107300,0,0,0,0
TraesCS6B02G135800,0,0,0,0
TraesCS6D02G095400,0,0,0,0
TraesCS7D02G407600,0,0,0,0
TraesCS2A02G169300,1,1,0,0
TraesCS2B02G195600,1,1,0,0
TraesCS2D02G176800,1,1,0,0
TraesCS2D02G507200,1,1,0,0
TraesCS5B02G211000,0,0,0,0
TraesCS1A02G333900,0,0,0,0
TraesCS3B02G411000,0,0,0,0
TraesCS3D02G371600,1,1,0,0
TraesCS4D02G164200,1,1,0,0
TraesCS6A02G149400,0,0,0,0
TraesCS6A02G272800,1,1,0,0
TraesCS6B02G300200,1,1,0,0
TraesCS4A02G395700,1,1,0,0
TraesCS7A02G095300,1,1,0,0
TraesCS7D02G091500,1,1,0,0
TraesCS1A02G070400,1,1,0,0
TraesCS1A02G410500,0,0,0,0
TraesCS1D02G418400,0,0,0,0
TraesCS2A02G261900,0,0,0,0
TraesCS2A02G433000,1,1,0,0
TraesCS2D02G168600,0,0,0,0
TraesCS2D02G262100,1,1,0,0
TraesCS3A02G111200,0,0,0,0
TraesCS3A02G242500,1,1,0,0
TraesCS3A02G360900,0,0,0,0
TraesCS3B02G379200,1,1,0,0
TraesCS3D02G113200,0,0,0,0
TraesCS3D02G173300,0,0,0,0
TraesCS3D02G242500,1,1,0,0
TraesCS3D02G289500,1,1,0,0
TraesCS3D02G341100,1,1,0,0
TraesCS5A02G185700,1,1,0,0
TraesCS5A02G344100,0,0,0,0
TraesCS5B02G154900,0,0,0,0
TraesCS5D02G266300,0,0,0,0
TraesCS5D02G404400,1,1,0,0
TraesCS6A02G146900,1,1,0,0
TraesCS7D02G124300,0,0,0,0
TraesCS1A02G065700,0,0,0,0
TraesCS1A02G120100,0,0,0,0
TraesCS1A02G122000,1,1,0,0
TraesCS1A02G215400,0,0,0,0
TraesCS1B02G017900,0,0,0,0
TraesCS1B02G031500,1,1,0,0
TraesCS1B02G057800,0,0,0,0
TraesCS1B02G073800,0,0,0,0
TraesCS1B02G078800,1,1,0,0
TraesCS1B02G090600,1,1,0,0
TraesCS1B02G094600,0,0,0,0
TraesCS1B02G104600,1,1,0,0
TraesCS1B02G113300,1,1,0,0
TraesCS1B02G115400,0,0,0,0
TraesCS1B02G121500,0,0,0,0
TraesCS1B02G130900,1,1,0,0
TraesCS1B02G132800,1,1,0,0
TraesCS1B02G135900,1,1,0,0
TraesCS1B02G139600,0,0,0,0
TraesCS1B02G269500,0,0,0,0
TraesCS1B02G327600,1,1,0,0
TraesCS1B02G374200,1,1,0,0
TraesCS1D02G131700,0,0,0,0
TraesCS2A02G016400,0,0,0,0
TraesCS2A02G229200,1,1,0,0
TraesCS2A02G254300,1,1,0,0
TraesCS2A02G286000,0,0,0,0
TraesCS2A02G304800,0,0,0,0
TraesCS2A02G517500,0,0,0,0
TraesCS2A02G552800,1,1,0,0
TraesCS2A02G593700,0,0,0,0
TraesCS2B02G373400,0,0,0,0
TraesCS2B02G483600,0,0,0,0
TraesCS2D02G226100,0,0,0,0
TraesCS2D02G227700,1,1,0,0
TraesCS3B02G006500,1,1,0,0
TraesCS3B02G080400,0,0,0,0
TraesCS3B02G107300,0,0,0,0
TraesCS3B02G318600,0,0,0,0
TraesCS3B02G564200,1,1,0,0
TraesCS3D02G018800,1,1,0,0
TraesCS3D02G019700,1,1,0,0
TraesCS3D02G022900,1,1,0,0
TraesCS3D02G023500,1,1,0,0
TraesCS3D02G060900,1,1,0,0
TraesCS3D02G107100,0,0,0,0
TraesCS3D02G129400,1,1,0,0
TraesCS3D02G330600,1,1,0,0
TraesCS4A02G156900,1,1,0,0
TraesCS4A02G173100,1,1,0,0
TraesCS4A02G266400,1,1,0,0
TraesCS4B02G163600,0,0,0,0
TraesCS4B02G193500,1,1,0,0
TraesCS4B02G334800,1,1,0,0
TraesCS4D02G255600,1,1,0,0
TraesCS5B02G031700,0,0,0,0
TraesCS5B02G457700,0,0,0,0
TraesCS5B02G487400,1,1,0,0
TraesCS5D02G028500,0,0,0,0
TraesCS6A02G230300,0,0,0,0
TraesCS6B02G132900,1,1,0,0
TraesCS6B02G275600,1,1,0,0
TraesCS6B02G295300,1,1,0,0
TraesCS6B02G366600,1,1,0,0
TraesCS6B02G421000,0,0,0,0
TraesCS6B02G452100,1,1,0,0
TraesCS6B02G453800,1,1,0,0
TraesCS6D02G107900,0,0,0,0
TraesCS6D02G374300,0,0,0,0
TraesCS7A02G001900,1,1,0,0
TraesCS7A02G007500,1,1,0,0
TraesCS7A02G141600,0,0,0,0
TraesCS7A02G301900,0,0,0,0
TraesCS7B02G195400,0,0,0,0
TraesCS7B02G237500,1,1,0,0
TraesCS1A02G025200,1,1,0,0
TraesCS1A02G082600,0,0,0,0
TraesCS1A02G184500,0,0,0,0
TraesCS1B02G072000,1,1,0,0
TraesCS1D02G029200,1,1,0,0
TraesCS2A02G246400,1,1,0,0
TraesCS2A02G347300,2,2,0,0
TraesCS2A02G474800,0,0,0,0
TraesCS2A02G519600,1,1,0,0
TraesCS2B02G172700,1,1,0,0
TraesCS2B02G255800,1,1,0,0
TraesCS2D02G111500,0,0,0,0
TraesCS2D02G332000,1,1,0,0
TraesCS2D02G471900,0,0,0,0
TraesCS2D02G549300,1,1,0,0
TraesCS3A02G036100,0,0,0,0
TraesCS3A02G095800,1,1,0,0
TraesCS3A02G134100,0,0,0,0
TraesCS3A02G138100,1,1,0,0
TraesCS3A02G144000,0,0,0,0
TraesCS3A02G201700,0,0,0,0
TraesCS3B02G113400,1,1,0,0
TraesCS3B02G503300,1,1,0,0
TraesCS3D02G003800,1,1,0,0
TraesCS3D02G015100,0,0,0,0
TraesCS3D02G148400,0,0,0,0
TraesCS4A02G363900,0,0,0,0
TraesCS4A02G410700,1,1,0,0
TraesCS4A02G473400,1,1,0,0
TraesCS4B02G097000,1,1,0,0
TraesCS4B02G285100,1,1,0,0
TraesCS4D02G165800,0,0,0,0
TraesCS5A02G027400,1,1,0,0
TraesCS5A02G119300,1,1,0,0
TraesCS5B02G023900,0,0,0,0
TraesCS5B02G231400,1,1,0,0
TraesCS5B02G313600,0,0,0,0
TraesCS5B02G332200,1,1,0,0
TraesCS5B02G339200,1,1,0,0
TraesCS5B02G340800,0,0,0,0
TraesCS5B02G384200,0,0,0,0
TraesCS5D02G343700,1,1,0,0
TraesCS5D02G482000,1,1,0,0
TraesCS6A02G089100,1,1,0,0
TraesCS6A02G094000,0,0,0,0
TraesCS6A02G144300,0,0,0,0
TraesCS6A02G399600,1,1,0,0
TraesCS6A02G403600,0,0,0,0
TraesCS6A02G407300,0,0,0,0
TraesCS6B02G059400,1,1,0,0
TraesCS6B02G290600,0,0,0,0
TraesCS7A02G122500,1,1,0,0
TraesCS7A02G135700,1,1,0,0
TraesCS7A02G162800,2,2,0,0
TraesCS7A02G273400,1,1,0,0
TraesCS7A02G299700,1,1,0,0
TraesCS7B02G016800,1,1,0,0
TraesCS7B02G282400,1,1,0,0
TraesCS7B02G443700,1,1,0,0
TraesCS7B02G502100,0,0,0,0
TraesCS7D02G098800,0,0,0,0
TraesCS1A02G142700,1,1,0,0
TraesCS1A02G201000,1,1,0,0
TraesCS1A02G210400,0,0,0,0
TraesCS1A02G368100,0,0,0,0
TraesCS1A02G409200,0,0,0,0
TraesCS1B02G001800,1,1,0,0
TraesCS1B02G024500,1,1,0,0
TraesCS1B02G060100,1,1,0,0
TraesCS1B02G131300,1,1,0,0
TraesCS1B02G189500,1,1,0,0
TraesCS1B02G224300,0,0,0,0
TraesCS1B02G337400,0,0,0,0
TraesCS1B02G401600,0,0,0,0
TraesCS1D02G008100,0,0,0,0
TraesCS1D02G067600,0,0,0,0
TraesCS2A02G295100,0,0,0,0
TraesCS2A02G531400,0,0,0,0
TraesCS2A02G585500,0,0,0,0
TraesCS2A02G588000,0,0,0,0
TraesCS2A02G590300,1,1,0,0
TraesCS2B02G162100,0,0,0,0
TraesCS2B02G165000,1,1,0,0
TraesCS2B02G376800,1,1,0,0
TraesCS2B02G395900,1,1,0,0
TraesCS2B02G486900,0,0,0,0
TraesCS2B02G517500,1,1,0,0
TraesCS2B02G628600,0,0,0,0
TraesCS2D02G061700,1,1,0,0
TraesCS2D02G231100,0,0,0,0
TraesCS3A02G217200,1,1,0,0
TraesCS3A02G305900,1,1,0,0
TraesCS3B02G007600,0,0,0,0
TraesCS3B02G152300,1,1,0,0
TraesCS3B02G259400,1,1,0,0
TraesCS3B02G264800,1,1,0,0
TraesCS3B02G437400,1,1,0,0
TraesCS3B02G500900,1,1,0,0
TraesCS3D02G005400,0,0,0,0
TraesCS3D02G211400,0,0,0,0
TraesCS4A02G265100,1,1,0,0
TraesCS4A02G321400,0,0,0,0
TraesCS4A02G344900,1,1,0,0
TraesCS4A02G485300,0,0,0,0
TraesCS4B02G044900,0,0,0,0
TraesCS4D02G163900,0,0,0,0
TraesCS4D02G215500,1,1,0,0
TraesCS5A02G120000,1,1,0,0
TraesCS5A02G257300,0,0,0,0
TraesCS5A02G261900,1,1,0,0
TraesCS5A02G497200,1,1,0,0
TraesCS5B02G164100,1,1,0,0
TraesCS5B02G321800,1,1,0,0
TraesCS5B02G328200,1,1,0,0
TraesCS5B02G332100,0,0,0,0
TraesCS5B02G387300,1,1,0,0
TraesCS5B02G418600,1,1,0,0
TraesCS5B02G439400,0,0,0,0
TraesCS5B02G506300,1,1,0,0
TraesCS5D02G134200,0,0,0,0
TraesCS5D02G337200,1,1,0,0
TraesCS5D02G562300,0,0,0,0
TraesCS6A02G050400,0,0,0,0
TraesCS6A02G052100,1,1,0,0
TraesCS6A02G176300,1,1,0,0
TraesCS6B02G110300,0,0,0,0
TraesCS6B02G143800,1,1,0,0
TraesCS6B02G243800,0,0,0,0
TraesCS6B02G304500,1,1,0,0
TraesCS6B02G328500,0,0,0,0
TraesCS6B02G370500,1,1,0,0
TraesCS6B02G444700,1,1,0,0
TraesCS6D02G386100,1,1,0,0
TraesCS6D02G390800,1,1,0,0
TraesCS6D02G394000,0,0,0,0
TraesCS7A02G019000,0,0,0,0
TraesCS7A02G161800,0,0,0,0
TraesCS7B02G053200,0,0,0,0
TraesCS7B02G440000,1,1,0,0
TraesCS7D02G124000,0,0,0,0
TraesCS7D02G149300,0,0,0,0
TraesCSU02G040600,1,1,0,0
TraesCSU02G269900,0,0,0,0
TraesCS1A02G004400,1,1,0,0
TraesCS1A02G111600,0,0,0,0
TraesCS1A02G288700,0,0,0,0
TraesCS1B02G019100,1,1,0,0
TraesCS1B02G081400,1,1,0,0
TraesCS1B02G094700,0,0,0,0
TraesCS1B02G123200,0,0,0,0
TraesCS1B02G128600,1,1,0,0
TraesCS1B02G138000,0,0,0,0
TraesCS1B02G183000,0,0,0,0
TraesCS1B02G204600,0,0,0,0
TraesCS1B02G236500,0,0,0,0
TraesCS1B02G366900,0,0,0,0
TraesCS1D02G147500,0,0,0,0
TraesCS2A02G069500,1,1,0,0
TraesCS2A02G252400,0,0,0,0
TraesCS2A02G336400,0,0,0,0
TraesCS2A02G381700,0,0,0,0
TraesCS2B02G215900,1,1,0,0
TraesCS2B02G271100,0,0,0,0
TraesCS2B02G408800,0,0,0,0
TraesCS2B02G570000,1,1,0,0
TraesCS2D02G016100,0,0,0,0
TraesCS2D02G205800,0,0,0,0
TraesCS2D02G226900,1,1,0,0
TraesCS2D02G521400,1,1,0,0
TraesCS2D02G522200,1,1,0,0
TraesCS3A02G061100,1,1,0,0
TraesCS3B02G073600,0,0,0,0
TraesCS3D02G007600,0,0,0,0
TraesCS4A02G109000,0,0,0,0
TraesCS4A02G414500,0,0,0,0
TraesCS4A02G443800,1,1,0,0
TraesCS4B02G125100,0,0,0,0
TraesCS4B02G176800,1,1,0,0
TraesCS4B02G178900,1,1,0,0
TraesCS4B02G263100,1,1,0,0
TraesCS4D02G081200,0,0,0,0
TraesCS4D02G229600,0,0,0,0
TraesCS4D02G235100,0,0,0,0
TraesCS4D02G276200,1,1,0,0
TraesCS5A02G286500,0,0,0,0
TraesCS5B02G026600,1,1,0,0
TraesCS6A02G186100,1,1,0,0
TraesCS6B02G013400,0,0,0,0
TraesCS6B02G135100,1,1,0,0
TraesCS6B02G149700,1,1,0,0
TraesCS6B02G355400,1,1,0,0
TraesCS6B02G393100,0,0,0,0
TraesCS6D02G002000,0,0,0,0
TraesCS6D02G040500,1,1,0,0
TraesCS6D02G040600,0,0,0,0
TraesCS6D02G041600,1,1,0,0
TraesCS6D02G229600,1,1,0,0
TraesCS6D02G302900,1,1,0,0
TraesCS7A02G109000,0,0,0,0
TraesCS7A02G231600,0,0,0,0
TraesCS7A02G232300,0,0,0,0
TraesCS7A02G341700,0,0,0,0
TraesCS7B02G151900,1,1,0,0
TraesCS7B02G190100,1,1,0,0
TraesCS7B02G282200,0,0,0,0
TraesCS7B02G332200,0,0,0,0
TraesCS7B02G386900,1,1,0,0
TraesCS7D02G145800,0,0,0,0
TraesCS7D02G356900,1,1,0,0
TraesCS1A02G144700,1,1,0,0
TraesCS1A02G186000,1,1,0,0
TraesCS1A02G211600,1,1,0,0
TraesCS1A02G222700,0,0,0,0
TraesCS1A02G283600,0,0,0,0
TraesCS1A02G290500,0,0,0,0
TraesCS1B02G144500,1,1,0,0
TraesCS1B02G236100,1,1,0,0
TraesCS1B02G302600,0,0,0,0
TraesCS1B02G345200,1,1,0,0
TraesCS1B02G464000,1,1,0,0
TraesCS1D02G077400,1,1,0,0
TraesCS1D02G178500,0,0,0,0
TraesCS1D02G191000,0,0,0,0
TraesCS1D02G224400,1,1,0,0
TraesCS1D02G258900,0,0,0,0
TraesCS2A02G030900,0,0,0,0
TraesCS2A02G033000,2,2,0,0
TraesCS2A02G123800,1,1,0,0
TraesCS2A02G249400,1,1,0,0
TraesCS2A02G251600,0,0,0,0
TraesCS2A02G261000,0,0,0,0
TraesCS2A02G275300,0,0,0,0
TraesCS2A02G335600,1,1,0,0
TraesCS2A02G354900,1,1,0,0
TraesCS2A02G473000,1,1,0,0
TraesCS2B02G209800,0,0,0,0
TraesCS2B02G309600,0,0,0,0
TraesCS2D02G346400,0,0,0,0
TraesCS2D02G409400,0,0,0,0
TraesCS2D02G517200,1,1,0,0
TraesCS3A02G100300,0,0,0,0
TraesCS3A02G245809,1,1,0,0
TraesCS3A02G313600,0,0,0,0
TraesCS3A02G364200,2,2,0,0
TraesCS3B02G012500,0,0,0,0
TraesCS3B02G414900,1,1,0,0
TraesCS3B02G438000,0,0,0,0
TraesCS3D02G001400,1,1,0,0
TraesCS3D02G131100,1,1,0,0
TraesCS3D02G167100,0,0,0,0
TraesCS3D02G184000,1,1,0,0
TraesCS3D02G198500,1,1,0,0
TraesCS3D02G210800,2,2,0,0
TraesCS3D02G213600,0,0,0,0
TraesCS3D02G335500,0,0,0,0
TraesCS3D02G357600,1,1,0,0
TraesCS3D02G445400,1,1,0,0
TraesCS4A02G001800,1,1,0,0
TraesCS4A02G075900,0,0,0,0
TraesCS4B02G155300,1,1,0,0
TraesCS4B02G182600,0,0,0,0
TraesCS4B02G294000,1,1,0,0
TraesCS4D02G074500,1,1,0,0
TraesCS4D02G249500,1,1,0,0
TraesCS4D02G267900,1,1,0,0
TraesCS5A02G062000,0,0,0,0
TraesCS5A02G071800,1,1,0,0
TraesCS5A02G103800,0,0,0,0
TraesCS5A02G250800,1,1,0,0
TraesCS5A02G488600,1,1,0,0
TraesCS5B02G028200,1,1,0,0
TraesCS5B02G053500,1,1,0,0
TraesCS5B02G102400,1,1,0,0
TraesCS5B02G181400,0,0,0,0
TraesCS5B02G412500,1,1,0,0
TraesCS5D02G186800,1,1,0,0
TraesCS5D02G205600,2,2,0,0
TraesCS5D02G340300,1,1,0,0
TraesCS5D02G562600,1,1,0,0
TraesCS6A02G117100,0,0,0,0
TraesCS6A02G181700,1,1,0,0
TraesCS6A02G241400,1,1,0,0
TraesCS6A02G272900,2,2,0,0
TraesCS6B02G136400,0,0,0,0
TraesCS6B02G222200,0,0,0,0
TraesCS6B02G225100,0,0,0,0
TraesCS6B02G343800,1,1,0,0
TraesCS6B02G367300,0,0,0,0
TraesCS6D02G132400,1,1,0,0
TraesCS6D02G153100,0,0,0,0
TraesCS6D02G167700,0,0,0,0
TraesCS6D02G356000,1,1,0,0
TraesCS7A02G210200,0,0,0,0
TraesCS7A02G309500,0,0,0,0
TraesCS7A02G523000,1,1,0,0
TraesCS7B02G183500,0,0,0,0
TraesCS7B02G240100,0,0,0,0
TraesCS7B02G421800,1,1,0,0
TraesCS7D02G209200,0,0,0,0
TraesCS7D02G288100,0,0,0,0
TraesCS7D02G307900,1,1,0,0
TraesCS7D02G329100,1,1,0,0
TraesCS7D02G386100,1,1,0,0
TraesCS1A02G033800,1,1,0,0
TraesCS1A02G081400,0,0,0,0
TraesCS1A02G218700,0,0,0,0
TraesCS1B02G109700,1,1,0,0
TraesCS1B02G141200,1,1,0,0
TraesCS1D02G043700,0,0,0,0
TraesCS1D02G192700,1,1,0,0
TraesCS2A02G039800,0,0,0,0
TraesCS2A02G518700,1,1,0,0
TraesCS2B02G107900,0,0,0,0
TraesCS2B02G126400,1,1,0,0
TraesCS2B02G234300,1,1,0,0
TraesCS2B02G447300,1,1,0,0
TraesCS2B02G536100,1,1,0,0
TraesCS2D02G209100,1,1,0,0
TraesCS2D02G365300,1,1,0,0
TraesCS2D02G552400,1,1,0,0
TraesCS3A02G064100,0,0,0,0
TraesCS3A02G264700,1,1,0,0
TraesCS3A02G417100,1,1,0,0
TraesCS3A02G534400,0,0,0,0
TraesCS3B02G146400,0,0,0,0
TraesCS3B02G147900,1,1,0,0
TraesCS3B02G211900,0,0,0,0
TraesCS3B02G565800,1,1,0,0
TraesCS3D02G423200,1,1,0,0
TraesCS4A02G104600,0,0,0,0
TraesCS4A02G151500,0,0,0,0
TraesCS4A02G193900,1,1,0,0
TraesCS4A02G293800,1,1,0,0
TraesCS4A02G368400,0,0,0,0
TraesCS4A02G401000,0,0,0,0
TraesCS4B02G042900,1,1,0,0
TraesCS4B02G074000,1,1,0,0
TraesCS4B02G088200,0,0,0,0
TraesCS4D02G160800,0,0,0,0
TraesCS4D02G178000,1,1,0,0
TraesCS4D02G208300,0,0,0,0
TraesCS4D02G217500,1,1,0,0
TraesCS5A02G060900,1,1,0,0
TraesCS5A02G065700,1,1,0,0
TraesCS5A02G154000,0,0,0,0
TraesCS5A02G164600,1,1,0,0
TraesCS5A02G207400,1,1,0,0
TraesCS5A02G375300,1,1,0,0
TraesCS5B02G046100,0,0,0,0
TraesCS5B02G108600,0,0,0,0
TraesCS5B02G531400,1,1,0,0
TraesCS5D02G105900,1,1,0,0
TraesCS6A02G092200,1,1,0,0
TraesCS6A02G182600,1,1,0,0
TraesCS6A02G374700,0,0,0,0
TraesCS6B02G140600,0,0,0,0
TraesCS6B02G283200,1,1,0,0
TraesCS6D02G020500,1,1,0,0
TraesCS6D02G095300,0,0,0,0
TraesCS6D02G166200,0,0,0,0
TraesCS6D02G185200,1,1,0,0
TraesCS6D02G289200,0,0,0,0
TraesCS7A02G052300,0,0,0,0
TraesCS7A02G102400,1,1,0,0
TraesCS7A02G123600,0,0,0,0
TraesCS7A02G153000,1,1,0,0
TraesCS7A02G269800,0,0,0,0
TraesCS7A02G313100,0,0,0,0
TraesCS7A02G315600,1,1,0,0
TraesCS7A02G379800,0,0,0,0
TraesCS7A02G380600,1,1,0,0
TraesCS7B02G086500,1,1,0,0
TraesCS7B02G171400,1,1,0,0
TraesCS7B02G200000,0,0,0,0
TraesCS7B02G227400,0,0,0,0
TraesCS7B02G423100,1,1,0,0
TraesCS7D02G015500,0,0,0,0
TraesCS7D02G074600,1,1,0,0
TraesCS7D02G096900,1,1,0,0
TraesCS7D02G156000,0,0,0,0
TraesCS7D02G468100,0,0,0,0
TraesCS1A02G124200,0,0,0,0
TraesCS1A02G133400,1,1,0,0
TraesCS1A02G206200,0,0,0,0
TraesCS1A02G218900,1,1,0,0
TraesCS1A02G225200,1,1,0,0
TraesCS1A02G247500,0,0,0,0
TraesCS1A02G320900,0,0,0,0
TraesCS1B02G086500,1,1,0,0
TraesCS1B02G229000,0,0,0,0
TraesCS1B02G247400,0,0,0,0
TraesCS1B02G318500,0,0,0,0
TraesCS1B02G322100,1,1,0,0
TraesCS1B02G404000,0,0,0,0
TraesCS1D02G269600,0,0,0,0
TraesCS1D02G317100,1,1,0,0
TraesCS2A02G044800,1,1,0,0
TraesCS2A02G107100,1,1,0,0
TraesCS2A02G302700,0,0,0,0
TraesCS2A02G425200,1,1,0,0
TraesCS2A02G559300,1,1,0,0
TraesCS2A02G584100,0,0,0,0
TraesCS2B02G123700,1,1,0,0
TraesCS2B02G212500,0,0,0,0
TraesCS2B02G242100,0,0,0,0
TraesCS2B02G253900,1,1,0,0
TraesCS2B02G306600,0,0,0,0
TraesCS2B02G325900,0,0,0,0
TraesCS2B02G365900,1,1,0,0
TraesCS2B02G482000,1,1,0,0
TraesCS2B02G488000,1,1,0,0
TraesCS2D02G190000,0,0,0,0
TraesCS2D02G195300,0,0,0,0
TraesCS2D02G557900,1,1,0,0
TraesCS2D02G564200,1,1,0,0
TraesCS3A02G139200,1,1,0,0
TraesCS3A02G139600,0,0,0,0
TraesCS3A02G151700,0,0,0,0
TraesCS3A02G186200,0,0,0,0
TraesCS3A02G271500,1,1,0,0
TraesCS3A02G352000,0,0,0,0
TraesCS3A02G352100,0,0,0,0
TraesCS3A02G490300,0,0,0,0
TraesCS3B02G000700,2,2,0,0
TraesCS3B02G212100,0,0,0,0
TraesCS3B02G237100,0,0,0,0
TraesCS3B02G381400,1,1,0,0
TraesCS3B02G426500,1,1,0,0
TraesCS3D02G139600,1,1,0,0
TraesCS3D02G162100,1,1,0,0
TraesCS3D02G188900,1,1,0,0
TraesCS3D02G291000,1,1,0,0
TraesCS3D02G324400,0,0,0,0
TraesCS3D02G346100,0,0,0,0
TraesCS4A02G079700,1,1,0,0
TraesCS4A02G089800,1,1,0,0
TraesCS4A02G108400,0,0,0,0
TraesCS4A02G118300,0,0,0,0
TraesCS4A02G158200,1,1,0,0
TraesCS4A02G166700,0,0,0,0
TraesCS4A02G345800,1,1,0,0
TraesCS4B02G193300,1,1,0,0
TraesCS4B02G199700,3,3,0,0
TraesCS4B02G224300,1,1,0,0
TraesCS4B02G236300,1,1,0,0
TraesCS4B02G239000,1,1,0,0
TraesCS4B02G262400,0,0,0,0
TraesCS4D02G050000,1,1,0,0
TraesCS4D02G052800,1,1,0,0
TraesCS4D02G224900,1,1,0,0
TraesCS4D02G355000,0,0,0,0
TraesCS5A02G073000,1,1,0,0
TraesCS5A02G242000,1,1,0,0
TraesCS5A02G400000,1,1,0,0
TraesCS5A02G405300,1,1,0,0
TraesCS5A02G494500,0,0,0,0
TraesCS5B02G111200,0,0,0,0
TraesCS5B02G183000,1,1,0,0
TraesCS5B02G204400,0,0,0,0
TraesCS5B02G212100,1,1,0,0
TraesCS5B02G317000,1,1,0,0
TraesCS5B02G400800,0,0,0,0
TraesCS5B02G428200,0,0,0,0
TraesCS5B02G513200,1,1,0,0
TraesCS5B02G513300,0,0,0,0
TraesCS5B02G519200,1,1,0,0
TraesCS5D02G013100,0,0,0,0
TraesCS5D02G099000,1,1,0,0
TraesCS5D02G174900,1,1,0,0
TraesCS5D02G187200,0,0,0,0
TraesCS5D02G200800,1,1,0,0
TraesCS5D02G270600,1,1,0,0
TraesCS5D02G408500,0,0,0,0
TraesCS6A02G089400,1,1,0,0
TraesCS6A02G105000,1,1,0,0
TraesCS6A02G143200,1,1,0,0
TraesCS6A02G171200,1,1,0,0
TraesCS6A02G402400,1,1,0,0
TraesCS6B02G351900,0,0,0,0
TraesCS6B02G393900,0,0,0,0
TraesCS6B02G407500,1,1,0,0
TraesCS6D02G141700,1,1,0,0
TraesCS6D02G230100,0,0,0,0
TraesCS6D02G245700,3,3,0,0
TraesCS6D02G277000,0,0,0,0
TraesCS7A02G047000,0,0,0,0
TraesCS7A02G261900,0,0,0,0
TraesCS7A02G361300,1,1,0,0
TraesCS7B02G117000,1,1,0,0
TraesCS7B02G159400,0,0,0,0
TraesCS7B02G222300,1,1,0,0
TraesCS7B02G237200,1,1,0,0
TraesCS7B02G316800,1,1,0,0
TraesCS7B02G325300,0,0,0,0
TraesCS7B02G471600,1,1,0,0
TraesCS7D02G044600,1,1,0,0
TraesCS7D02G352700,1,1,0,0
TraesCS7D02G416900,0,0,0,0
TraesCS1A02G195400,0,0,0,0
TraesCS1A02G281700,1,1,0,0
TraesCS1B02G011500,0,0,0,0
TraesCS1B02G145600,1,1,0,0
TraesCS1B02G272200,0,0,0,0
TraesCS1B02G364200,1,1,0,0
TraesCS1D02G093000,0,0,0,0
TraesCS1D02G434300,1,1,0,0
TraesCS2A02G042200,1,1,0,0
TraesCS2A02G134300,1,1,0,0
TraesCS2A02G170600,1,1,0,0
TraesCS2A02G401300,1,1,0,0
TraesCS2B02G197000,1,1,0,0
TraesCS2B02G351300,1,1,0,0
TraesCS2D02G199300,0,0,0,0
TraesCS2D02G229100,0,0,0,0
TraesCS2D02G348200,0,0,0,0
TraesCS3A02G148500,1,1,0,0
TraesCS3A02G356600,1,1,0,0
TraesCS3B02G018800,0,0,0,0
TraesCS3B02G298800,1,1,0,0
TraesCS3B02G311400,0,0,0,0
TraesCS3B02G563100,0,0,0,0
TraesCS3D02G273200,1,1,0,0
TraesCS3D02G383600,1,1,0,0
TraesCS4A02G013500,1,1,0,0
TraesCS4B02G247600,0,0,0,0
TraesCS4B02G259000,0,0,0,0
TraesCS4B02G290200,1,1,0,0
TraesCS4B02G314700,0,0,0,0
TraesCS4D02G016400,1,1,0,0
TraesCS4D02G068700,0,0,0,0
TraesCS4D02G117300,1,1,0,0
TraesCS5A02G182000,0,0,0,0
TraesCS5A02G315700,0,0,0,0
TraesCS5A02G360300,1,1,0,0
TraesCS5A02G375000,1,1,0,0
TraesCS5B02G162100,1,1,0,0
TraesCS5D02G111700,0,0,0,0
TraesCS6B02G353600,1,1,0,0
TraesCS6B02G362100,1,1,0,0
TraesCS6D02G173100,1,1,0,0
TraesCS7A02G335400,0,0,0,0
TraesCS7A02G368300,1,1,0,0
TraesCS1A02G085800,1,1,0,0
TraesCS1A02G126300,0,0,0,0
TraesCS1A02G292400,0,0,0,0
TraesCS1A02G296200,1,1,0,0
TraesCS1B02G103700,1,1,0,0
TraesCS1B02G248200,1,1,0,0
TraesCS1B02G325300,1,1,0,0
TraesCS1B02G375500,1,1,0,0
TraesCS1D02G127200,0,0,0,0
TraesCS1D02G409400,0,0,0,0
TraesCS2A02G103500,0,0,0,0
TraesCS2A02G161800,1,1,0,0
TraesCS2A02G181300,1,1,0,0
TraesCS2A02G294400,1,1,0,0
TraesCS2A02G314300,1,1,0,0
TraesCS2B02G136000,0,0,0,0
TraesCS2B02G153900,1,1,0,0
TraesCS2B02G219100,1,1,0,0
TraesCS2B02G258500,1,1,0,0
TraesCS2B02G396500,0,0,0,0
TraesCS2D02G246700,1,1,0,0
TraesCS2D02G261000,0,0,0,0
TraesCS2D02G262400,1,1,0,0
TraesCS2D02G361900,1,1,0,0
TraesCS2D02G387600,1,1,0,0
TraesCS2D02G428700,0,0,0,0
TraesCS2D02G479100,0,0,0,0
TraesCS3A02G225000,1,1,0,0
TraesCS3A02G365900,1,1,0,0
TraesCS3A02G399500,0,0,0,0
TraesCS3B02G123500,0,0,0,0
TraesCS3B02G244400,1,1,0,0
TraesCS3B02G493700,1,1,0,0
TraesCS3D02G316200,0,0,0,0
TraesCS3D02G320600,1,1,0,0
TraesCS3D02G408600,0,0,0,0
TraesCS3D02G463400,1,1,0,0
TraesCS4A02G030500,0,0,0,0
TraesCS4A02G076800,1,1,0,0
TraesCS4A02G245200,1,1,0,0
TraesCS4A02G288500,1,1,0,0
TraesCS4B02G002700,1,1,0,0
TraesCS4B02G016000,0,0,0,0
TraesCS4B02G106700,0,0,0,0
TraesCS4B02G129800,0,0,0,0
TraesCS4B02G193900,1,1,0,0
TraesCS4B02G206900,1,1,0,0
TraesCS4B02G251100,0,0,0,0
TraesCS4B02G255400,0,0,0,0
TraesCS4B02G260200,1,1,0,0
TraesCS4D02G025200,0,0,0,0
TraesCS4D02G067300,1,1,0,0
TraesCS4D02G087100,0,0,0,0
TraesCS4D02G125600,1,1,0,0
TraesCS4D02G191100,1,1,0,0
TraesCS4D02G279400,0,0,0,0
TraesCS5A02G024700,1,1,0,0
TraesCS5A02G105700,1,1,0,0
TraesCS5A02G193300,0,0,0,0
TraesCS5A02G204100,1,1,0,0
TraesCS5A02G282200,1,1,0,0
TraesCS5A02G398300,1,1,0,0
TraesCS5A02G439100,1,1,0,0
TraesCS5A02G480500,0,0,0,0
TraesCS5B02G413100,1,1,0,0
TraesCS5D02G064400,1,1,0,0
TraesCS5D02G121400,0,0,0,0
TraesCS5D02G215200,1,1,0,0
TraesCS5D02G288500,1,1,0,0
TraesCS5D02G328200,1,1,0,0
TraesCS5D02G550400,1,1,0,0
TraesCS6A02G299000,0,0,0,0
TraesCS6B02G381600,1,1,0,0
TraesCS6D02G186300,1,1,0,0
TraesCS6D02G380100,1,1,0,0
TraesCS7A02G066500,1,1,0,0
TraesCS7A02G122200,0,0,0,0
TraesCS7A02G272700,1,1,0,0
TraesCS7B02G093300,0,0,0,0
TraesCS7B02G280900,1,1,0,0
TraesCS7D02G190600,0,0,0,0
TraesCS7D02G243400,1,1,0,0
TraesCS7D02G273000,1,1,0,0
TraesCS7D02G291200,1,1,0,0
TraesCS7D02G535700,1,1,0,0
TraesCSU02G136300,0,0,0,0
TraesCS1A02G080500,0,0,0,0
TraesCS1A02G204300,1,1,0,0
TraesCS1A02G220200,0,0,0,0
TraesCS1A02G315500,0,0,0,0
TraesCS1A02G386700,0,0,0,0
TraesCS1B02G211800,1,1,0,0
TraesCS1B02G373800,0,0,0,0
TraesCS2A02G545700,0,0,0,0
TraesCS2B02G131200,0,0,0,0
TraesCS2B02G579200,1,1,0,0
TraesCS2D02G220100,0,0,0,0
TraesCS2D02G249600,1,1,0,0
TraesCS2D02G286000,1,1,0,0
TraesCS2D02G289500,1,1,0,0
TraesCS3A02G022800,0,0,0,0
TraesCS3A02G127200,0,0,0,0
TraesCS3A02G258800,1,1,0,0
TraesCS3B02G592900,1,1,0,0
TraesCS3D02G312100,0,0,0,0
TraesCS3D02G346600,0,0,0,0
TraesCS3D02G360100,0,0,0,0
TraesCS3D02G421700,0,0,0,0
TraesCS4A02G006800,1,1,0,0
TraesCS4A02G066800,0,0,0,0
TraesCS4A02G295700,1,1,0,0
TraesCS4B02G090500,0,0,0,0
TraesCS4B02G213700,1,1,0,0
TraesCS4B02G221700,0,0,0,0
TraesCS4B02G244400,1,1,0,0
TraesCS4B02G254200,1,1,0,0
TraesCS4B02G260500,1,1,0,0
TraesCS4D02G082300,0,0,0,0
TraesCS4D02G094500,0,0,0,0
TraesCS4D02G207500,0,0,0,0
TraesCS4D02G282600,0,0,0,0
TraesCS4D02G318200,1,1,0,0
TraesCS5A02G082600,0,0,0,0
TraesCS5A02G194900,0,0,0,0
TraesCS5A02G369500,0,0,0,0
TraesCS5A02G483300,1,1,0,0
TraesCS5A02G490500,1,1,0,0
TraesCS5B02G222200,0,0,0,0
TraesCS5B02G244400,1,1,0,0
TraesCS5B02G371800,0,0,0,0
TraesCS5D02G161800,1,1,0,0
TraesCS6A02G084500,1,1,0,0
TraesCS6B02G118000,0,0,0,0
TraesCS6B02G144600,0,0,0,0
TraesCS6B02G238900,1,1,0,0
TraesCS6B02G299100,1,1,0,0
TraesCS6D02G072500,0,0,0,0
TraesCS6D02G336000,1,1,0,0
TraesCS7A02G189900,1,1,0,0
TraesCS7A02G331100,1,1,0,0
TraesCS7A02G569900,1,1,0,0
TraesCS7B02G000100,1,1,0,0
TraesCS7D02G044100,1,1,0,0
TraesCS7D02G167900,1,1,0,0
TraesCS7D02G322500,0,0,0,0
TraesCSU02G113500,1,1,0,0
TraesCS1A02G160700,0,0,0,0
TraesCS1A02G162800,0,0,0,0
TraesCS1A02G206600,0,0,0,0
TraesCS1A02G258000,0,0,0,0
TraesCS1A02G402700,1,1,0,0
TraesCS1A02G413600,0,0,0,0
TraesCS1A02G439400,1,1,0,0
TraesCS1B02G285700,1,1,0,0
TraesCS1B02G360200,0,0,0,0
TraesCS1B02G432000,1,1,0,0
TraesCS1D02G030400,2,2,0,0
TraesCS1D02G043400,0,0,0,0
TraesCS1D02G055900,1,1,0,0
TraesCS1D02G112300,1,1,0,0
TraesCS1D02G123200,0,0,0,0
TraesCS1D02G178300,0,0,0,0
TraesCS1D02G221100,1,1,0,0
TraesCS1D02G376000,1,1,0,0
TraesCS1D02G410600,2,2,0,0
TraesCS1D02G419200,0,0,0,0
TraesCS1D02G427900,1,1,0,0
TraesCS2A02G026600,0,0,0,0
TraesCS2A02G136100,1,1,0,0
TraesCS2A02G183700,0,0,0,0
TraesCS2A02G239100,1,1,0,0
TraesCS2A02G269100,0,0,0,0
TraesCS2A02G321600,1,1,0,0
TraesCS2A02G396200,1,1,0,0
TraesCS2A02G437600,1,1,0,0
TraesCS2B02G077200,1,1,0,0
TraesCS2B02G151800,1,1,0,0
TraesCS2B02G232300,0,0,0,0
TraesCS2B02G255100,0,0,0,0
TraesCS2B02G263300,0,0,0,0
TraesCS2B02G274400,0,0,0,0
TraesCS2B02G416400,1,1,0,0
TraesCS2D02G155700,2,2,0,0
TraesCS2D02G160600,0,0,0,0
TraesCS2D02G244500,0,0,0,0
TraesCS2D02G246800,1,1,0,0
TraesCS2D02G250200,0,0,0,0
TraesCS2D02G311000,0,0,0,0
TraesCS2D02G366700,0,0,0,0
TraesCS2D02G420800,1,1,0,0
TraesCS3A02G082100,0,0,0,0
TraesCS3A02G151200,1,1,0,0
TraesCS3A02G216500,0,0,0,0
TraesCS3A02G219200,0,0,0,0
TraesCS3A02G276800,1,1,0,0
TraesCS3A02G330300,1,1,0,0
TraesCS3A02G333200,0,0,0,0
TraesCS3A02G418300,1,1,0,0
TraesCS3B02G193400,1,1,0,0
TraesCS3B02G264100,2,2,0,0
TraesCS3B02G283800,1,1,0,0
TraesCS3B02G311900,0,0,0,0
TraesCS3B02G323700,1,1,0,0
TraesCS3B02G355500,0,0,0,0
TraesCS3D02G252800,0,0,0,0
TraesCS3D02G299200,0,0,0,0
TraesCS3D02G340700,0,0,0,0
TraesCS3D02G350400,0,0,0,0
TraesCS3D02G357400,0,0,0,0
TraesCS3D02G387600,1,1,0,0
TraesCS3D02G432000,1,1,0,0
TraesCS3D02G446500,1,1,0,0
TraesCS4A02G017300,0,0,0,0
TraesCS4A02G032900,1,1,0,0
TraesCS4A02G052500,0,0,0,0
TraesCS4A02G167800,0,0,0,0
TraesCS4A02G248100,0,0,0,0
TraesCS4A02G252900,0,0,0,0
TraesCS4A02G262900,0,0,0,0
TraesCS4A02G319800,0,0,0,0
TraesCS4A02G389300,1,1,0,0
TraesCS4B02G028100,1,1,0,0
TraesCS4B02G037100,0,0,0,0
TraesCS4B02G090100,1,1,0,0
TraesCS4B02G145200,1,1,0,0
TraesCS4B02G181000,0,0,0,0
TraesCS4B02G339800,1,1,0,0
TraesCS4B02G367600,1,1,0,0
TraesCS4D02G026400,0,0,0,0
TraesCS4D02G039300,0,0,0,0
TraesCS4D02G050400,0,0,0,0
TraesCS4D02G085700,0,0,0,0
TraesCS4D02G135700,0,0,0,0
TraesCS4D02G183300,0,0,0,0
TraesCS4D02G196900,0,0,0,0
TraesCS4D02G213200,0,0,0,0
TraesCS4D02G223700,6,6,0,0
TraesCS4D02G251600,1,1,0,0
TraesCS5A02G014400,0,0,0,0
TraesCS5A02G030300,0,0,0,0
TraesCS5A02G061100,0,0,0,0
TraesCS5A02G111600,0,0,0,0
TraesCS5A02G185500,1,1,0,0
TraesCS5A02G226200,0,0,0,0
TraesCS5A02G357300,1,1,0,0
TraesCS5B02G108200,1,1,0,0
TraesCS5B02G121000,0,0,0,0
TraesCS5B02G223700,0,0,0,0
TraesCS5B02G252700,1,1,0,0
TraesCS5B02G313800,1,1,0,0
TraesCS5B02G536100,1,1,0,0
TraesCS5D02G069700,1,1,0,0
TraesCS5D02G103500,1,1,0,0
TraesCS5D02G148200,1,1,0,0
TraesCS5D02G264300,0,0,0,0
TraesCS5D02G379500,1,1,0,0
TraesCS5D02G386100,0,0,0,0
TraesCS5D02G429100,0,0,0,0
TraesCS5D02G429400,1,1,0,0
TraesCS5D02G430000,0,0,0,0
TraesCS5D02G557100,0,0,0,0
TraesCS5D02G566600,0,0,0,0
TraesCS6A02G175800,0,0,0,0
TraesCS6A02G248700,1,1,0,0
TraesCS6A02G313400,0,0,0,0
TraesCS6B02G110700,1,1,0,0
TraesCS6B02G263000,1,1,0,0
TraesCS6B02G300500,1,1,0,0
TraesCS6B02G305300,2,2,0,0
TraesCS6B02G337400,0,0,0,0
TraesCS6B02G371100,0,0,0,0
TraesCS6B02G377500,0,0,0,0
TraesCS6B02G432800,0,0,0,0
TraesCS6B02G470800,0,0,0,0
TraesCS6D02G049400,1,1,0,0
TraesCS6D02G225900,0,0,0,0
TraesCS7A02G019300,1,1,0,0
TraesCS7A02G038800,0,0,0,0
TraesCS7A02G118800,1,1,0,0
TraesCS7A02G148700,1,1,0,0
TraesCS7A02G231800,0,0,0,0
TraesCS7A02G239700,0,0,0,0
TraesCS7A02G241100,1,1,0,0
TraesCS7A02G250400,1,1,0,0
TraesCS7A02G314900,0,0,0,0
TraesCS7A02G339100,1,1,0,0
TraesCS7A02G422100,1,1,0,0
TraesCS7A02G435800,0,0,0,0
TraesCS7B02G119400,0,0,0,0
TraesCS7B02G133400,1,1,0,0
TraesCS7B02G223100,1,1,0,0
TraesCS7B02G229500,1,1,0,0
TraesCS7B02G408200,1,1,0,0
TraesCS7D02G116300,1,1,0,0
TraesCS7D02G131900,0,0,0,0
TraesCS7D02G270900,0,0,0,0
TraesCS7D02G281900,1,1,0,0
TraesCS7D02G303200,0,0,0,0
TraesCS7D02G365300,1,1,0,0
TraesCS7D02G488800,1,1,0,0
TraesCS7D02G539200,0,0,0,0
TraesCSU02G093100,1,1,0,0
TraesCSU02G133600,1,1,0,0
TraesCSU02G139400,0,0,0,0
TraesCS1A02G002300,0,0,0,0
TraesCS1A02G183800,1,1,0,0
TraesCS1A02G336000,0,0,0,0
TraesCS1B02G095600,1,1,0,0
TraesCS1B02G134900,1,1,0,0
TraesCS1B02G205300,1,1,0,0
TraesCS1B02G263400,1,1,0,0
TraesCS1D02G005200,1,1,0,0
TraesCS1D02G128500,1,1,0,0
TraesCS1D02G129800,1,1,0,0
TraesCS1D02G216200,1,1,0,0
TraesCS1D02G249000,1,1,0,0
TraesCS1D02G254400,1,1,0,0
TraesCS1D02G349500,1,1,0,0
TraesCS1D02G355200,1,1,0,0
TraesCS1D02G415800,1,1,0,0
TraesCS2A02G179700,1,1,0,0
TraesCS2B02G341100,1,1,0,0
TraesCS2B02G356800,1,1,0,0
TraesCS2B02G481000,0,0,0,0
TraesCS2D02G164100,1,1,0,0
TraesCS2D02G200600,1,1,0,0
TraesCS2D02G236100,1,1,0,0
TraesCS2D02G266500,1,1,0,0
TraesCS2D02G329600,0,0,0,0
TraesCS3A02G022600,1,1,0,0
TraesCS3A02G099000,1,1,0,0
TraesCS3A02G195900,0,0,0,0
TraesCS3A02G219000,0,0,0,0
TraesCS3A02G267700,1,1,0,0
TraesCS3A02G303600,0,0,0,0
TraesCS3A02G311600,1,1,0,0
TraesCS3A02G321700,0,0,0,0
TraesCS3A02G447000,0,0,0,0
TraesCS3A02G518600,1,1,0,0
TraesCS3B02G097400,1,1,0,0
TraesCS3B02G107100,0,0,0,0
TraesCS3B02G119500,1,1,0,0
TraesCS3B02G149300,1,1,0,0
TraesCS3B02G149600,0,0,0,0
TraesCS3B02G198200,0,0,0,0
TraesCS3B02G217300,1,1,0,0
TraesCS3B02G329900,1,1,0,0
TraesCS3B02G343800,0,0,0,0
TraesCS3B02G369200,1,1,0,0
TraesCS3D02G155100,1,1,0,0
TraesCS3D02G186000,1,1,0,0
TraesCS3D02G191800,0,0,0,0
TraesCS3D02G228800,1,1,0,0
TraesCS3D02G253100,0,0,0,0
TraesCS3D02G309700,0,0,0,0
TraesCS3D02G359000,1,1,0,0
TraesCS3D02G359300,1,1,0,0
TraesCS3D02G417000,0,0,0,0
TraesCS3D02G528600,1,1,0,0
TraesCS4A02G038300,1,1,0,0
TraesCS4A02G131400,1,1,0,0
TraesCS4A02G134600,0,0,0,0
TraesCS4A02G141400,1,1,0,0
TraesCS4A02G157600,1,1,0,0
TraesCS4A02G256900,0,0,0,0
TraesCS4B02G035300,1,1,0,0
TraesCS4B02G046000,1,1,0,0
TraesCS4B02G102300,0,0,0,0
TraesCS4B02G112400,0,0,0,0
TraesCS4B02G265800,0,0,0,0
TraesCS4B02G343800,0,0,0,0
TraesCS4D02G020200,1,1,0,0
TraesCS4D02G056800,0,0,0,0
TraesCS4D02G126600,1,1,0,0
TraesCS4D02G168300,1,1,0,0
TraesCS4D02G231300,0,0,0,0
TraesCS4D02G289400,0,0,0,0
TraesCS5A02G053700,1,1,0,0
TraesCS5A02G091400,1,1,0,0
TraesCS5A02G187900,1,1,0,0
TraesCS5A02G234400,1,1,0,0
TraesCS5A02G257800,1,1,0,0
TraesCS5A02G279500,0,0,0,0
TraesCS5A02G506600,0,0,0,0
TraesCS5B02G111900,1,1,0,0
TraesCS5B02G211200,1,1,0,0
TraesCS5B02G260000,1,1,0,0
TraesCS5B02G303200,2,2,0,0
TraesCS5B02G419300,1,1,0,0
TraesCS5B02G459100,0,0,0,0
TraesCS5D02G212000,0,0,0,0
TraesCS5D02G213500,1,1,0,0
TraesCS5D02G417600,0,0,0,0
TraesCS6A02G197800,0,0,0,0
TraesCS6B02G164200,0,0,0,0
TraesCS6B02G330300,0,0,0,0
TraesCS6B02G361300,0,0,0,0
TraesCS6D02G160500,0,0,0,0
TraesCS7A02G219200,1,1,0,0
TraesCS7A02G344100,1,1,0,0
TraesCS7A02G350600,0,0,0,0
TraesCS7B02G067300,1,1,0,0
TraesCS7B02G081100,0,0,0,0
TraesCS7B02G211100,1,1,0,0
TraesCS7B02G226000,1,1,0,0
TraesCS7B02G342800,0,0,0,0
TraesCS7D02G004600,0,0,0,0
TraesCS7D02G155700,1,1,0,0
TraesCS7D02G159000,0,0,0,0
TraesCS7D02G163600,1,1,0,0
TraesCS7D02G454200,1,1,0,0
TraesCSU02G066000,2,2,0,0
TraesCSU02G194500,1,1,0,0
TraesCS1A02G041100,1,1,0,0
TraesCS1A02G156100,2,2,0,0
TraesCS1A02G233100,0,0,0,0
TraesCS1A02G272500,0,0,0,0
TraesCS1A02G325500,0,0,0,0
TraesCS1A02G405800,1,1,0,0
TraesCS1B02G173400,1,1,0,0
TraesCS1B02G196800,0,0,0,0
TraesCS1B02G424500,1,1,0,0
TraesCS1B02G435900,1,1,0,0
TraesCS1D02G005300,0,0,0,0
TraesCS1D02G069300,1,1,0,0
TraesCS1D02G282000,0,0,0,0
TraesCS1D02G303100,2,2,0,0
TraesCS1D02G312500,1,1,0,0
TraesCS2A02G038400,0,0,0,0
TraesCS2A02G067700,1,1,0,0
TraesCS2A02G382700,1,1,0,0
TraesCS2A02G565600,1,1,0,0
TraesCS2B02G036600,1,1,0,0
TraesCS2B02G048200,2,2,0,0
TraesCS2B02G124300,3,3,0,0
TraesCS2B02G225100,1,1,0,0
TraesCS2B02G326800,0,0,0,0
TraesCS2B02G400000,1,1,0,0
TraesCS2B02G449200,1,1,0,0
TraesCS2B02G504900,0,0,0,0
TraesCS2D02G009100,1,1,0,0
TraesCS2D02G300100,1,1,0,0
TraesCS2D02G318500,1,1,0,0
TraesCS2D02G358500,1,1,0,0
TraesCS2D02G396300,1,1,0,0
TraesCS2D02G457700,0,0,0,0
TraesCS2D02G479900,1,1,0,0
TraesCS3A02G148700,0,0,0,0
TraesCS3A02G302700,1,1,0,0
TraesCS3A02G528800,0,0,0,0
TraesCS3B02G175900,0,0,0,0
TraesCS3B02G180000,1,1,0,0
TraesCS3B02G353000,0,0,0,0
TraesCS3B02G382900,1,1,0,0
TraesCS3B02G464600,1,1,0,0
TraesCS3B02G520100,0,0,0,0
TraesCS3B02G573400,1,1,0,0
TraesCS3D02G246700,1,1,0,0
TraesCS3D02G293300,0,0,0,0
TraesCS3D02G294000,0,0,0,0
TraesCS3D02G299100,1,1,0,0
TraesCS3D02G344400,1,1,0,0
TraesCS3D02G370400,3,3,0,0
TraesCS3D02G433700,1,1,0,0
TraesCS3D02G440500,0,0,0,0
TraesCS3D02G485100,1,1,0,0
TraesCS4A02G049300,2,2,0,0
TraesCS4A02G051100,0,0,0,0
TraesCS4A02G064800,1,1,0,0
TraesCS4A02G081300,1,1,0,0
TraesCS4A02G240900,0,0,0,0
TraesCS4B02G088800,1,1,0,0
TraesCS4B02G230500,1,1,0,0
TraesCS4B02G262900,1,1,0,0
TraesCS4B02G265100,1,1,0,0
TraesCS4B02G303200,1,1,0,0
TraesCS4B02G320100,1,1,0,0
TraesCS4B02G322700,2,2,0,0
TraesCS4B02G383000,11,11,0,0
TraesCS4D02G072800,1,1,0,0
TraesCS4D02G241800,1,1,0,0
TraesCS4D02G255500,1,1,0,0
TraesCS4D02G301700,2,2,0,0
TraesCS4D02G341000,1,1,0,0
TraesCS5A02G147000,1,1,0,0
TraesCS5A02G157700,1,1,0,0
TraesCS5A02G163400,0,0,0,0
TraesCS5A02G168600,1,1,0,0
TraesCS5A02G206600,1,1,0,0
TraesCS5A02G210100,1,1,0,0
TraesCS5A02G446400,1,1,0,0
TraesCS5A02G452600,0,0,0,0
TraesCS5A02G460300,0,0,0,0
TraesCS5B02G008800,0,0,0,0
TraesCS5B02G009000,0,0,0,0
TraesCS5B02G106900,1,1,0,0
TraesCS5B02G165400,1,1,0,0
TraesCS5B02G263100,1,1,0,0
TraesCS5B02G375900,1,1,0,0
TraesCS5B02G466800,2,2,0,0
TraesCS5B02G525600,0,0,0,0
TraesCS5D02G037700,1,1,0,0
TraesCS5D02G168400,1,1,0,0
TraesCS5D02G249200,0,0,0,0
TraesCS5D02G392000,1,1,0,0
TraesCS5D02G482800,1,1,0,0
TraesCS6A02G027400,0,0,0,0
TraesCS6A02G060700,1,1,0,0
TraesCS6A02G375500,1,1,0,0
TraesCS6B02G259500,1,1,0,0
TraesCS6B02G361500,0,0,0,0
TraesCS6B02G370000,0,0,0,0
TraesCS6D02G015000,0,0,0,0
TraesCS6D02G032900,1,1,0,0
TraesCS6D02G177800,1,1,0,0
TraesCS6D02G267100,1,1,0,0
TraesCS6D02G334400,1,1,0,0
TraesCS6D02G401200,0,0,0,0
TraesCS7A02G020200,1,1,0,0
TraesCS7A02G096700,1,1,0,0
TraesCS7A02G131300,1,1,0,0
TraesCS7A02G211400,0,0,0,0
TraesCS7A02G276700,3,3,0,0
TraesCS7A02G308900,1,1,0,0
TraesCS7A02G333900,0,0,0,0
TraesCS7A02G450500,1,1,0,0
TraesCS7A02G537100,1,1,0,0
TraesCS7B02G042400,1,1,0,0
TraesCS7B02G049000,1,1,0,0
TraesCS7B02G052700,2,2,0,0
TraesCS7B02G081800,1,1,0,0
TraesCS7B02G245500,2,2,0,0
TraesCS7B02G278300,0,0,0,0
TraesCS7B02G293500,1,1,0,0
TraesCS7B02G412100,1,1,0,0
TraesCS7D02G012400,0,0,0,0
TraesCS7D02G149500,1,1,0,0
TraesCS7D02G222800,1,1,0,0
TraesCS7D02G242500,6,6,0,0
TraesCS7D02G341500,2,2,0,0
TraesCS7D02G346100,1,1,0,0
TraesCS7D02G417800,1,1,0,0
TraesCS7D02G439300,9,9,0,0
TraesCS7D02G524400,3,3,0,0
TraesCS1A02G096600,0,0,0,0
TraesCS1A02G103900,0,0,0,0
TraesCS1A02G228200,0,0,0,0
TraesCS1A02G287000,0,0,0,0
TraesCS1B02G180000,1,1,0,0
TraesCS1B02G185100,0,0,0,0
TraesCS1B02G210500,1,1,0,0
TraesCS1D02G107000,1,1,0,0
TraesCS1D02G305100,1,1,0,0
TraesCS1D02G365400,1,1,0,0
TraesCS1D02G380000,0,0,0,0
TraesCS2A02G163800,1,1,0,0
TraesCS2B02G187400,1,1,0,0
TraesCS2B02G292200,1,1,0,0
TraesCS2B02G323700,1,1,0,0
TraesCS2B02G372700,1,1,0,0
TraesCS2B02G414500,1,1,0,0
TraesCS2B02G435900,0,0,0,0
TraesCS2B02G452300,1,1,0,0
TraesCS2B02G474000,1,1,0,0
TraesCS2D02G170700,1,1,0,0
TraesCS2D02G190200,0,0,0,0
TraesCS2D02G294400,0,0,0,0
TraesCS2D02G513800,0,0,0,0
TraesCS2D02G541300,0,0,0,0
TraesCS3A02G258100,1,1,0,0
TraesCS3A02G287500,1,1,0,0
TraesCS3A02G340700,0,0,0,0
TraesCS3A02G346400,0,0,0,0
TraesCS3A02G387600,1,1,0,0
TraesCS3B02G260200,0,0,0,0
TraesCS3B02G268500,0,0,0,0
TraesCS3B02G346500,0,0,0,0
TraesCS3D02G097900,0,0,0,0
TraesCS3D02G149300,1,1,0,0
TraesCS3D02G276200,1,1,0,0
TraesCS3D02G277500,0,0,0,0
TraesCS3D02G315100,0,0,0,0
TraesCS3D02G339600,1,1,0,0
TraesCS3D02G427500,2,2,0,0
TraesCS3D02G439000,1,1,0,0
TraesCS4A02G081700,0,0,0,0
TraesCS4B02G161500,0,0,0,0
TraesCS4B02G201500,0,0,0,0
TraesCS4B02G223700,1,1,0,0
TraesCS4B02G268700,0,0,0,0
TraesCS4B02G278500,1,1,0,0
TraesCS4B02G296800,0,0,0,0
TraesCS4D02G006200,1,1,0,0
TraesCS4D02G008500,1,1,0,0
TraesCS4D02G045300,1,1,0,0
TraesCS4D02G087700,2,2,0,0
TraesCS4D02G096400,0,0,0,0
TraesCS4D02G260300,1,1,0,0
TraesCS4D02G277000,1,1,0,0
TraesCS4D02G324800,1,1,0,0
TraesCS5A02G210000,0,0,0,0
TraesCS5A02G521700,0,0,0,0
TraesCS5B02G108900,0,0,0,0
TraesCS5B02G411900,1,1,0,0
TraesCS5B02G494400,1,1,0,0
TraesCS5D02G137900,1,1,0,0
TraesCS5D02G273300,1,1,0,0
TraesCS5D02G394400,0,0,0,0
TraesCS5D02G400900,1,1,0,0
TraesCS6A02G317900,0,0,0,0
TraesCS6B02G271500,1,1,0,0
TraesCS6B02G348800,1,1,0,0
TraesCS6B02G382300,0,0,0,0
TraesCS6D02G031600,1,1,0,0
TraesCS6D02G223300,0,0,0,0
TraesCS6D02G235000,0,0,0,0
TraesCS6D02G263700,1,1,0,0
TraesCS6D02G335600,0,0,0,0
TraesCS6D02G341400,0,0,0,0
TraesCS7A02G365100,1,1,0,0
TraesCS7A02G454600,0,0,0,0
TraesCS7B02G099800,1,1,0,0
TraesCS7B02G262400,1,1,0,0
TraesCS7D02G001600,1,1,0,0
TraesCS7D02G230900,1,1,0,0
TraesCS7D02G252500,1,1,0,0
TraesCS7D02G253600,1,1,0,0
TraesCS7D02G528600,1,1,0,0
TraesCS1A02G171100,0,0,0,0
TraesCS1A02G177300,1,1,0,0
TraesCS1A02G247100,0,0,0,0
TraesCS1A02G325800,0,0,0,0
TraesCS1A02G363200,1,1,0,0
TraesCS1B02G308600,0,0,0,0
TraesCS1B02G369100,1,1,0,0
TraesCS1B02G459800,0,0,0,0
TraesCS1D02G111500,0,0,0,0
TraesCS1D02G330600,1,1,0,0
TraesCS1D02G432400,1,1,0,0
TraesCS2A02G079700,0,0,0,0
TraesCS2A02G119300,0,0,0,0
TraesCS2A02G180200,1,1,0,0
TraesCS2A02G261600,1,1,0,0
TraesCS2A02G270100,1,1,0,0
TraesCS2A02G342400,0,0,0,0
TraesCS2A02G347800,0,0,0,0
TraesCS2A02G400300,1,1,0,0
TraesCS2A02G501500,0,0,0,0
TraesCS2B02G240900,1,1,0,0
TraesCS2B02G244900,0,0,0,0
TraesCS2B02G257100,0,0,0,0
TraesCS2B02G296800,0,0,0,0
TraesCS2D02G032700,1,1,0,0
TraesCS2D02G371100,0,0,0,0
TraesCS2D02G385900,0,0,0,0
TraesCS2D02G435900,0,0,0,0
TraesCS2D02G565400,1,1,0,0
TraesCS3A02G161900,1,1,0,0
TraesCS3A02G206400,0,0,0,0
TraesCS3A02G258700,1,1,0,0
TraesCS3A02G261800,1,1,0,0
TraesCS3A02G446500,1,1,0,0
TraesCS3A02G456200,0,0,0,0
TraesCS3B02G136600,0,0,0,0
TraesCS3B02G218300,0,0,0,0
TraesCS3B02G260900,1,1,0,0
TraesCS3B02G507100,1,1,0,0
TraesCS3D02G130200,2,2,0,0
TraesCS3D02G160200,1,1,0,0
TraesCS3D02G170400,1,1,0,0
TraesCS3D02G258400,1,1,0,0
TraesCS3D02G288800,1,1,0,0
TraesCS3D02G309300,0,0,0,0
TraesCS4A02G114000,1,1,0,0
TraesCS4A02G171500,1,1,0,0
TraesCS4A02G230800,1,1,0,0
TraesCS4A02G263200,0,0,0,0
TraesCS4B02G029300,1,1,0,0
TraesCS4B02G058500,1,1,0,0
TraesCS4B02G085300,0,0,0,0
TraesCS4B02G115200,0,0,0,0
TraesCS4B02G119000,1,1,0,0
TraesCS4B02G190100,1,1,0,0
TraesCS4B02G320400,2,2,0,0
TraesCS4D02G156300,1,1,0,0
TraesCS4D02G345100,0,0,0,0
TraesCS5A02G019800,0,0,0,0
TraesCS5A02G066500,0,0,0,0
TraesCS5A02G148700,0,0,0,0
TraesCS5A02G380800,1,1,0,0
TraesCS5A02G433200,2,2,0,0
TraesCS5A02G510200,1,1,0,0
TraesCS5B02G114400,1,1,0,0
TraesCS5B02G166900,0,0,0,0
TraesCS5B02G174000,1,1,0,0
TraesCS5B02G219600,1,1,0,0
TraesCS5D02G020000,0,0,0,0
TraesCS5D02G141300,0,0,0,0
TraesCS5D02G160900,1,1,0,0
TraesCS5D02G208400,1,1,0,0
TraesCS5D02G328100,1,1,0,0
TraesCS5D02G451900,0,0,0,0
TraesCS6A02G200500,0,0,0,0
TraesCS6A02G223700,0,0,0,0
TraesCS6A02G227300,1,1,0,0
TraesCS6A02G314900,0,0,0,0
TraesCS6A02G405200,0,0,0,0
TraesCS6B02G206800,1,1,0,0
TraesCS6B02G231800,1,1,0,0
TraesCS6B02G305600,3,3,0,0
TraesCS6D02G128900,2,2,0,0
TraesCS6D02G191500,0,0,0,0
TraesCS6D02G208500,0,0,0,0
TraesCS6D02G211700,1,1,0,0
TraesCS6D02G254800,0,0,0,0
TraesCS6D02G266800,0,0,0,0
TraesCS6D02G302300,0,0,0,0
TraesCS6D02G303100,0,0,0,0
TraesCS7A02G176100,1,1,0,0
TraesCS7A02G205200,1,1,0,0
TraesCS7A02G307400,0,0,0,0
TraesCS7A02G339500,1,1,0,0
TraesCS7A02G365600,0,0,0,0
TraesCS7A02G464000,0,0,0,0
TraesCS7A02G492800,0,0,0,0
TraesCS7A02G533400,0,0,0,0
TraesCS7B02G271151,1,1,0,0
TraesCS7B02G418800,0,0,0,0
TraesCS7D02G343200,1,1,0,0
TraesCS5B02G297100,2,1,1,1
TraesCS5D02G304900,2,1,1,1
TraesCS1A02G075800,2,1,1,1
TraesCS1A02G302700,1,0,1,1
TraesCS1D02G078100,1,0,1,1
TraesCS1D02G302100,1,0,1,1
TraesCS2A02G153200,2,1,1,1
TraesCS2A02G394700,1,0,1,1
TraesCS2A02G465700,2,1,1,1
TraesCS2B02G168900,1,0,1,1
TraesCS2B02G178300,2,1,1,1
TraesCS2B02G487800,1,0,1,1
TraesCS2D02G392400,1,0,1,1
TraesCS2D02G466100,2,1,1,1
TraesCS3B02G452200,9,8,1,1
TraesCS3D02G285600,1,0,1,1
TraesCS3D02G504400,1,0,1,1
TraesCS4A02G053000,1,0,1,1
TraesCS4A02G426200,1,0,1,1
TraesCS4B02G072800,1,0,1,1
TraesCS4B02G073100,2,1,1,1
TraesCS4D02G251500,1,0,1,1
TraesCS5A02G363800,1,0,1,1
TraesCS5B02G515000,1,0,1,1
TraesCS5D02G496300,1,0,1,1
TraesCS5D02G515000,1,0,1,1
TraesCS6A02G399800,1,0,1,1
TraesCS7A02G062700,1,0,1,1
TraesCS7D02G486300,1,0,1,1
TraesCSU02G075300,1,0,1,1
TraesCS6A02G256600,2,1,1,1
TraesCS1A02G218100,1,0,1,1
TraesCS1A02G220000,1,0,1,1
TraesCS1A02G221900,1,0,1,1
TraesCS1A02G272300,2,1,1,1
TraesCS1A02G314300,1,0,1,1
TraesCS1B02G235100,1,0,1,1
TraesCS1B02G282300,1,0,1,1
TraesCS1B02G326600,1,0,1,1
TraesCS1B02G392200,1,0,1,1
TraesCS1D02G221500,1,0,1,1
TraesCS1D02G272600,1,0,1,1
TraesCS1D02G314800,1,0,1,1
TraesCS2A02G185600,2,1,1,1
TraesCS2A02G417300,1,0,1,1
TraesCS2A02G503100,1,0,1,1
TraesCS2B02G436300,1,0,1,1
TraesCS2D02G202100,1,0,1,1
TraesCS2D02G256600,5,4,1,1
TraesCS2D02G414600,1,0,1,1
TraesCS2D02G515900,2,1,1,1
TraesCS3A02G099200,1,0,1,1
TraesCS3A02G259900,1,0,1,1
TraesCS3B02G293000,1,0,1,1
TraesCS3D02G099500,2,1,1,1
TraesCS3D02G321700,2,1,1,1
TraesCS4A02G005400,2,1,1,1
TraesCS4B02G180600,1,0,1,1
TraesCS4B02G299700,2,1,1,1
TraesCS4D02G120200,1,0,1,1
TraesCS4D02G291300,2,1,1,1
TraesCS4D02G348100,10,9,1,1
TraesCS5A02G310700,1,0,1,1
TraesCS5A02G473800,1,0,1,1
TraesCS5B02G344200,1,0,1,1
TraesCS5D02G229400,1,0,1,1
TraesCS6A02G235100,2,1,1,1
TraesCS6A02G251100,1,0,1,1
TraesCS6A02G306300,1,0,1,1
TraesCS6B02G281000,1,0,1,1
TraesCS6B02G334700,1,0,1,1
TraesCS6D02G285400,1,0,1,1
TraesCS7A02G264100,1,0,1,1
TraesCS7D02G158500,1,0,1,1
TraesCS1B02G173700,1,0,1,1
TraesCS3A02G159200,1,0,1,1
TraesCS3A02G292400,1,0,1,1
TraesCS3B02G190100,1,0,1,1
TraesCS6A02G222300,1,0,1,1
TraesCS6B02G141300,1,0,1,1
TraesCS6D02G212700,1,0,1,1
TraesCS7A02G252000,1,0,1,1
TraesCS7A02G416400,2,1,1,1
TraesCS7B02G138900,1,0,1,1
TraesCS7A02G566000,1,0,1,1
TraesCS3D02G091700,1,0,1,1
TraesCS4A02G067300,1,0,1,1
TraesCS4D02G225200,3,2,1,1
TraesCS4B02G230700,1,0,1,1
TraesCS6A02G085800,1,0,1,1
TraesCS7D02G368000,2,1,1,1
TraesCS1B02G100400,1,0,1,1
TraesCS1A02G083000,1,0,1,1
TraesCS1A02G102400,1,0,1,1
TraesCS1B02G208000,1,0,1,1
TraesCS1D02G084200,1,0,1,1
TraesCS1D02G196900,1,0,1,1
TraesCS2A02G253900,2,1,1,1
TraesCS2D02G254400,2,1,1,1
TraesCS2D02G448000,2,1,1,1
TraesCS3D02G253700,1,0,1,1
TraesCS4A02G060200,1,0,1,1
TraesCS4D02G328900,2,1,1,1
TraesCS5A02G230500,2,1,1,1
TraesCS5A02G264800,3,2,1,1
TraesCS5A02G306200,1,0,1,1
TraesCS5A02G376500,2,1,1,1
TraesCS5A02G503300,1,0,1,1
TraesCS5B02G054800,1,0,1,1
TraesCS5B02G264300,1,0,1,1
TraesCS5D02G272800,1,0,1,1
TraesCS5D02G386500,2,1,1,1
TraesCS6A02G288100,1,0,1,1
TraesCS7A02G340300,1,0,1,1
TraesCS7B02G251900,1,0,1,1
TraesCS7D02G244300,1,0,1,1
TraesCS3A02G140100,3,2,1,1
TraesCS3D02G146900,1,0,1,1
TraesCS4A02G222700,2,1,1,1
TraesCS6D02G216100,1,0,1,1
TraesCS2B02G372000,1,0,1,1
TraesCS2D02G351900,1,0,1,1
TraesCS7B02G113400,2,1,1,1
TraesCS1A02G275000,1,0,1,1
TraesCS1B02G347400,1,0,1,1
TraesCS1D02G336600,2,1,1,1
TraesCS2B02G118000,1,0,1,1
TraesCS2B02G249200,1,0,1,1
TraesCS2B02G592600,2,1,1,1
TraesCS2D02G563200,2,1,1,1
TraesCS3A02G180600,2,1,1,1
TraesCS4D02G285100,2,1,1,1
TraesCS5A02G251800,1,0,1,1
TraesCS5B02G087600,1,0,1,1
TraesCS5D02G093800,1,0,1,1
TraesCS5D02G259700,1,0,1,1
TraesCS5D02G493000,1,0,1,1
TraesCS6A02G287700,1,0,1,1
TraesCS6B02G317100,1,0,1,1
TraesCS6D02G268400,1,0,1,1
TraesCS1A02G097300,1,0,1,1
TraesCS1B02G161800,1,0,1,1
TraesCS2A02G561200,1,0,1,1
TraesCS2A02G561400,1,0,1,1
TraesCS2D02G386100,1,0,1,1
TraesCS3D02G274600,1,0,1,1
TraesCS4A02G221100,2,1,1,1
TraesCS4A02G364700,1,0,1,1
TraesCS5D02G508800,1,0,1,1
TraesCS6D02G221600,1,0,1,1
TraesCS2D02G205100,1,0,1,1
TraesCS2D02G382700,2,1,1,1
TraesCS4A02G058800,2,1,1,1
TraesCS5A02G025900,2,1,1,1
TraesCS5A02G371500,1,0,1,1
TraesCS1D02G453900,1,0,1,1
TraesCS2A02G102300,1,0,1,1
TraesCS2A02G199900,1,0,1,1
TraesCS2D02G207800,1,0,1,1
TraesCS3A02G164000,2,1,1,1
TraesCS3A02G178700,1,0,1,1
TraesCS3A02G423200,1,0,1,1
TraesCS3B02G272500,1,0,1,1
TraesCS3B02G458800,1,0,1,1
TraesCS3D02G244700,1,0,1,1
TraesCS3D02G418400,1,0,1,1
TraesCS4A02G082400,1,0,1,1
TraesCS5A02G488700,1,0,1,1
TraesCS5B02G142300,1,0,1,1
TraesCS6B02G310500,1,0,1,1
TraesCS7D02G226400,1,0,1,1
TraesCS2A02G163000,1,0,1,1
TraesCS2A02G283800,1,0,1,1
TraesCS2B02G300800,1,0,1,1
TraesCS2D02G282800,1,0,1,1
TraesCS3A02G433300,1,0,1,1
TraesCS1D02G287500,1,0,1,1
TraesCS2B02G378700,1,0,1,1
TraesCS3A02G026900,1,0,1,1
TraesCS3B02G017400,1,0,1,1
TraesCS3B02G385600,1,0,1,1
TraesCS6A02G287400,48,47,1,1
TraesCS5A02G029900,3,2,1,1
TraesCS5B02G047100,1,0,1,1
TraesCS5D02G052200,1,0,1,1
TraesCS1A02G310700,1,0,1,1
TraesCS4A02G081000,1,0,1,1
TraesCS4B02G223000,2,1,1,1
TraesCS4D02G223400,1,0,1,1
TraesCS7D02G237100,1,0,1,1
TraesCS1A02G327100,1,0,1,1
TraesCS5A02G053800,1,0,1,1
TraesCS5B02G062400,1,0,1,1
TraesCS1A02G262400,1,0,1,1
TraesCS2A02G297400,1,0,1,1
TraesCS4A02G036000,1,0,1,1
TraesCS4B02G268800,1,0,1,1
TraesCS4D02G268100,1,0,1,1
TraesCS6B02G233700,1,0,1,1
TraesCS4B02G175100,1,0,1,1
TraesCS4A02G190400,1,0,1,1
TraesCS4B02G320500,1,0,1,1
TraesCS7A02G257400,1,0,1,1
TraesCS7B02G154300,2,1,1,1
TraesCS1A02G258400,1,0,1,1
TraesCS2B02G277300,1,0,1,1
TraesCS2D02G259200,1,0,1,1
TraesCS3A02G161000,1,0,1,1
TraesCS3B02G191600,2,1,1,1
TraesCS6A02G007300,1,0,1,1
TraesCS6A02G385500,1,0,1,1
TraesCS6B02G012800,1,0,1,1
TraesCS6D02G011600,1,0,1,1
TraesCS6D02G370300,1,0,1,1
TraesCS7A02G298700,1,0,1,1
TraesCS7D02G404000,2,1,1,1
TraesCS4D02G163600,1,0,1,1
TraesCS7B02G074000,2,1,1,1
TraesCS2A02G214400,1,0,1,1
TraesCS2B02G214600,2,1,1,1
TraesCS2B02G217500,1,0,1,1
TraesCS2B02G228000,2,1,1,1
TraesCS2D02G194800,2,1,1,1
TraesCS2D02G208500,2,1,1,1
TraesCS3A02G360300,1,0,1,1
TraesCS4A02G039000,1,0,1,1
TraesCS4A02G191300,1,0,1,1
TraesCS4A02G430600,1,0,1,1
TraesCS4B02G043100,1,0,1,1
TraesCS4B02G141300,1,0,1,1
TraesCS4B02G141400,1,0,1,1
TraesCS4B02G266700,1,0,1,1
TraesCS4B02G367300,1,0,1,1
TraesCS4D02G136300,1,0,1,1
TraesCS4D02G266400,1,0,1,1
TraesCS4D02G360200,1,0,1,1
TraesCS5A02G080300,1,0,1,1
TraesCS5A02G144000,2,1,1,1
TraesCS5B02G133800,2,1,1,1
TraesCS5B02G417000,1,0,1,1
TraesCS5B02G494500,1,0,1,1
TraesCS6B02G277400,2,1,1,1
TraesCS7A02G173000,1,0,1,1
TraesCS7D02G011400,1,0,1,1
TraesCS7D02G053600,1,0,1,1
TraesCS7D02G174100,1,0,1,1
TraesCS2D02G395900,1,0,1,1
TraesCS6B02G296900,3,2,1,1
TraesCS7A02G049100,2,1,1,1
TraesCS7D02G044200,2,1,1,1
TraesCS2D02G127700,1,0,1,1
TraesCS3A02G312800,2,1,1,1
TraesCS3B02G159100,2,1,1,1
TraesCS4D02G261600,4,3,1,1
TraesCS5A02G375800,1,0,1,1
TraesCS5B02G047200,1,0,1,1
TraesCS5B02G378000,1,0,1,1
TraesCS5D02G385300,1,0,1,1
TraesCS1A02G338900,1,0,1,1
TraesCS3A02G226100,1,0,1,1
TraesCS5D02G234600,1,0,1,1
TraesCS1A02G219200,1,0,1,1
TraesCS4A02G059600,1,0,1,1
TraesCS4A02G382400,3,2,1,1
TraesCS4B02G235300,1,0,1,1
TraesCS4B02G305300,2,1,1,1
TraesCS5A02G316800,1,0,1,1
TraesCS5B02G231300,1,0,1,1
TraesCS2A02G474000,1,0,1,1
TraesCS2D02G473700,1,0,1,1
TraesCS5D02G320600,1,0,1,1
TraesCS6B02G354900,3,2,1,1
TraesCS6D02G237000,1,0,1,1
TraesCS1A02G375600,1,0,1,1
TraesCS2A02G204500,1,0,1,1
TraesCS2B02G419600,1,0,1,1
TraesCS2D02G087400,1,0,1,1
TraesCS4B02G239700,1,0,1,1
TraesCS5B02G236400,5,4,1,1
TraesCS6D02G083800,1,0,1,1
TraesCS4B02G290700,1,0,1,1
TraesCS3D02G427900,1,0,1,1
TraesCS4A02G058900,1,0,1,1
TraesCS1A02G262700,1,0,1,1
TraesCS1A02G264300,1,0,1,1
TraesCS1B02G144800,1,0,1,1
TraesCS1B02G273300,1,0,1,1
TraesCS1B02G275000,1,0,1,1
TraesCS1D02G127700,1,0,1,1
TraesCS1D02G203300,1,0,1,1
TraesCS1D02G262700,1,0,1,1
TraesCS3A02G284400,2,1,1,1
TraesCS3B02G157500,1,0,1,1
TraesCS3D02G090300,1,0,1,1
TraesCS3D02G140200,1,0,1,1
TraesCS4D02G243700,1,0,1,1
TraesCS4D02G245200,1,0,1,1
TraesCS5A02G286800,1,0,1,1
TraesCS5A02G515500,1,0,1,1
TraesCS5B02G286100,1,0,1,1
TraesCS5D02G294500,1,0,1,1
TraesCS5D02G401700,1,0,1,1
TraesCS6A02G259000,1,0,1,1
TraesCS6B02G286400,1,0,1,1
TraesCS6D02G014600,1,0,1,1
TraesCS6D02G293200,1,0,1,1
TraesCS7A02G260600,1,0,1,1
TraesCS7A02G383800,1,0,1,1
TraesCS7B02G158600,1,0,1,1
TraesCS7B02G286600,1,0,1,1
TraesCS7D02G261600,1,0,1,1
TraesCS1A02G313400,1,0,1,1
TraesCS1A02G440100,1,0,1,1
TraesCS1B02G263200,1,0,1,1
TraesCS1D02G068000,1,0,1,1
TraesCS1D02G251800,1,0,1,1
TraesCS2B02G267000,1,0,1,1
TraesCS2B02G506100,1,0,1,1
TraesCS2B02G514500,1,0,1,1
TraesCS2D02G480400,1,0,1,1
TraesCS3B02G518100,1,0,1,1
TraesCS3D02G487600,1,0,1,1
TraesCS4D02G100800,1,0,1,1
TraesCS4D02G278100,1,0,1,1
TraesCS5B02G241500,1,0,1,1
TraesCS5B02G365700,1,0,1,1
TraesCS5B02G448700,2,1,1,1
TraesCS5D02G250200,1,0,1,1
TraesCS6A02G016400,1,0,1,1
TraesCS6A02G034400,1,0,1,1
TraesCS6A02G035600,1,0,1,1
TraesCS6A02G304500,1,0,1,1
TraesCS6A02G304600,1,0,1,1
TraesCS6A02G304700,1,0,1,1
TraesCS6B02G022900,1,0,1,1
TraesCS6B02G027100,1,0,1,1
TraesCS6B02G027700,1,0,1,1
TraesCS6B02G028000,1,0,1,1
TraesCS6B02G037100,1,0,1,1
TraesCS6B02G045400,1,0,1,1
TraesCS6B02G052800,1,0,1,1
TraesCS6B02G078100,1,0,1,1
TraesCS6B02G219200,1,0,1,1
TraesCS6B02G395400,1,0,1,1
TraesCS6D02G019700,1,0,1,1
TraesCS6D02G034900,1,0,1,1
TraesCS6D02G043300,1,0,1,1
TraesCS6D02G284000,2,1,1,1
TraesCS7A02G182800,1,0,1,1
TraesCS7B02G087800,1,0,1,1
TraesCS7B02G087900,1,0,1,1
TraesCS7B02G088500,1,0,1,1
TraesCS7B02G144700,1,0,1,1
TraesCS7D02G184800,1,0,1,1
TraesCS3A02G105800,1,0,1,1
TraesCS7A02G553800,1,0,1,1
TraesCS7D02G540700,1,0,1,1
TraesCS1A02G129300,1,0,1,1
TraesCS1A02G278900,1,0,1,1
TraesCS1A02G420500,1,0,1,1
TraesCS1B02G232300,2,1,1,1
TraesCS1B02G316200,2,1,1,1
TraesCS1B02G383700,1,0,1,1
TraesCS2A02G152900,1,0,1,1
TraesCS2A02G370300,1,0,1,1
TraesCS2A02G381900,1,0,1,1
TraesCS2A02G445500,1,0,1,1
TraesCS2B02G177900,2,1,1,1
TraesCS2B02G183100,1,0,1,1
TraesCS2B02G184500,1,0,1,1
TraesCS2B02G478700,1,0,1,1
TraesCS2D02G163700,2,1,1,1
TraesCS2D02G165900,1,0,1,1
TraesCS2D02G366800,1,0,1,1
TraesCS3A02G200300,1,0,1,1
TraesCS3A02G254500,1,0,1,1
TraesCS3A02G257800,2,1,1,1
TraesCS3A02G336500,1,0,1,1
TraesCS3A02G367600,2,1,1,1
TraesCS3A02G375500,1,0,1,1
TraesCS3A02G384400,1,0,1,1
TraesCS3B02G224500,2,1,1,1
TraesCS3B02G391900,1,0,1,1
TraesCS3B02G397100,1,0,1,1
TraesCS3B02G399300,2,1,1,1
TraesCS3D02G109800,1,0,1,1
TraesCS3D02G161100,2,1,1,1
TraesCS3D02G214200,1,0,1,1
TraesCS3D02G251600,1,0,1,1
TraesCS3D02G265100,1,0,1,1
TraesCS3D02G329400,1,0,1,1
TraesCS4A02G075400,1,0,1,1
TraesCS4A02G131700,1,0,1,1
TraesCS4B02G172900,1,0,1,1
TraesCS4D02G053300,1,0,1,1
TraesCS4D02G175000,1,0,1,1
TraesCS4D02G309700,1,0,1,1
TraesCS5A02G005500,1,0,1,1
TraesCS5A02G142500,2,1,1,1
TraesCS5A02G495500,1,0,1,1
TraesCS5B02G089200,3,2,1,1
TraesCS5B02G093000,2,1,1,1
TraesCS5B02G119300,1,0,1,1
TraesCS5B02G330100,1,0,1,1
TraesCS5B02G377500,1,0,1,1
TraesCS5D02G007000,1,0,1,1
TraesCS5D02G048400,1,0,1,1
TraesCS5D02G128200,1,0,1,1
TraesCS6A02G198000,1,0,1,1
TraesCS6A02G261100,1,0,1,1
TraesCS6A02G294000,2,1,1,1
TraesCS6B02G201700,1,0,1,1
TraesCS6D02G145300,1,0,1,1
TraesCS6D02G245900,1,0,1,1
TraesCS6D02G274900,1,0,1,1
TraesCS7A02G036100,1,0,1,1
TraesCS7A02G247200,1,0,1,1
TraesCS7A02G415800,2,1,1,1
TraesCS7A02G470700,1,0,1,1
TraesCS7B02G169900,2,1,1,1
TraesCS7B02G443800,1,0,1,1
TraesCS7D02G032700,1,0,1,1
TraesCS4D02G099300,1,0,1,1
TraesCS1A02G263700,1,0,1,1
TraesCS1A02G266300,1,0,1,1
TraesCS1B02G277300,1,0,1,1
TraesCS1D02G263800,1,0,1,1
TraesCS1D02G266500,1,0,1,1
TraesCS2A02G326500,2,1,1,1
TraesCS2A02G382400,1,0,1,1
TraesCS2B02G355600,1,0,1,1
TraesCS2D02G100700,1,0,1,1
TraesCS2D02G100800,2,1,1,1
TraesCS2D02G324700,1,0,1,1
TraesCS2D02G567000,1,0,1,1
TraesCS3B02G273600,1,0,1,1
TraesCS3D02G245500,1,0,1,1
TraesCS3D02G333100,2,1,1,1
TraesCS4A02G420900,1,0,1,1
TraesCS4B02G132500,2,1,1,1
TraesCS4D02G176000,1,0,1,1
TraesCS5A02G468300,1,0,1,1
TraesCS5D02G298600,2,1,1,1
TraesCS6A02G378600,1,0,1,1
TraesCS6B02G416500,1,0,1,1
TraesCS6D02G286300,2,1,1,1
TraesCS6D02G362800,1,0,1,1
TraesCS6D02G362900,2,1,1,1
TraesCS7A02G208200,1,0,1,1
TraesCS7A02G263100,2,1,1,1
TraesCS7A02G549000,2,1,1,1
TraesCS7B02G115400,1,0,1,1
TraesCS7B02G364600,1,0,1,1
TraesCS7D02G210600,1,0,1,1
TraesCS7D02G452500,7,6,1,1
TraesCSU02G137200,1,0,1,1
TraesCS1A02G192800,1,0,1,1
TraesCS1B02G207700,1,0,1,1
TraesCS1D02G196400,1,0,1,1
TraesCS7D02G279600,1,0,1,1
TraesCS4A02G200200,1,0,1,1
TraesCS4D02G112800,1,0,1,1
TraesCS6A02G227900,2,1,1,1
TraesCS4B02G325500,2,1,1,1
TraesCS5A02G349500,1,0,1,1
TraesCS2B02G309100,1,0,1,1
TraesCS2D02G290500,1,0,1,1
TraesCS1A02G255300,1,0,1,1
TraesCS3B02G468400,1,0,1,1
TraesCS3D02G425800,1,0,1,1
TraesCS4A02G359500,1,0,1,1
TraesCS6A02G110100,2,1,1,1
TraesCS6B02G138400,2,1,1,1
TraesCS6B02G183400,1,0,1,1
TraesCS7A02G249100,1,0,1,1
TraesCS1D02G436500,2,1,1,1
TraesCS3A02G491500,2,1,1,1
TraesCS5B02G319600,2,1,1,1
TraesCS7A02G270900,2,1,1,1
TraesCS2B02G359400,2,1,1,1
TraesCS3D02G408000,1,0,1,1
TraesCS7A02G414500,1,0,1,1
TraesCS4A02G249400,3,2,1,1
TraesCS4D02G064200,2,1,1,1
TraesCS4A02G140800,1,0,1,1
TraesCS4B02G166400,1,0,1,1
TraesCS6D02G121500,1,0,1,1
TraesCS1B02G453300,2,1,1,1
TraesCS1A02G298600,1,0,1,1
TraesCS1D02G418000,1,0,1,1
TraesCS2A02G161500,2,1,1,1
TraesCS2A02G330500,1,0,1,1
TraesCS2B02G209200,1,0,1,1
TraesCS2D02G269200,2,1,1,1
TraesCS2D02G431000,2,1,1,1
TraesCS3A02G116200,1,0,1,1
TraesCS3A02G167200,1,0,1,1
TraesCS3A02G229300,1,0,1,1
TraesCS3A02G289700,1,0,1,1
TraesCS3A02G343900,1,0,1,1
TraesCS3A02G527300,2,1,1,1
TraesCS3B02G199000,1,0,1,1
TraesCS3B02G324400,1,0,1,1
TraesCS3B02G595800,1,0,1,1
TraesCS3D02G354700,1,0,1,1
TraesCS3D02G532800,1,0,1,1
TraesCS4A02G162500,1,0,1,1
TraesCS5A02G059100,1,0,1,1
TraesCS5A02G104900,1,0,1,1
TraesCS5A02G156700,1,0,1,1
TraesCS5A02G185600,1,0,1,1
TraesCS5A02G381000,1,0,1,1
TraesCS5B02G183800,1,0,1,1
TraesCS5B02G384600,2,1,1,1
TraesCS5D02G162100,1,0,1,1
TraesCS5D02G190700,2,1,1,1
TraesCS5D02G190800,4,3,1,1
TraesCS7A02G338500,2,1,1,1
TraesCS7A02G343000,1,0,1,1
TraesCS7D02G336400,1,0,1,1
TraesCS3A02G538000,1,0,1,1
TraesCS3D02G543400,1,0,1,1
TraesCS1A02G009300,1,0,1,1
TraesCS1A02G263000,1,0,1,1
TraesCS1B02G053600,1,0,1,1
TraesCS1B02G086200,1,0,1,1
TraesCS1B02G104900,1,0,1,1
TraesCS1B02G113400,1,0,1,1
TraesCS1B02G130200,1,0,1,1
TraesCS1B02G132900,1,0,1,1
TraesCS1B02G138200,1,0,1,1
TraesCS1B02G138300,1,0,1,1
TraesCS1B02G140300,2,1,1,1
TraesCS1B02G142300,1,0,1,1
TraesCS1B02G149400,1,0,1,1
TraesCS2A02G064300,1,0,1,1
TraesCS2A02G141500,2,1,1,1
TraesCS2A02G536500,1,0,1,1
TraesCS2B02G427600,1,0,1,1
TraesCS2D02G225800,1,0,1,1
TraesCS2D02G226800,1,0,1,1
TraesCS2D02G438000,1,0,1,1
TraesCS2D02G440700,1,0,1,1
TraesCS3A02G179100,1,0,1,1
TraesCS3A02G244500,1,0,1,1
TraesCS3A02G292200,2,1,1,1
TraesCS3B02G243200,1,0,1,1
TraesCS3B02G416200,1,0,1,1
TraesCS3B02G431600,1,0,1,1
TraesCS3D02G021200,1,0,1,1
TraesCS3D02G242800,2,1,1,1
TraesCS4A02G137500,2,1,1,1
TraesCS4B02G162800,1,0,1,1
TraesCS4B02G300200,2,1,1,1
TraesCS5D02G013900,1,0,1,1
TraesCS5D02G322400,1,0,1,1
TraesCS5D02G343100,1,0,1,1
TraesCS6A02G044600,1,0,1,1
TraesCS6B02G131200,1,0,1,1
TraesCS7A02G012000,1,0,1,1
TraesCS7A02G017800,1,0,1,1
TraesCS7A02G091300,1,0,1,1
TraesCS7B02G127600,1,0,1,1
TraesCS7B02G331200,2,1,1,1
TraesCS7D02G417900,1,0,1,1
TraesCSU02G034700,1,0,1,1
TraesCSU02G065100,1,0,1,1
TraesCS1A02G159300,1,0,1,1
TraesCS1A02G182700,1,0,1,1
TraesCS1B02G198000,1,0,1,1
TraesCS1B02G390000,1,0,1,1
TraesCS1D02G162900,1,0,1,1
TraesCS1D02G280900,1,0,1,1
TraesCS2A02G313200,1,0,1,1
TraesCS2A02G559600,1,0,1,1
TraesCS2B02G112400,1,0,1,1
TraesCS2B02G221600,2,1,1,1
TraesCS2B02G389800,1,0,1,1
TraesCS2D02G531500,2,1,1,1
TraesCS2D02G532300,2,1,1,1
TraesCS3A02G023500,1,0,1,1
TraesCS3A02G267100,1,0,1,1
TraesCS3B02G379100,1,0,1,1
TraesCS3B02G501400,1,0,1,1
TraesCS3D02G516300,1,0,1,1
TraesCS4A02G021200,1,0,1,1
TraesCS4A02G414200,1,0,1,1
TraesCS4A02G421900,1,0,1,1
TraesCS4B02G232300,1,0,1,1
TraesCS4B02G392900,1,0,1,1
TraesCS5A02G119400,2,1,1,1
TraesCS5A02G214100,1,0,1,1
TraesCS5A02G531700,1,0,1,1
TraesCS5B02G187200,1,0,1,1
TraesCS5B02G272700,1,0,1,1
TraesCS5B02G422500,1,0,1,1
TraesCS5D02G197400,1,0,1,1
TraesCS5D02G425700,1,0,1,1
TraesCS6A02G065400,1,0,1,1
TraesCS6A02G407900,1,0,1,1
TraesCS6B02G192000,1,0,1,1
TraesCS6B02G387000,1,0,1,1
TraesCS6B02G445600,1,0,1,1
TraesCS6D02G133600,1,0,1,1
TraesCS6D02G179200,2,1,1,1
TraesCS6D02G187000,1,0,1,1
TraesCS7A02G111200,1,0,1,1
TraesCS7A02G359600,1,0,1,1
TraesCS7A02G432600,2,1,1,1
TraesCS7B02G015600,1,0,1,1
TraesCS7B02G061500,1,0,1,1
TraesCS7B02G208800,1,0,1,1
TraesCS7B02G289300,1,0,1,1
TraesCS7B02G300100,1,0,1,1
TraesCS7B02G442200,1,0,1,1
TraesCS7B02G452000,1,0,1,1
TraesCS7B02G481300,1,0,1,1
TraesCS7D02G553100,1,0,1,1
TraesCS1A02G078700,1,0,1,1
TraesCS1A02G307800,1,0,1,1
TraesCS1B02G000800,1,0,1,1
TraesCS1B02G001100,1,0,1,1
TraesCS1B02G002100,2,1,1,1
TraesCS1B02G118400,2,1,1,1
TraesCS1B02G224600,1,0,1,1
TraesCS1B02G344400,1,0,1,1
TraesCS1B02G426500,1,0,1,1
TraesCS1B02G464300,1,0,1,1
TraesCS1B02G474500,1,0,1,1
TraesCS1D02G065300,2,1,1,1
TraesCS1D02G098700,1,0,1,1
TraesCS1D02G184700,1,0,1,1
TraesCS1D02G430600,1,0,1,1
TraesCS2A02G319600,1,0,1,1
TraesCS2A02G417700,1,0,1,1
TraesCS2A02G550800,1,0,1,1
TraesCS2B02G003600,1,0,1,1
TraesCS2B02G303000,1,0,1,1
TraesCS2B02G306700,1,0,1,1
TraesCS2B02G460300,1,0,1,1
TraesCS2B02G599500,1,0,1,1
TraesCS3A02G150600,1,0,1,1
TraesCS3A02G211100,1,0,1,1
TraesCS3A02G298800,1,0,1,1
TraesCS3A02G353500,1,0,1,1
TraesCS3A02G538300,1,0,1,1
TraesCS3B02G265400,2,1,1,1
TraesCS3B02G346300,1,0,1,1
TraesCS3B02G448300,1,0,1,1
TraesCS3B02G601200,1,0,1,1
TraesCS3D02G023200,1,0,1,1
TraesCS3D02G129500,1,0,1,1
TraesCS3D02G208700,1,0,1,1
TraesCS4A02G073200,1,0,1,1
TraesCS4A02G139600,1,0,1,1
TraesCS4A02G258900,1,0,1,1
TraesCS4A02G349000,1,0,1,1
TraesCS4A02G422700,1,0,1,1
TraesCS4A02G482100,1,0,1,1
TraesCS5A02G370000,2,1,1,1
TraesCS5B02G024800,1,0,1,1
TraesCS5B02G119600,1,0,1,1
TraesCS5B02G287000,1,0,1,1
TraesCS5B02G316700,1,0,1,1
TraesCS5B02G318400,1,0,1,1
TraesCS5B02G320600,1,0,1,1
TraesCS5B02G320900,1,0,1,1
TraesCS5B02G326800,1,0,1,1
TraesCS5B02G329400,1,0,1,1
TraesCS5B02G357700,1,0,1,1
TraesCS5B02G470600,1,0,1,1
TraesCS6A02G024900,2,1,1,1
TraesCS6A02G025000,1,0,1,1
TraesCS6A02G045200,1,0,1,1
TraesCS6A02G059600,1,0,1,1
TraesCS6A02G158200,1,0,1,1
TraesCS6A02G199800,1,0,1,1
TraesCS6A02G240700,1,0,1,1
TraesCS6A02G410800,1,0,1,1
TraesCS6B02G117700,1,0,1,1
TraesCS6B02G119000,1,0,1,1
TraesCS6B02G128400,1,0,1,1
TraesCS6B02G194900,1,0,1,1
TraesCS6B02G257400,1,0,1,1
TraesCS6B02G263700,1,0,1,1
TraesCS6B02G412400,1,0,1,1
TraesCS6D02G392000,1,0,1,1
TraesCS6D02G393200,1,0,1,1
TraesCS7A02G110500,1,0,1,1
TraesCS7A02G152700,2,1,1,1
TraesCS7A02G440800,1,0,1,1
TraesCS7B02G274600,2,1,1,1
TraesCS7B02G291600,2,1,1,1
TraesCS7B02G354200,1,0,1,1
TraesCS7B02G435900,1,0,1,1
TraesCS7B02G443200,1,0,1,1
TraesCS7D02G155900,1,0,1,1
TraesCSU02G086900,1,0,1,1
TraesCS1B02G056700,2,1,1,1
TraesCS1B02G083500,1,0,1,1
TraesCS1B02G117200,1,0,1,1
TraesCS1B02G121000,1,0,1,1
TraesCS1B02G123100,1,0,1,1
TraesCS1B02G124800,1,0,1,1
TraesCS1B02G134000,1,0,1,1
TraesCS1B02G147600,1,0,1,1
TraesCS1B02G215800,1,0,1,1
TraesCS1B02G236300,1,0,1,1
TraesCS1D02G130200,1,0,1,1
TraesCS1D02G166900,1,0,1,1
TraesCS2A02G138200,1,0,1,1
TraesCS2A02G198600,1,0,1,1
TraesCS2D02G106800,2,1,1,1
TraesCS3A02G019300,1,0,1,1
TraesCS3A02G292800,1,0,1,1
TraesCS3A02G386200,1,0,1,1
TraesCS3B02G408100,1,0,1,1
TraesCS3B02G452800,1,0,1,1
TraesCS4A02G112000,1,0,1,1
TraesCS4A02G139100,1,0,1,1
TraesCS4B02G085900,1,0,1,1
TraesCS5A02G301800,1,0,1,1
TraesCS5A02G547400,1,0,1,1
TraesCS5B02G136800,2,1,1,1
TraesCS5B02G537800,1,0,1,1
TraesCS5D02G454200,1,0,1,1
TraesCS6A02G045800,1,0,1,1
TraesCS6A02G145800,1,0,1,1
TraesCS6A02G181200,2,1,1,1
TraesCS6A02G196500,2,1,1,1
TraesCS6B02G095500,1,0,1,1
TraesCS6B02G254400,1,0,1,1
TraesCS6B02G295800,1,0,1,1
TraesCS7A02G540000,1,0,1,1
TraesCS7B02G051400,1,0,1,1
TraesCS7B02G222100,1,0,1,1
TraesCS7B02G313700,1,0,1,1
TraesCS7D02G119700,1,0,1,1
TraesCS7D02G425000,1,0,1,1
TraesCS1A02G125500,2,1,1,1
TraesCS1A02G249600,1,0,1,1
TraesCS1A02G384200,1,0,1,1
TraesCS1B02G171300,1,0,1,1
TraesCS1B02G195500,1,0,1,1
TraesCS1B02G219800,1,0,1,1
TraesCS1B02G236000,2,1,1,1
TraesCS1B02G260400,1,0,1,1
TraesCS1D02G124500,1,0,1,1
TraesCS1D02G125100,1,0,1,1
TraesCS1D02G350100,1,0,1,1
TraesCS2A02G226800,1,0,1,1
TraesCS2A02G227000,1,0,1,1
TraesCS2A02G331100,1,0,1,1
TraesCS2A02G489700,1,0,1,1
TraesCS2B02G145700,2,1,1,1
TraesCS2B02G273200,1,0,1,1
TraesCS2B02G550700,1,0,1,1
TraesCS2B02G588400,1,0,1,1
TraesCS2D02G300900,1,0,1,1
TraesCS2D02G315000,1,0,1,1
TraesCS2D02G401100,1,0,1,1
TraesCS2D02G433900,1,0,1,1
TraesCS3A02G053300,1,0,1,1
TraesCS3A02G086700,1,0,1,1
TraesCS3A02G130200,2,1,1,1
TraesCS3A02G350900,1,0,1,1
TraesCS3A02G422700,1,0,1,1
TraesCS3A02G448800,1,0,1,1
TraesCS3B02G093100,1,0,1,1
TraesCS3B02G149100,1,0,1,1
TraesCS3B02G177800,1,0,1,1
TraesCS3B02G290400,1,0,1,1
TraesCS3B02G363500,1,0,1,1
TraesCS3B02G396300,2,1,1,1
TraesCS3D02G096800,1,0,1,1
TraesCS3D02G325100,2,1,1,1
TraesCS3D02G459500,1,0,1,1
TraesCS4A02G010400,1,0,1,1
TraesCS4A02G059700,1,0,1,1
TraesCS4A02G092200,1,0,1,1
TraesCS4A02G265200,1,0,1,1
TraesCS4A02G425100,1,0,1,1
TraesCS4A02G425300,1,0,1,1
TraesCS4D02G134100,1,0,1,1
TraesCS4D02G194200,1,0,1,1
TraesCS4D02G289800,2,1,1,1
TraesCS4D02G364000,1,0,1,1
TraesCS5A02G045200,1,0,1,1
TraesCS5A02G084100,1,0,1,1
TraesCS5A02G176400,1,0,1,1
TraesCS5A02G221100,1,0,1,1
TraesCS5A02G400900,1,0,1,1
TraesCS5A02G424100,1,0,1,1
TraesCS5B02G072500,1,0,1,1
TraesCS5B02G089700,3,2,1,1
TraesCS5B02G167200,1,0,1,1
TraesCS5B02G180400,2,1,1,1
TraesCS5B02G198300,1,0,1,1
TraesCS5B02G451100,5,4,1,1
TraesCS5D02G004800,1,0,1,1
TraesCS5D02G074800,1,0,1,1
TraesCS5D02G109200,1,0,1,1
TraesCS5D02G140800,1,0,1,1
TraesCS5D02G188600,2,1,1,1
TraesCS5D02G310600,2,1,1,1
TraesCS5D02G411100,1,0,1,1
TraesCS5D02G503500,2,1,1,1
TraesCS6A02G416300,1,0,1,1
TraesCS6B02G084400,1,0,1,1
TraesCS6B02G092400,2,1,1,1
TraesCS6B02G162500,2,1,1,1
TraesCS6B02G267300,1,0,1,1
TraesCS6B02G296200,1,0,1,1
TraesCS6B02G411500,1,0,1,1
TraesCS6B02G411700,2,1,1,1
TraesCS7A02G035400,1,0,1,1
TraesCS7A02G141500,1,0,1,1
TraesCS7A02G377500,1,0,1,1
TraesCS7A02G444300,1,0,1,1
TraesCS7B02G226800,1,0,1,1
TraesCS7B02G263700,1,0,1,1
TraesCS7D02G349700,1,0,1,1
TraesCS7D02G401800,4,3,1,1
TraesCS7D02G477900,2,1,1,1
TraesCS1B02G263900,2,1,1,1
TraesCS1B02G322200,1,0,1,1
TraesCS1B02G459100,1,0,1,1
TraesCS1D02G061400,2,1,1,1
TraesCS2A02G187600,2,1,1,1
TraesCS2A02G362900,1,0,1,1
TraesCS2B02G202200,2,1,1,1
TraesCS2B02G231600,1,0,1,1
TraesCS2B02G443100,1,0,1,1
TraesCS2B02G572900,2,1,1,1
TraesCS2D02G068600,1,0,1,1
TraesCS2D02G216900,1,0,1,1
TraesCS2D02G305200,1,0,1,1
TraesCS2D02G516200,2,1,1,1
TraesCS2D02G588200,2,1,1,1
TraesCS3B02G135700,1,0,1,1
TraesCS3B02G216800,1,0,1,1
TraesCS3B02G217500,1,0,1,1
TraesCS3B02G266900,1,0,1,1
TraesCS3B02G267400,1,0,1,1
TraesCS3B02G450000,1,0,1,1
TraesCS3B02G503200,1,0,1,1
TraesCS3D02G264800,2,1,1,1
TraesCS3D02G298500,1,0,1,1
TraesCS3D02G483400,1,0,1,1
TraesCS3D02G496900,1,0,1,1
TraesCS3D02G535600,1,0,1,1
TraesCS4A02G102200,1,0,1,1
TraesCS4A02G227900,1,0,1,1
TraesCS4B02G020000,1,0,1,1
TraesCS4B02G047600,1,0,1,1
TraesCS4B02G180800,1,0,1,1
TraesCS4B02G316500,1,0,1,1
TraesCS4B02G393600,8,7,1,1
TraesCS4D02G059900,4,3,1,1
TraesCS4D02G085300,1,0,1,1
TraesCS4D02G190600,1,0,1,1
TraesCS5A02G050100,1,0,1,1
TraesCS5A02G208500,2,1,1,1
TraesCS5A02G267100,1,0,1,1
TraesCS5B02G039600,1,0,1,1
TraesCS5B02G120600,1,0,1,1
TraesCS5B02G207200,1,0,1,1
TraesCS5D02G154200,1,0,1,1
TraesCS5D02G217800,2,1,1,1
TraesCS5D02G384900,1,0,1,1
TraesCS5D02G537300,1,0,1,1
TraesCS6A02G178400,1,0,1,1
TraesCS6A02G359800,1,0,1,1
TraesCS6B02G307600,1,0,1,1
TraesCS6D02G138900,1,0,1,1
TraesCS6D02G183600,1,0,1,1
TraesCS7A02G145600,1,0,1,1
TraesCS7A02G295100,1,0,1,1
TraesCS7A02G542800,1,0,1,1
TraesCS7B02G319900,1,0,1,1
TraesCS7D02G120700,1,0,1,1
TraesCS7D02G263600,1,0,1,1
TraesCS7D02G376300,1,0,1,1
TraesCS7D02G376400,1,0,1,1
TraesCSU02G047500,1,0,1,1
TraesCS1A02G100200,1,0,1,1
TraesCS1A02G212400,1,0,1,1
TraesCS1A02G213000,1,0,1,1
TraesCS1A02G244300,1,0,1,1
TraesCS1A02G378200,1,0,1,1
TraesCS1A02G386400,1,0,1,1
TraesCS1B02G152100,1,0,1,1
TraesCS1D02G097800,1,0,1,1
TraesCS1D02G201200,1,0,1,1
TraesCS1D02G218000,2,1,1,1
TraesCS1D02G262300,1,0,1,1
TraesCS1D02G303400,1,0,1,1
TraesCS1D02G374500,1,0,1,1
TraesCS1D02G385200,1,0,1,1
TraesCS2A02G038000,2,1,1,1
TraesCS2A02G172400,1,0,1,1
TraesCS2A02G191100,1,0,1,1
TraesCS2A02G277100,1,0,1,1
TraesCS2A02G302900,1,0,1,1
TraesCS2A02G308800,1,0,1,1
TraesCS2A02G557900,1,0,1,1
TraesCS2A02G591500,1,0,1,1
TraesCS2B02G050400,1,0,1,1
TraesCS2B02G239300,2,1,1,1
TraesCS2B02G242200,1,0,1,1
TraesCS2B02G363200,1,0,1,1
TraesCS2B02G425600,1,0,1,1
TraesCS2B02G446300,1,0,1,1
TraesCS2B02G499400,1,0,1,1
TraesCS2B02G553600,2,1,1,1
TraesCS2D02G125800,3,2,1,1
TraesCS2D02G163000,1,0,1,1
TraesCS2D02G299300,1,0,1,1
TraesCS2D02G376200,1,0,1,1
TraesCS2D02G404800,1,0,1,1
TraesCS2D02G433000,1,0,1,1
TraesCS2D02G435100,1,0,1,1
TraesCS3A02G077600,1,0,1,1
TraesCS3A02G111500,1,0,1,1
TraesCS3A02G117700,2,1,1,1
TraesCS3A02G125500,1,0,1,1
TraesCS3A02G160500,1,0,1,1
TraesCS3A02G233100,1,0,1,1
TraesCS3A02G268200,1,0,1,1
TraesCS3A02G316300,1,0,1,1
TraesCS3A02G348200,1,0,1,1
TraesCS3A02G404300,1,0,1,1
TraesCS3A02G418600,1,0,1,1
TraesCS3A02G445100,1,0,1,1
TraesCS3A02G459200,1,0,1,1
TraesCS3B02G039800,1,0,1,1
TraesCS3B02G132300,1,0,1,1
TraesCS3B02G191100,1,0,1,1
TraesCS3B02G215000,1,0,1,1
TraesCS3B02G244100,1,0,1,1
TraesCS3B02G252500,1,0,1,1
TraesCS3B02G263600,1,0,1,1
TraesCS3B02G283700,1,0,1,1
TraesCS3B02G310300,1,0,1,1
TraesCS3B02G361600,1,0,1,1
TraesCS3B02G384700,1,0,1,1
TraesCS3B02G394600,1,0,1,1
TraesCS3D02G113800,1,0,1,1
TraesCS3D02G158100,1,0,1,1
TraesCS3D02G186700,1,0,1,1
TraesCS3D02G187400,2,1,1,1
TraesCS3D02G236700,1,0,1,1
TraesCS3D02G325000,1,0,1,1
TraesCS3D02G364700,1,0,1,1
TraesCS3D02G366700,1,0,1,1
TraesCS3D02G367700,1,0,1,1
TraesCS3D02G375400,1,0,1,1
TraesCS3D02G399500,1,0,1,1
TraesCS3D02G414200,1,0,1,1
TraesCS3D02G496200,1,0,1,1
TraesCS4A02G107800,2,1,1,1
TraesCS4A02G149300,1,0,1,1
TraesCS4A02G180700,1,0,1,1
TraesCS4A02G186100,1,0,1,1
TraesCS4A02G280600,1,0,1,1
TraesCS4B02G003100,1,0,1,1
TraesCS4B02G032200,1,0,1,1
TraesCS4B02G049600,2,1,1,1
TraesCS4B02G059600,1,0,1,1
TraesCS4B02G095900,1,0,1,1
TraesCS4B02G272000,1,0,1,1
TraesCS4B02G291500,1,0,1,1
TraesCS4B02G371900,1,0,1,1
TraesCS4D02G001300,1,0,1,1
TraesCS4D02G029900,1,0,1,1
TraesCS4D02G212800,1,0,1,1
TraesCS4D02G242700,1,0,1,1
TraesCS4D02G365600,1,0,1,1
TraesCS5A02G060400,1,0,1,1
TraesCS5A02G165300,1,0,1,1
TraesCS5A02G181700,1,0,1,1
TraesCS5A02G190000,2,1,1,1
TraesCS5A02G192400,1,0,1,1
TraesCS5A02G242800,1,0,1,1
TraesCS5A02G280900,1,0,1,1
TraesCS5A02G346500,1,0,1,1
TraesCS5A02G369700,2,1,1,1
TraesCS5A02G426300,1,0,1,1
TraesCS5A02G510600,1,0,1,1
TraesCS5A02G526300,2,1,1,1
TraesCS5A02G542400,1,0,1,1
TraesCS5B02G133500,1,0,1,1
TraesCS5B02G194100,1,0,1,1
TraesCS5B02G320200,1,0,1,1
TraesCS5B02G360700,1,0,1,1
TraesCS5B02G405700,1,0,1,1
TraesCS5B02G406200,1,0,1,1
TraesCS5B02G427700,1,0,1,1
TraesCS5B02G429000,1,0,1,1
TraesCS5B02G453800,1,0,1,1
TraesCS5B02G466200,1,0,1,1
TraesCS5B02G521500,2,1,1,1
TraesCS5B02G538200,1,0,1,1
TraesCS5B02G543300,1,0,1,1
TraesCS5D02G104200,1,0,1,1
TraesCS5D02G309900,1,0,1,1
TraesCS5D02G386000,1,0,1,1
TraesCS5D02G397200,1,0,1,1
TraesCS5D02G411700,1,0,1,1
TraesCS5D02G435000,1,0,1,1
TraesCS5D02G465500,1,0,1,1
TraesCS5D02G522400,1,0,1,1
TraesCS6A02G246800,1,0,1,1
TraesCS6A02G289100,1,0,1,1
TraesCS6A02G307900,2,1,1,1
TraesCS6A02G377400,1,0,1,1
TraesCS6B02G074300,1,0,1,1
TraesCS6B02G175300,1,0,1,1
TraesCS6B02G187900,1,0,1,1
TraesCS6B02G281800,1,0,1,1
TraesCS6B02G287700,1,0,1,1
TraesCS6B02G296500,1,0,1,1
TraesCS6B02G301300,2,1,1,1
TraesCS6B02G336400,1,0,1,1
TraesCS6B02G425900,1,0,1,1
TraesCS6D02G143100,1,0,1,1
TraesCS6D02G148800,1,0,1,1
TraesCS6D02G352300,2,1,1,1
TraesCS7A02G043900,1,0,1,1
TraesCS7A02G141300,1,0,1,1
TraesCS7A02G182500,1,0,1,1
TraesCS7A02G236100,1,0,1,1
TraesCS7A02G264400,1,0,1,1
TraesCS7A02G324100,1,0,1,1
TraesCS7A02G512300,1,0,1,1
TraesCS7B02G042600,1,0,1,1
TraesCS7B02G047100,1,0,1,1
TraesCS7B02G092200,1,0,1,1
TraesCS7B02G126400,1,0,1,1
TraesCS7B02G222500,1,0,1,1
TraesCS7B02G224800,1,0,1,1
TraesCS7B02G278800,1,0,1,1
TraesCS7D02G207300,1,0,1,1
TraesCS7D02G247800,1,0,1,1
TraesCS7D02G265400,1,0,1,1
TraesCS7D02G320800,1,0,1,1
TraesCS7D02G322800,2,1,1,1
TraesCS7D02G373800,1,0,1,1
TraesCS7D02G403100,1,0,1,1
TraesCS7D02G476300,1,0,1,1
TraesCS1A02G151600,1,0,1,1
TraesCS1B02G287300,1,0,1,1
TraesCS1D02G031700,1,0,1,1
TraesCS1D02G148600,1,0,1,1
TraesCS2B02G307500,1,0,1,1
TraesCS2B02G337100,2,1,1,1
TraesCS2D02G136500,2,1,1,1
TraesCS3A02G277200,1,0,1,1
TraesCS3A02G391000,1,0,1,1
TraesCS3B02G324500,1,0,1,1
TraesCS3D02G160900,1,0,1,1
TraesCS3D02G202600,1,0,1,1
TraesCS4A02G096700,1,0,1,1
TraesCS4A02G268200,1,0,1,1
TraesCS4A02G269200,1,0,1,1
TraesCS4D02G012100,2,1,1,1
TraesCS5A02G038100,1,0,1,1
TraesCS5A02G128500,1,0,1,1
TraesCS5B02G017000,2,1,1,1
TraesCS5B02G170700,1,0,1,1
TraesCS5D02G236600,1,0,1,1
TraesCS5D02G319900,1,0,1,1
TraesCS5D02G388400,1,0,1,1
TraesCS6A02G275100,4,3,1,1
TraesCS6A02G413300,1,0,1,1
TraesCS6B02G068000,2,1,1,1
TraesCS6B02G079800,1,0,1,1
TraesCS6B02G353100,1,0,1,1
TraesCS6B02G353500,1,0,1,1
TraesCS6D02G302800,1,0,1,1
TraesCS7A02G488600,1,0,1,1
TraesCS7B02G391800,1,0,1,1
TraesCSU02G021600,1,0,1,1
TraesCS1B02G171100,1,0,1,1
TraesCS1B02G241100,1,0,1,1
TraesCS1B02G341100,1,0,1,1
TraesCS1B02G415200,1,0,1,1
TraesCS1D02G266600,1,0,1,1
TraesCS2A02G224500,1,0,1,1
TraesCS2A02G244200,1,0,1,1
TraesCS2A02G311900,1,0,1,1
TraesCS2B02G150800,1,0,1,1
TraesCS2B02G246200,1,0,1,1
TraesCS2B02G260500,2,1,1,1
TraesCS2B02G297200,1,0,1,1
TraesCS2B02G354300,1,0,1,1
TraesCS2B02G524000,1,0,1,1
TraesCS2D02G173700,1,0,1,1
TraesCS2D02G416600,1,0,1,1
TraesCS2D02G546600,1,0,1,1
TraesCS3A02G069800,2,1,1,1
TraesCS3A02G099500,1,0,1,1
TraesCS3A02G242200,1,0,1,1
TraesCS3B02G122400,2,1,1,1
TraesCS3B02G342100,1,0,1,1
TraesCS3B02G448900,1,0,1,1
TraesCS3B02G597500,1,0,1,1
TraesCS3D02G118500,1,0,1,1
TraesCS3D02G152300,1,0,1,1
TraesCS3D02G228700,1,0,1,1
TraesCS3D02G533700,1,0,1,1
TraesCS4A02G161900,1,0,1,1
TraesCS4A02G279600,1,0,1,1
TraesCS4A02G360700,1,0,1,1
TraesCS4A02G421400,1,0,1,1
TraesCS4B02G144200,1,0,1,1
TraesCS4B02G188000,1,0,1,1
TraesCS4B02G223900,1,0,1,1
TraesCS4B02G285200,1,0,1,1
TraesCS4D02G174600,1,0,1,1
TraesCS5A02G041400,1,0,1,1
TraesCS5A02G220400,3,2,1,1
TraesCS5A02G245700,2,1,1,1
TraesCS5A02G326600,1,0,1,1
TraesCS5B02G118800,1,0,1,1
TraesCS5B02G165900,1,0,1,1
TraesCS5B02G242700,1,0,1,1
TraesCS5B02G380700,1,0,1,1
TraesCS5D02G446200,1,0,1,1
TraesCS6A02G159300,1,0,1,1
TraesCS6B02G181000,1,0,1,1
TraesCS6B02G353700,1,0,1,1
TraesCS6B02G452200,1,0,1,1
TraesCS6D02G076900,1,0,1,1
TraesCS6D02G136600,1,0,1,1
TraesCS6D02G265200,1,0,1,1
TraesCS6D02G360400,1,0,1,1
TraesCS7A02G208600,1,0,1,1
TraesCS7A02G244700,1,0,1,1
TraesCS7A02G316900,1,0,1,1
TraesCS7A02G407000,1,0,1,1
TraesCS7A02G434200,1,0,1,1
TraesCS7B02G136700,1,0,1,1
TraesCS7B02G180000,1,0,1,1
TraesCS7B02G253500,1,0,1,1
TraesCS7B02G315000,1,0,1,1
TraesCS7D02G088100,1,0,1,1
TraesCS7D02G437000,1,0,1,1
TraesCS7D02G482600,1,0,1,1
TraesCS1A02G099400,1,0,1,1
TraesCS1A02G336100,1,0,1,1
TraesCS1B02G279100,1,0,1,1
TraesCS1D02G263500,1,0,1,1
TraesCS1D02G335100,1,0,1,1
TraesCS2A02G208000,1,0,1,1
TraesCS2A02G548100,1,0,1,1
TraesCS2B02G180500,1,0,1,1
TraesCS2B02G250400,1,0,1,1
TraesCS2B02G391900,2,1,1,1
TraesCS2B02G533400,1,0,1,1
TraesCS2D02G040800,1,0,1,1
TraesCS2D02G174700,1,0,1,1
TraesCS2D02G395100,1,0,1,1
TraesCS2D02G549200,1,0,1,1
TraesCS3A02G150100,1,0,1,1
TraesCS3A02G301400,1,0,1,1
TraesCS3B02G033100,1,0,1,1
TraesCS3B02G040900,2,1,1,1
TraesCS3B02G373400,1,0,1,1
TraesCS3B02G373500,1,0,1,1
TraesCS3B02G572900,2,1,1,1
TraesCS3D02G044200,1,0,1,1
TraesCS3D02G158800,1,0,1,1
TraesCS3D02G225700,1,0,1,1
TraesCS3D02G252000,1,0,1,1
TraesCS3D02G335100,1,0,1,1
TraesCS4B02G098300,1,0,1,1
TraesCS4B02G229200,1,0,1,1
TraesCS4D02G035700,3,2,1,1
TraesCS4D02G126400,2,1,1,1
TraesCS4D02G176900,1,0,1,1
TraesCS5B02G231900,2,1,1,1
TraesCS5B02G263700,1,0,1,1
TraesCS5D02G387700,2,1,1,1
TraesCS5D02G447500,1,0,1,1
TraesCS5D02G465000,1,0,1,1
TraesCS5D02G556700,1,0,1,1
TraesCS6A02G142400,1,0,1,1
TraesCS6A02G327700,1,0,1,1
TraesCS6B02G280500,1,0,1,1
TraesCS6B02G305000,2,1,1,1
TraesCS6B02G326500,1,0,1,1
TraesCS6D02G276900,1,0,1,1
TraesCS7A02G126200,1,0,1,1
TraesCS7A02G136300,1,0,1,1
TraesCS7A02G252200,1,0,1,1
TraesCS7A02G438100,1,0,1,1
TraesCS7A02G559400,1,0,1,1
TraesCS7B02G037300,1,0,1,1
TraesCS7B02G116500,3,2,1,1
TraesCS7B02G138700,1,0,1,1
TraesCS7B02G455300,1,0,1,1
TraesCS7D02G136300,1,0,1,1
TraesCS7D02G236600,2,1,1,1
TraesCS7D02G250300,1,0,1,1
TraesCSU02G045900,2,1,1,1
TraesCSU02G126700,1,0,1,1
TraesCS1A02G170200,1,0,1,1
TraesCS1A02G178100,1,0,1,1
TraesCS1A02G243700,1,0,1,1
TraesCS1B02G091700,1,0,1,1
TraesCS1B02G099600,2,1,1,1
TraesCS1B02G119100,1,0,1,1
TraesCS1B02G179200,1,0,1,1
TraesCS1B02G190900,1,0,1,1
TraesCS1B02G368500,1,0,1,1
TraesCS1B02G450500,4,3,1,1
TraesCS1D02G101200,1,0,1,1
TraesCS1D02G137800,1,0,1,1
TraesCS1D02G165300,1,0,1,1
TraesCS1D02G167900,1,0,1,1
TraesCS1D02G192400,1,0,1,1
TraesCS1D02G224600,1,0,1,1
TraesCS1D02G255500,1,0,1,1
TraesCS2A02G300200,1,0,1,1
TraesCS2A02G303400,1,0,1,1
TraesCS2A02G307400,1,0,1,1
TraesCS2A02G335100,1,0,1,1
TraesCS2A02G336800,1,0,1,1
TraesCS2A02G346300,1,0,1,1
TraesCS2A02G469200,1,0,1,1
TraesCS2A02G540200,2,1,1,1
TraesCS2A02G554400,1,0,1,1
TraesCS2A02G581600,1,0,1,1
TraesCS2B02G175300,1,0,1,1
TraesCS2B02G297600,1,0,1,1
TraesCS2B02G418300,1,0,1,1
TraesCS2B02G529600,1,0,1,1
TraesCS2B02G610200,2,1,1,1
TraesCS2D02G014800,1,0,1,1
TraesCS2D02G226300,5,4,1,1
TraesCS2D02G248100,1,0,1,1
TraesCS2D02G368100,1,0,1,1
TraesCS2D02G464700,1,0,1,1
TraesCS2D02G492700,1,0,1,1
TraesCS3A02G065100,1,0,1,1
TraesCS3A02G253900,1,0,1,1
TraesCS3A02G309000,1,0,1,1
TraesCS3A02G328200,1,0,1,1
TraesCS3A02G337200,1,0,1,1
TraesCS3A02G389100,1,0,1,1
TraesCS3A02G463700,2,1,1,1
TraesCS3B02G042600,1,0,1,1
TraesCS3B02G043100,1,0,1,1
TraesCS3B02G177400,1,0,1,1
TraesCS3B02G232800,1,0,1,1
TraesCS3B02G234900,1,0,1,1
TraesCS3B02G334300,1,0,1,1
TraesCS3B02G442700,2,1,1,1
TraesCS3B02G560200,2,1,1,1
TraesCS3D02G116300,1,0,1,1
TraesCS3D02G150900,1,0,1,1
TraesCS3D02G278000,1,0,1,1
TraesCS3D02G306800,2,1,1,1
TraesCS3D02G383300,1,0,1,1
TraesCS4A02G108000,1,0,1,1
TraesCS4A02G132700,1,0,1,1
TraesCS4A02G136900,1,0,1,1
TraesCS4A02G149700,1,0,1,1
TraesCS4A02G304100,3,2,1,1
TraesCS4A02G475100,1,0,1,1
TraesCS4B02G079200,1,0,1,1
TraesCS4B02G144700,1,0,1,1
TraesCS4B02G202400,1,0,1,1
TraesCS4B02G241700,1,0,1,1
TraesCS4B02G360800,1,0,1,1
TraesCS4D02G078000,1,0,1,1
TraesCS4D02G129700,1,0,1,1
TraesCS4D02G236100,1,0,1,1
TraesCS4D02G241500,2,1,1,1
TraesCS4D02G359900,1,0,1,1
TraesCS5A02G159400,1,0,1,1
TraesCS5A02G161400,1,0,1,1
TraesCS5A02G189200,1,0,1,1
TraesCS5A02G233200,1,0,1,1
TraesCS5A02G312700,2,1,1,1
TraesCS5A02G340400,1,0,1,1
TraesCS5A02G383100,2,1,1,1
TraesCS5A02G383700,1,0,1,1
TraesCS5A02G386800,1,0,1,1
TraesCS5A02G429400,1,0,1,1
TraesCS5A02G453700,1,0,1,1
TraesCS5B02G064600,1,0,1,1
TraesCS5B02G108000,1,0,1,1
TraesCS5B02G130300,2,1,1,1
TraesCS5B02G220600,1,0,1,1
TraesCS5B02G266700,1,0,1,1
TraesCS5B02G385300,1,0,1,1
TraesCS5B02G450200,1,0,1,1
TraesCS5B02G494200,1,0,1,1
TraesCS5B02G526800,1,0,1,1
TraesCS5B02G543400,1,0,1,1
TraesCS5D02G021200,1,0,1,1
TraesCS5D02G063600,1,0,1,1
TraesCS5D02G164500,1,0,1,1
TraesCS5D02G181000,1,0,1,1
TraesCS5D02G228500,2,1,1,1
TraesCS5D02G230200,1,0,1,1
TraesCS5D02G261400,2,1,1,1
TraesCS5D02G344400,1,0,1,1
TraesCS5D02G401000,1,0,1,1
TraesCS5D02G450400,1,0,1,1
TraesCS5D02G463400,1,0,1,1
TraesCS6A02G037900,1,0,1,1
TraesCS6A02G102200,1,0,1,1
TraesCS6A02G193400,2,1,1,1
TraesCS6A02G230000,1,0,1,1
TraesCS6A02G237200,1,0,1,1
TraesCS6A02G286900,1,0,1,1
TraesCS6A02G330300,2,1,1,1
TraesCS6A02G354100,1,0,1,1
TraesCS6B02G345900,1,0,1,1
TraesCS6B02G379400,1,0,1,1
TraesCS6B02G408100,1,0,1,1
TraesCS6D02G151600,1,0,1,1
TraesCS6D02G156900,1,0,1,1
TraesCS6D02G198400,1,0,1,1
TraesCS6D02G227500,2,1,1,1
TraesCS6D02G257900,1,0,1,1
TraesCS6D02G327400,1,0,1,1
TraesCS6D02G328700,1,0,1,1
TraesCS6D02G336400,1,0,1,1
TraesCS7A02G088000,1,0,1,1
TraesCS7A02G169500,1,0,1,1
TraesCS7A02G176600,1,0,1,1
TraesCS7A02G254200,1,0,1,1
TraesCS7A02G267400,1,0,1,1
TraesCS7A02G283700,1,0,1,1
TraesCS7A02G328800,1,0,1,1
TraesCS7A02G482000,1,0,1,1
TraesCS7A02G528600,2,1,1,1
TraesCS7B02G009400,1,0,1,1
TraesCS7B02G144400,1,0,1,1
TraesCS7B02G164800,1,0,1,1
TraesCS7B02G384200,1,0,1,1
TraesCS7D02G140400,1,0,1,1
TraesCS7D02G213700,1,0,1,1
TraesCS7D02G245700,1,0,1,1
TraesCS7D02G297000,1,0,1,1
TraesCS7D02G451600,1,0,1,1
TraesCSU02G022800,1,0,1,1
TraesCSU02G032000,1,0,1,1
TraesCS1A02G120000,1,0,1,1
TraesCS1A02G189400,2,1,1,1
TraesCS1A02G190500,2,1,1,1
TraesCS1A02G191800,1,0,1,1
TraesCS1A02G233800,1,0,1,1
TraesCS1A02G255000,2,1,1,1
TraesCS1A02G292200,1,0,1,1
TraesCS1A02G346700,1,0,1,1
TraesCS1A02G354400,1,0,1,1
TraesCS1A02G384000,2,1,1,1
TraesCS1B02G068000,1,0,1,1
TraesCS1B02G097200,1,0,1,1
TraesCS1B02G289700,2,1,1,1
TraesCS1B02G460800,1,0,1,1
TraesCS1D02G045400,1,0,1,1
TraesCS1D02G111000,1,0,1,1
TraesCS1D02G186500,1,0,1,1
TraesCS1D02G352900,1,0,1,1
TraesCS2A02G208500,1,0,1,1
TraesCS2A02G285700,1,0,1,1
TraesCS2A02G580000,2,1,1,1
TraesCS2B02G253600,1,0,1,1
TraesCS2B02G330200,2,1,1,1
TraesCS2B02G437900,1,0,1,1
TraesCS2B02G593500,1,0,1,1
TraesCS2D02G018600,1,0,1,1
TraesCS2D02G249400,1,0,1,1
TraesCS2D02G284200,1,0,1,1
TraesCS2D02G343200,1,0,1,1
TraesCS2D02G350300,1,0,1,1
TraesCS2D02G421100,1,0,1,1
TraesCS3A02G085800,1,0,1,1
TraesCS3A02G388500,1,0,1,1
TraesCS3A02G440700,1,0,1,1
TraesCS3B02G080200,1,0,1,1
TraesCS3B02G086400,1,0,1,1
TraesCS3B02G329100,1,0,1,1
TraesCS4A02G306300,1,0,1,1
TraesCS4B02G077900,5,4,1,1
TraesCS4B02G171900,1,0,1,1
TraesCS4D02G007100,1,0,1,1
TraesCS4D02G059100,1,0,1,1
TraesCS4D02G105600,2,1,1,1
TraesCS4D02G354000,1,0,1,1
TraesCS5A02G089300,1,0,1,1
TraesCS5A02G199900,1,0,1,1
TraesCS5A02G366900,1,0,1,1
TraesCS5A02G396200,2,1,1,1
TraesCS5A02G480600,1,0,1,1
TraesCS5B02G303300,2,1,1,1
TraesCS5B02G369300,2,1,1,1
TraesCS5B02G444100,1,0,1,1
TraesCS5B02G505800,1,0,1,1
TraesCS5B02G531300,2,1,1,1
TraesCS5D02G205500,1,0,1,1
TraesCS5D02G219500,1,0,1,1
TraesCS5D02G276100,2,1,1,1
TraesCS5D02G307200,1,0,1,1
TraesCS5D02G529600,2,1,1,1
TraesCS6A02G198200,1,0,1,1
TraesCS6A02G406600,1,0,1,1
TraesCS6B02G247500,1,0,1,1
TraesCS6D02G066200,1,0,1,1
TraesCS6D02G138600,1,0,1,1
TraesCS6D02G183400,1,0,1,1
TraesCS6D02G204300,2,1,1,1
TraesCS6D02G335900,1,0,1,1
TraesCS7A02G061700,1,0,1,1
TraesCS7A02G183500,2,1,1,1
TraesCS7A02G466700,1,0,1,1
TraesCS7B02G153700,1,0,1,1
TraesCS7B02G401900,2,1,1,1
TraesCS7D02G260000,1,0,1,1
TraesCS7D02G364100,2,1,1,1
TraesCS7D02G391400,1,0,1,1
TraesCS7D02G415500,1,0,1,1
TraesCS1A02G077700,2,1,1,1
TraesCS1A02G358600,2,1,1,1
TraesCS1B02G225700,1,0,1,1
TraesCS1B02G416700,1,0,1,1
TraesCS1D02G021600,1,0,1,1
TraesCS1D02G034800,1,0,1,1
TraesCS1D02G265200,1,0,1,1
TraesCS2A02G007500,2,1,1,1
TraesCS2A02G588900,1,0,1,1
TraesCS2B02G131800,1,0,1,1
TraesCS2B02G299200,2,1,1,1
TraesCS2B02G552800,2,1,1,1
TraesCS2D02G091300,1,0,1,1
TraesCS2D02G128200,1,0,1,1
TraesCS2D02G135700,3,2,1,1
TraesCS2D02G183300,5,4,1,1
TraesCS2D02G304100,1,0,1,1
TraesCS2D02G336800,4,3,1,1
TraesCS2D02G379000,2,1,1,1
TraesCS2D02G409600,2,1,1,1
TraesCS2D02G564900,1,0,1,1
TraesCS3A02G156800,1,0,1,1
TraesCS3A02G230900,1,0,1,1
TraesCS3A02G302400,2,1,1,1
TraesCS3A02G321000,1,0,1,1
TraesCS3A02G480000,1,0,1,1
TraesCS3B02G063200,1,0,1,1
TraesCS3B02G063500,1,0,1,1
TraesCS3B02G162000,2,1,1,1
TraesCS3B02G183300,1,0,1,1
TraesCS3B02G275200,2,1,1,1
TraesCS3B02G483900,2,1,1,1
TraesCS3B02G597800,1,0,1,1
TraesCS3D02G001600,2,1,1,1
TraesCS3D02G164500,1,0,1,1
TraesCS3D02G240000,2,1,1,1
TraesCS3D02G385300,2,1,1,1
TraesCS4A02G093500,1,0,1,1
TraesCS4A02G342500,3,2,1,1
TraesCS4B02G014700,1,0,1,1
TraesCS4D02G072700,1,0,1,1
TraesCS4D02G106000,2,1,1,1
TraesCS4D02G319100,1,0,1,1
TraesCS5A02G228900,1,0,1,1
TraesCS5A02G456300,1,0,1,1
TraesCS5A02G527600,1,0,1,1
TraesCS5B02G021800,1,0,1,1
TraesCS5B02G226500,2,1,1,1
TraesCS5B02G465300,2,1,1,1
TraesCS5B02G541500,1,0,1,1
TraesCS5D02G156100,1,0,1,1
TraesCS5D02G217200,1,0,1,1
TraesCS5D02G225300,2,1,1,1
TraesCS5D02G325900,1,0,1,1
TraesCS6A02G012400,1,0,1,1
TraesCS6A02G111400,2,1,1,1
TraesCS6A02G306000,1,0,1,1
TraesCS6B02G188000,3,2,1,1
TraesCS6B02G217000,1,0,1,1
TraesCS6B02G298700,1,0,1,1
TraesCS6B02G314200,2,1,1,1
TraesCS6B02G334300,1,0,1,1
TraesCS6B02G351300,4,3,1,1
TraesCS6B02G395000,2,1,1,1
TraesCS6D02G219900,2,1,1,1
TraesCS6D02G222300,1,0,1,1
TraesCS6D02G231400,1,0,1,1
TraesCS6D02G300300,2,1,1,1
TraesCS6D02G353700,23,22,1,1
TraesCS7A02G075100,1,0,1,1
TraesCS7A02G137000,2,1,1,1
TraesCS7A02G168400,2,1,1,1
TraesCS7A02G182900,1,0,1,1
TraesCS7A02G232900,2,1,1,1
TraesCS7A02G269600,2,1,1,1
TraesCS7B02G174400,1,0,1,1
TraesCS7B02G213000,1,0,1,1
TraesCS7B02G250200,2,1,1,1
TraesCS7B02G485000,1,0,1,1
TraesCS7D02G051100,2,1,1,1
TraesCS7D02G089800,4,3,1,1
TraesCS7D02G142000,1,0,1,1
TraesCS7D02G142300,1,0,1,1
TraesCS7D02G235800,2,1,1,1
TraesCS7D02G236300,2,1,1,1
TraesCS7D02G309400,1,0,1,1
TraesCS7D02G347000,1,0,1,1
TraesCS1A02G076400,2,1,1,1
TraesCS1A02G111000,1,0,1,1
TraesCS1B02G126500,2,1,1,1
TraesCS1B02G206600,1,0,1,1
TraesCS1B02G244300,1,0,1,1
TraesCS1B02G289600,1,0,1,1
TraesCS1D02G191900,1,0,1,1
TraesCS1D02G277900,1,0,1,1
TraesCS1D02G370100,1,0,1,1
TraesCS2A02G432700,1,0,1,1
TraesCS2A02G477900,1,0,1,1
TraesCS2A02G523700,2,1,1,1
TraesCS2B02G004500,2,1,1,1
TraesCS2B02G083700,1,0,1,1
TraesCS2B02G123900,2,1,1,1
TraesCS2B02G147000,1,0,1,1
TraesCS2B02G160600,1,0,1,1
TraesCS2B02G167700,1,0,1,1
TraesCS2B02G213200,2,1,1,1
TraesCS2B02G259500,1,0,1,1
TraesCS2B02G261200,1,0,1,1
TraesCS2B02G338900,1,0,1,1
TraesCS2B02G386700,1,0,1,1
TraesCS2B02G555200,1,0,1,1
TraesCS2D02G097700,1,0,1,1
TraesCS2D02G106300,1,0,1,1
TraesCS2D02G397900,2,1,1,1
TraesCS2D02G443200,1,0,1,1
TraesCS3A02G047200,1,0,1,1
TraesCS3A02G128500,2,1,1,1
TraesCS3A02G136500,1,0,1,1
TraesCS3A02G147300,1,0,1,1
TraesCS3A02G262100,1,0,1,1
TraesCS3A02G265000,1,0,1,1
TraesCS3A02G426500,2,1,1,1
TraesCS3B02G155600,1,0,1,1
TraesCS3B02G253700,1,0,1,1
TraesCS3B02G362900,1,0,1,1
TraesCS3D02G138800,2,1,1,1
TraesCS3D02G205600,1,0,1,1
TraesCS3D02G247000,1,0,1,1
TraesCS3D02G290600,1,0,1,1
TraesCS3D02G300600,1,0,1,1
TraesCS3D02G333000,1,0,1,1
TraesCS3D02G421300,2,1,1,1
TraesCS4A02G028700,1,0,1,1
TraesCS4A02G033400,1,0,1,1
TraesCS4A02G035900,1,0,1,1
TraesCS4A02G194800,2,1,1,1
TraesCS4A02G233600,1,0,1,1
TraesCS4A02G236000,1,0,1,1
TraesCS4A02G304300,1,0,1,1
TraesCS4B02G057400,1,0,1,1
TraesCS4B02G059500,2,1,1,1
TraesCS4B02G100100,1,0,1,1
TraesCS4B02G120400,2,1,1,1
TraesCS4B02G220700,1,0,1,1
TraesCS4B02G238700,2,1,1,1
TraesCS4B02G242900,1,0,1,1
TraesCS4B02G297900,1,0,1,1
TraesCS4B02G305400,2,1,1,1
TraesCS4D02G015300,1,0,1,1
TraesCS4D02G045700,1,0,1,1
TraesCS4D02G158900,2,1,1,1
TraesCS4D02G222600,1,0,1,1
TraesCS4D02G227400,1,0,1,1
TraesCS4D02G296700,1,0,1,1
TraesCS5A02G131400,1,0,1,1
TraesCS5A02G209800,1,0,1,1
TraesCS5A02G291900,1,0,1,1
TraesCS5A02G407300,1,0,1,1
TraesCS5B02G103400,1,0,1,1
TraesCS5B02G205500,1,0,1,1
TraesCS5B02G389500,1,0,1,1
TraesCS5B02G396100,1,0,1,1
TraesCS5B02G436300,1,0,1,1
TraesCS5B02G559000,1,0,1,1
TraesCS5D02G092100,2,1,1,1
TraesCS5D02G401600,1,0,1,1
TraesCS5D02G440900,1,0,1,1
TraesCS6A02G115400,1,0,1,1
TraesCS6A02G223100,1,0,1,1
TraesCS6A02G242700,1,0,1,1
TraesCS6A02G253500,2,1,1,1
TraesCS6A02G258900,1,0,1,1
TraesCS6A02G271300,1,0,1,1
TraesCS6A02G333900,1,0,1,1
TraesCS6B02G099600,1,0,1,1
TraesCS6B02G161100,1,0,1,1
TraesCS6B02G340400,1,0,1,1
TraesCS6D02G104000,1,0,1,1
TraesCS6D02G105800,2,1,1,1
TraesCS6D02G146200,1,0,1,1
TraesCS6D02G169200,1,0,1,1
TraesCS6D02G289800,1,0,1,1
TraesCS6D02G354100,2,1,1,1
TraesCS6D02G369400,1,0,1,1
TraesCS7A02G203200,1,0,1,1
TraesCS7A02G269200,1,0,1,1
TraesCS7A02G323800,2,1,1,1
TraesCS7A02G326200,2,1,1,1
TraesCS7A02G334900,1,0,1,1
TraesCS7B02G069100,1,0,1,1
TraesCS7B02G110100,1,0,1,1
TraesCS7B02G162500,1,0,1,1
TraesCS7B02G200400,1,0,1,1
TraesCS7B02G241900,2,1,1,1
TraesCS7B02G262300,5,4,1,1
TraesCS7B02G322800,1,0,1,1
TraesCS7B02G354100,1,0,1,1
TraesCS7D02G000400,1,0,1,1
TraesCS7D02G004400,1,0,1,1
TraesCS7D02G165300,1,0,1,1
TraesCS7D02G269700,1,0,1,1
TraesCS7D02G398300,2,1,1,1
TraesCS1A02G159200,1,0,1,1
TraesCS1A02G268700,1,0,1,1
TraesCS1A02G282000,1,0,1,1
TraesCS1B02G288800,1,0,1,1
TraesCS1B02G339100,1,0,1,1
TraesCS1B02G357000,1,0,1,1
TraesCS1B02G425400,1,0,1,1
TraesCS1D02G098400,1,0,1,1
TraesCS1D02G222800,4,3,1,1
TraesCS1D02G237100,2,1,1,1
TraesCS1D02G278900,1,0,1,1
TraesCS1D02G292400,1,0,1,1
TraesCS2A02G339900,2,1,1,1
TraesCS2B02G337300,1,0,1,1
TraesCS2D02G066000,3,2,1,1
TraesCS2D02G175200,1,0,1,1
TraesCS2D02G224400,2,1,1,1
TraesCS2D02G263100,1,0,1,1
TraesCS2D02G367800,1,0,1,1
TraesCS2D02G455400,1,0,1,1
TraesCS3A02G083200,2,1,1,1
TraesCS3A02G113900,1,0,1,1
TraesCS3A02G230700,1,0,1,1
TraesCS3A02G338400,1,0,1,1
TraesCS3A02G381100,1,0,1,1
TraesCS3A02G404800,1,0,1,1
TraesCS3A02G416900,1,0,1,1
TraesCS3A02G443600,1,0,1,1
TraesCS3B02G098100,2,1,1,1
TraesCS3B02G277400,1,0,1,1
TraesCS3B02G406300,1,0,1,1
TraesCS3B02G416000,1,0,1,1
TraesCS3B02G420700,1,0,1,1
TraesCS3B02G438500,1,0,1,1
TraesCS3D02G117700,1,0,1,1
TraesCS3D02G169400,2,1,1,1
TraesCS3D02G179500,1,0,1,1
TraesCS3D02G326200,1,0,1,1
TraesCS3D02G343900,1,0,1,1
TraesCS3D02G359500,1,0,1,1
TraesCS3D02G400200,1,0,1,1
TraesCS4A02G025200,1,0,1,1
TraesCS4A02G094600,1,0,1,1
TraesCS4A02G151200,2,1,1,1
TraesCS4A02G154100,1,0,1,1
TraesCS4A02G232500,1,0,1,1
TraesCS4B02G165600,1,0,1,1
TraesCS4B02G272500,1,0,1,1
TraesCS4B02G278900,1,0,1,1
TraesCS4D02G000500,1,0,1,1
TraesCS4D02G083300,1,0,1,1
TraesCS4D02G190300,1,0,1,1
TraesCS4D02G218000,1,0,1,1
TraesCS4D02G239100,1,0,1,1
TraesCS4D02G268000,2,1,1,1
TraesCS4D02G304300,1,0,1,1
TraesCS5A02G027000,1,0,1,1
TraesCS5A02G186300,1,0,1,1
TraesCS5A02G265100,1,0,1,1
TraesCS5A02G275800,1,0,1,1
TraesCS5A02G328900,1,0,1,1
TraesCS5A02G356400,1,0,1,1
TraesCS5A02G357500,1,0,1,1
TraesCS5A02G418000,1,0,1,1
TraesCS5A02G505000,1,0,1,1
TraesCS5B02G184700,1,0,1,1
TraesCS5B02G221400,1,0,1,1
TraesCS5B02G230300,1,0,1,1
TraesCS5B02G232300,1,0,1,1
TraesCS5B02G474600,1,0,1,1
TraesCS5D02G034700,1,0,1,1
TraesCS5D02G069400,2,1,1,1
TraesCS5D02G150600,1,0,1,1
TraesCS5D02G176300,1,0,1,1
TraesCS5D02G251800,2,1,1,1
TraesCS6A02G147000,1,0,1,1
TraesCS6A02G178000,1,0,1,1
TraesCS6A02G216400,1,0,1,1
TraesCS6A02G218300,1,0,1,1
TraesCS6A02G302800,1,0,1,1
TraesCS6B02G139300,1,0,1,1
TraesCS6B02G227800,1,0,1,1
TraesCS6B02G332100,1,0,1,1
TraesCS6B02G392900,1,0,1,1
TraesCS6D02G146700,1,0,1,1
TraesCS6D02G149100,1,0,1,1
TraesCS6D02G152100,1,0,1,1
TraesCS6D02G280100,1,0,1,1
TraesCS6D02G346000,1,0,1,1
TraesCS7A02G145900,1,0,1,1
TraesCS7A02G396200,1,0,1,1
TraesCS7A02G464500,1,0,1,1
TraesCS7A02G501400,1,0,1,1
TraesCS7A02G516600,1,0,1,1
TraesCS7B02G303500,1,0,1,1
TraesCS7B02G365000,1,0,1,1
TraesCS7B02G395100,1,0,1,1
TraesCS7D02G061800,2,1,1,1
TraesCS7D02G237000,2,1,1,1
TraesCS7D02G299500,1,0,1,1
TraesCS7D02G305000,1,0,1,1
TraesCS7D02G334000,1,0,1,1
TraesCSU02G113400,1,0,1,1
TraesCS3A02G157500,2,0,2,2
TraesCS3A02G405100,6,4,2,2
TraesCS3B02G184200,2,0,2,2
TraesCS4A02G241500,2,0,2,2
TraesCS4B02G094000,2,0,2,2
TraesCS4B02G251500,2,0,2,2
TraesCS4B02G348500,2,0,2,2
TraesCS4D02G071900,2,0,2,2
TraesCS4D02G098100,2,0,2,2
TraesCS5A02G127100,2,0,2,2
TraesCS5A02G438600,3,1,2,2
TraesCS5B02G073800,2,0,2,2
TraesCS5B02G510500,2,0,2,2
TraesCS5B02G514600,3,1,2,2
TraesCS5D02G372900,2,0,2,2
TraesCS6D02G384000,2,0,2,2
TraesCS1A02G242800,2,0,2,2
TraesCS1B02G256000,78,76,2,2
TraesCS1D02G225000,7,5,2,2
TraesCS1D02G230900,2,0,2,2
TraesCS2A02G417100,5,3,2,2
TraesCS2B02G448100,2,0,2,2
TraesCS2B02G572500,2,0,2,2
TraesCS2D02G506500,5,3,2,2
TraesCS3A02G313100,4,2,2,2
TraesCS3A02G379900,2,0,2,2
TraesCS3B02G368400,2,0,2,2
TraesCS5B02G220400,2,0,2,2
TraesCS6D02G225700,3,1,2,2
TraesCS6D02G309600,17,15,2,2
TraesCS7A02G128800,2,0,2,2
TraesCS7A02G180900,2,0,2,2
TraesCS7A02G250900,7,5,2,2
TraesCS7A02G495800,3,1,2,2
TraesCS7D02G469200,7,5,2,2
TraesCS2B02G519200,2,0,2,2
TraesCS2D02G548900,3,1,2,2
TraesCS3D02G166700,2,0,2,2
TraesCS6A02G113000,2,0,2,2
TraesCS7A02G475700,2,0,2,2
TraesCS7B02G316600,2,0,2,2
TraesCS6B02G308000,2,0,2,2
TraesCS1A02G260000,3,1,2,2
TraesCS3A02G402300,2,0,2,2
TraesCS4D02G078800,3,1,2,2
TraesCS2A02G461700,6,4,2,2
TraesCS3B02G284800,2,0,2,2
TraesCS5A02G420200,4,2,2,2
TraesCS6B02G391100,2,0,2,2
TraesCS3B02G470700,2,0,2,2
TraesCS4D02G090500,2,0,2,2
TraesCS7B02G091900,2,0,2,2
TraesCS3D02G185500,3,1,2,2
TraesCS6D02G236700,2,0,2,2
TraesCS6D02G254200,2,0,2,2
TraesCS7A02G213400,2,0,2,2
TraesCS1B02G126600,3,1,2,2
TraesCS3A02G274900,2,0,2,2
TraesCS3B02G308500,2,0,2,2
TraesCS4B02G374400,13,11,2,2
TraesCS5B02G508800,2,0,2,2
TraesCS1A02G176300,2,0,2,2
TraesCS1A02G445600,2,0,2,2
TraesCS1B02G297900,2,0,2,2
TraesCS6D02G315300,4,2,2,2
TraesCS3B02G204600,2,0,2,2
TraesCS7B02G310300,3,1,2,2
TraesCS4A02G482000,2,0,2,2
TraesCS5D02G139500,2,0,2,2
TraesCS7A02G014200,2,0,2,2
TraesCS7D02G174300,2,0,2,2
TraesCS6A02G269600,3,1,2,2
TraesCS6B02G267500,2,0,2,2
TraesCS5D02G052300,2,0,2,2
TraesCS5B02G243800,10,8,2,2
TraesCS3B02G260800,3,1,2,2
TraesCS4D02G236600,2,0,2,2
TraesCS5A02G199300,3,1,2,2
TraesCS5B02G317400,2,0,2,2
TraesCS6B02G321100,3,1,2,2
TraesCS7D02G078800,8,6,2,2
TraesCS2A02G401200,2,0,2,2
TraesCS3A02G305300,2,0,2,2
TraesCS5B02G330300,5,3,2,2
TraesCS7A02G270100,7,5,2,2
TraesCS2B02G232000,3,1,2,2
TraesCS2D02G151200,2,0,2,2
TraesCS3A02G405200,4,2,2,2
TraesCS3D02G280600,2,0,2,2
TraesCS5B02G315600,3,1,2,2
TraesCS5D02G393200,3,1,2,2
TraesCS6A02G017400,2,0,2,2
TraesCS4B02G351500,3,1,2,2
TraesCS6B02G392600,8,6,2,2
TraesCS7B02G299400,4,2,2,2
TraesCS4D02G341700,2,0,2,2
TraesCS5A02G391800,2,0,2,2
TraesCS7A02G122100,2,0,2,2
TraesCS7D02G120500,2,0,2,2
TraesCS1A02G251800,2,0,2,2
TraesCS1D02G323800,2,0,2,2
TraesCS2B02G122000,2,0,2,2
TraesCS3B02G538400,2,0,2,2
TraesCS6D02G020600,2,0,2,2
TraesCS6D02G023900,2,0,2,2
TraesCS7A02G182700,2,0,2,2
TraesCS7A02G183200,2,0,2,2
TraesCS7D02G184200,2,0,2,2
TraesCS1A02G042700,3,1,2,2
TraesCS1A02G096800,2,0,2,2
TraesCS2A02G158900,2,0,2,2
TraesCS2A02G456600,3,1,2,2
TraesCS2B02G381800,2,0,2,2
TraesCS2D02G437600,3,1,2,2
TraesCS3A02G187800,2,0,2,2
TraesCS3A02G307700,2,0,2,2
TraesCS3B02G039100,3,1,2,2
TraesCS3B02G217100,2,0,2,2
TraesCS3B02G280700,2,0,2,2
TraesCS3D02G191400,2,0,2,2
TraesCS4A02G172200,4,2,2,2
TraesCS5B02G086900,3,1,2,2
TraesCS6D02G219300,2,0,2,2
TraesCS7D02G272400,3,1,2,2
TraesCS7D02G300000,3,1,2,2
TraesCS2A02G101200,2,0,2,2
TraesCS2A02G338300,2,0,2,2
TraesCS2B02G118400,2,0,2,2
TraesCS2B02G343600,2,0,2,2
TraesCS2B02G353900,2,0,2,2
TraesCS2B02G355500,3,1,2,2
TraesCS2D02G334300,3,1,2,2
TraesCS2D02G378800,3,1,2,2
TraesCS3A02G078400,4,2,2,2
TraesCS3B02G439600,6,4,2,2
TraesCS4A02G130600,2,0,2,2
TraesCS4B02G329100,3,1,2,2
TraesCS5A02G500400,2,0,2,2
TraesCS5B02G275200,15,13,2,2
TraesCS5D02G283200,22,20,2,2
TraesCS6A02G378500,2,0,2,2
TraesCS7A02G464800,3,1,2,2
TraesCS7B02G160900,2,0,2,2
TraesCS7B02G270300,2,0,2,2
TraesCS1D02G069600,2,0,2,2
TraesCS7B02G180100,2,0,2,2
TraesCS3A02G432500,2,0,2,2
TraesCS1D02G241300,3,1,2,2
TraesCS7B02G306300,3,1,2,2
TraesCS7A02G422900,2,0,2,2
TraesCS6D02G138700,2,0,2,2
TraesCS2B02G289000,3,1,2,2
TraesCS1A02G197400,2,0,2,2
TraesCS1B02G308200,2,0,2,2
TraesCS1B02G440500,2,0,2,2
TraesCS2A02G270200,3,1,2,2
TraesCS2A02G489500,2,0,2,2
TraesCS2B02G454300,3,1,2,2
TraesCS4B02G121500,2,0,2,2
TraesCS5D02G390800,2,0,2,2
TraesCS6B02G175100,5,3,2,2
TraesCS1D02G213700,2,0,2,2
TraesCS2A02G391900,2,0,2,2
TraesCS3B02G391800,2,0,2,2
TraesCS4A02G331600,2,0,2,2
TraesCS4A02G394100,2,0,2,2
TraesCS4A02G423800,2,0,2,2
TraesCS5D02G117500,2,0,2,2
TraesCS5D02G282700,2,0,2,2
TraesCS7A02G212100,3,1,2,2
TraesCS7B02G329700,2,0,2,2
TraesCS7B02G331700,2,0,2,2
TraesCS7B02G483200,2,0,2,2
TraesCS5A02G010300,2,0,2,2
TraesCS5A02G343000,3,1,2,2
TraesCS5B02G039200,4,2,2,2
TraesCS6A02G166800,2,0,2,2
TraesCS7A02G337200,2,0,2,2
TraesCS7D02G149800,2,0,2,2
TraesCS1B02G132400,2,0,2,2
TraesCS1D02G437800,2,0,2,2
TraesCS2D02G054600,2,0,2,2
TraesCS3A02G087800,2,0,2,2
TraesCS3B02G422000,2,0,2,2
TraesCS4D02G022200,2,0,2,2
TraesCS5A02G539700,2,0,2,2
TraesCS5B02G329000,2,0,2,2
TraesCS5B02G359900,2,0,2,2
TraesCS5B02G538400,2,0,2,2
TraesCS5D02G039400,2,0,2,2
TraesCS6A02G060200,2,0,2,2
TraesCS6D02G263600,2,0,2,2
TraesCS6D02G362400,2,0,2,2
TraesCS6D02G383300,3,1,2,2
TraesCS6D02G392900,2,0,2,2
TraesCS7D02G369200,2,0,2,2
TraesCS1B02G117000,2,0,2,2
TraesCS3A02G296800,2,0,2,2
TraesCS3B02G410200,2,0,2,2
TraesCS4B02G143600,3,1,2,2
TraesCS5A02G123600,3,1,2,2
TraesCS5B02G140300,2,0,2,2
TraesCS5D02G260800,2,0,2,2
TraesCS6B02G197500,2,0,2,2
TraesCS7A02G091400,2,0,2,2
TraesCS7A02G382300,2,0,2,2
TraesCS7B02G142300,2,0,2,2
TraesCS7B02G332700,2,0,2,2
TraesCS7D02G015200,2,0,2,2
TraesCS1B02G165700,2,0,2,2
TraesCS1D02G101300,3,1,2,2
TraesCS1D02G314400,2,0,2,2
TraesCS2A02G330000,2,0,2,2
TraesCS2A02G401000,2,0,2,2
TraesCS2B02G416000,2,0,2,2
TraesCS3D02G500600,2,0,2,2
TraesCS4A02G061400,2,0,2,2
TraesCS5A02G086600,2,0,2,2
TraesCS6D02G290800,3,1,2,2
TraesCS7A02G312000,2,0,2,2
TraesCS7B02G098300,2,0,2,2
TraesCS1B02G225400,2,0,2,2
TraesCS2B02G178100,2,0,2,2
TraesCS4A02G270600,2,0,2,2
TraesCS4B02G098900,2,0,2,2
TraesCS6A02G334700,2,0,2,2
TraesCS6B02G163100,2,0,2,2
TraesCS7B02G483700,2,0,2,2
TraesCS1A02G102800,2,0,2,2
TraesCS1A02G215500,2,0,2,2
TraesCS1A02G267800,2,0,2,2
TraesCS1B02G136800,3,1,2,2
TraesCS1B02G194300,3,1,2,2
TraesCS1B02G278500,2,0,2,2
TraesCS2A02G380800,2,0,2,2
TraesCS2A02G583100,2,0,2,2
TraesCS2B02G587100,2,0,2,2
TraesCS3A02G355700,3,1,2,2
TraesCS3A02G365000,2,0,2,2
TraesCS3A02G478800,2,0,2,2
TraesCS3B02G378500,2,0,2,2
TraesCS4A02G262200,2,0,2,2
TraesCS4B02G059700,2,0,2,2
TraesCS4B02G093600,2,0,2,2
TraesCS4D02G029200,2,0,2,2
TraesCS4D02G170700,2,0,2,2
TraesCS5D02G192100,2,0,2,2
TraesCS6D02G154200,2,0,2,2
TraesCS2D02G077000,2,0,2,2
TraesCS2D02G093600,3,1,2,2
TraesCS2D02G107300,2,0,2,2
TraesCS2D02G316500,3,1,2,2
TraesCS3D02G235700,2,0,2,2
TraesCS5D02G163100,3,1,2,2
TraesCS6A02G323000,4,2,2,2
TraesCS7B02G464400,3,1,2,2
TraesCS1D02G344200,2,0,2,2
TraesCS3B02G424200,3,1,2,2
TraesCS7A02G282300,2,0,2,2
TraesCS1D02G315700,2,0,2,2
TraesCS5A02G233700,2,0,2,2
TraesCS6D02G226000,2,0,2,2
TraesCS1B02G374500,2,0,2,2
TraesCS1D02G429600,2,0,2,2
TraesCS2B02G454000,2,0,2,2
TraesCS2B02G572700,2,0,2,2
TraesCS2D02G219100,2,0,2,2
TraesCS2D02G414200,2,0,2,2
TraesCS3A02G087500,3,1,2,2
TraesCS3A02G092100,2,0,2,2
TraesCS3A02G289000,2,0,2,2
TraesCS3A02G364100,2,0,2,2
TraesCS3A02G394600,3,1,2,2
TraesCS3B02G469000,2,0,2,2
TraesCS3D02G141100,7,5,2,2
TraesCS4A02G302700,3,1,2,2
TraesCS4B02G002600,2,0,2,2
TraesCS4B02G190700,2,0,2,2
TraesCS5A02G301700,2,0,2,2
TraesCS5B02G051200,2,0,2,2
TraesCS5D02G015800,3,1,2,2
TraesCS5D02G139300,3,1,2,2
TraesCS6B02G288600,3,1,2,2
TraesCS6D02G167800,2,0,2,2
TraesCS7D02G271700,2,0,2,2
TraesCS2A02G423400,3,1,2,2
TraesCS2B02G045200,2,0,2,2
TraesCS2B02G413200,2,0,2,2
TraesCS2B02G495400,2,0,2,2
TraesCS5B02G195500,3,1,2,2
TraesCS6A02G237600,3,1,2,2
TraesCS6B02G280900,2,0,2,2
TraesCS7B02G019600,3,1,2,2
TraesCS7D02G096800,3,1,2,2
TraesCS7D02G271500,2,0,2,2
TraesCS1A02G076700,2,0,2,2
TraesCS1A02G125900,6,4,2,2
TraesCS1D02G268500,2,0,2,2
TraesCS2A02G425800,3,1,2,2
TraesCS2A02G566700,3,1,2,2
TraesCS2D02G121400,3,1,2,2
TraesCS2D02G178100,3,1,2,2
TraesCS2D02G346600,3,1,2,2
TraesCS2D02G364800,6,4,2,2
TraesCS3A02G390200,2,0,2,2
TraesCS3B02G062600,2,0,2,2
TraesCS3B02G062700,2,0,2,2
TraesCS4A02G042100,2,0,2,2
TraesCS4A02G224000,2,0,2,2
TraesCS5D02G399100,2,0,2,2
TraesCS5D02G413900,4,2,2,2
TraesCS6A02G012100,2,0,2,2
TraesCS7A02G399000,2,0,2,2
TraesCS7B02G038100,3,1,2,2
TraesCS7B02G379200,2,0,2,2
TraesCS7D02G055500,3,1,2,2
TraesCSU02G057000,2,0,2,2
TraesCS1A02G347100,2,0,2,2
TraesCS1B02G159700,3,1,2,2
TraesCS1D02G287700,2,0,2,2
TraesCS2A02G319100,2,0,2,2
TraesCS2B02G307900,3,1,2,2
TraesCS2B02G437300,2,0,2,2
TraesCS2B02G465200,2,0,2,2
TraesCS3A02G139300,3,1,2,2
TraesCS3A02G265100,4,2,2,2
TraesCS3A02G276200,2,0,2,2
TraesCS3B02G372300,3,1,2,2
TraesCS3D02G087400,2,0,2,2
TraesCS4B02G277100,3,1,2,2
TraesCS5D02G284600,2,0,2,2
TraesCS6B02G362700,3,1,2,2
TraesCS6D02G138000,2,0,2,2
TraesCS7A02G424300,2,0,2,2
TraesCS1A02G054900,3,1,2,2
TraesCS1B02G347100,3,1,2,2
TraesCS1D02G102200,2,0,2,2
TraesCS2A02G197600,2,0,2,2
TraesCS3A02G101800,2,0,2,2
TraesCS3A02G240100,3,1,2,2
TraesCS3B02G395700,2,0,2,2
TraesCS4B02G051600,2,0,2,2
TraesCS4B02G210300,2,0,2,2
TraesCS4D02G051900,2,0,2,2
TraesCS4D02G282500,3,1,2,2
TraesCS5A02G233300,2,0,2,2
TraesCS7A02G239100,2,0,2,2
TraesCS7A02G358100,2,0,2,2
TraesCS7A02G480100,3,1,2,2
TraesCS7B02G205100,3,1,2,2
TraesCS7D02G211800,2,0,2,2
TraesCS3A02G285800,3,0,3,3
TraesCS7A02G179800,3,0,3,3
TraesCS7A02G399500,4,1,3,3
TraesCS1A02G223400,4,1,3,3
TraesCS1A02G372300,3,0,3,3
TraesCS1D02G378400,3,0,3,3
TraesCS1D02G418900,3,0,3,3
TraesCS2A02G542700,4,1,3,3
TraesCS2B02G531100,4,1,3,3
TraesCS2D02G412200,4,1,3,3
TraesCS3A02G291400,3,0,3,3
TraesCS3B02G412500,3,0,3,3
TraesCS5D02G320800,4,1,3,3
TraesCS7B02G401400,4,1,3,3
TraesCS2A02G547800,4,1,3,3
TraesCS2D02G491200,4,1,3,3
TraesCS3D02G245400,4,1,3,3
TraesCS5A02G038300,4,1,3,3
TraesCS3A02G346300,4,1,3,3
TraesCS3B02G378100,4,1,3,3
TraesCS3D02G340000,4,1,3,3
TraesCS3D02G397200,4,1,3,3
TraesCS7A02G354800,4,1,3,3
TraesCS4D02G342000,4,1,3,3
TraesCS6A02G114100,4,1,3,3
TraesCS6D02G315200,8,5,3,3
TraesCS5B02G516200,3,0,3,3
TraesCS6B02G334900,6,3,3,3
TraesCS7A02G206200,4,1,3,3
TraesCS3B02G210300,4,1,3,3
TraesCS1A02G221600,4,1,3,3
TraesCS1D02G162600,4,1,3,3
TraesCS4B02G245900,3,0,3,3
TraesCS1A02G414300,5,2,3,3
TraesCS7A02G214600,8,5,3,3
TraesCS2D02G295300,3,0,3,3
TraesCS5D02G411800,4,1,3,3
TraesCS2B02G458400,4,1,3,3
TraesCS1B02G232700,3,0,3,3
TraesCS6D02G272000,4,1,3,3
TraesCS7A02G167900,5,2,3,3
TraesCS7B02G168300,4,1,3,3
TraesCS2D02G211400,4,1,3,3
TraesCS7A02G355300,3,0,3,3
TraesCS7D02G367700,7,4,3,3
TraesCS5B02G396700,4,1,3,3
TraesCS6A02G304800,4,1,3,3
TraesCS1B02G122500,3,0,3,3
TraesCS1B02G374300,4,1,3,3
TraesCS1D02G106600,3,0,3,3
TraesCS2A02G370400,3,0,3,3
TraesCS3B02G286500,10,7,3,3
TraesCS3B02G515900,3,0,3,3
TraesCS3D02G257800,5,2,3,3
TraesCS4A02G211100,7,4,3,3
TraesCS6A02G236900,3,0,3,3
TraesCS2A02G101100,4,1,3,3
TraesCS2B02G355400,4,1,3,3
TraesCS4D02G127300,5,2,3,3
TraesCS4D02G325800,6,3,3,3
TraesCS5A02G049100,3,0,3,3
TraesCS5B02G141900,3,0,3,3
TraesCS3D02G505000,4,1,3,3
TraesCS7A02G394800,4,1,3,3
TraesCS7B02G296800,4,1,3,3
TraesCS7D02G390300,8,5,3,3
TraesCS5D02G355900,3,0,3,3
TraesCS2A02G292700,3,0,3,3
TraesCS2D02G232800,16,13,3,3
TraesCS5B02G286000,4,1,3,3
TraesCS7A02G406300,3,0,3,3
TraesCS7B02G314400,3,0,3,3
TraesCS4B02G065300,4,1,3,3
TraesCS1D02G418500,3,0,3,3
TraesCS2D02G489700,3,0,3,3
TraesCS7B02G240000,3,0,3,3
TraesCS2A02G275900,3,0,3,3
TraesCS7D02G048300,3,0,3,3
TraesCS2B02G576000,3,0,3,3
TraesCS4A02G259700,3,0,3,3
TraesCS5B02G138600,3,0,3,3
TraesCS6B02G464400,4,1,3,3
TraesCS2D02G599300,4,1,3,3
TraesCS3B02G445300,3,0,3,3
TraesCS4A02G021700,3,0,3,3
TraesCS4B02G281800,3,0,3,3
TraesCS5A02G522400,4,1,3,3
TraesCS6B02G373800,3,0,3,3
TraesCS6D02G387100,3,0,3,3
TraesCS7A02G026000,3,0,3,3
TraesCS3D02G281500,3,0,3,3
TraesCS7D02G546200,4,1,3,3
TraesCS1B02G124100,3,0,3,3
TraesCS2D02G126600,4,1,3,3
TraesCS4B02G352700,5,2,3,3
TraesCS7A02G473200,3,0,3,3
TraesCS2D02G551200,3,0,3,3
TraesCS4A02G224600,3,0,3,3
TraesCS4D02G246600,5,2,3,3
TraesCS5B02G498100,3,0,3,3
TraesCS6D02G113200,3,0,3,3
TraesCS3B02G369600,4,1,3,3
TraesCS4D02G365800,4,1,3,3
TraesCS6B02G191900,4,1,3,3
TraesCS3D02G350700,4,1,3,3
TraesCS5B02G076400,4,1,3,3
TraesCS5A02G411000,3,0,3,3
TraesCS5B02G507300,3,0,3,3
TraesCS3D02G258900,4,1,3,3
TraesCS5B02G127800,3,0,3,3
TraesCSU02G115900,4,1,3,3
TraesCS2A02G400200,3,0,3,3
TraesCS2D02G117500,3,0,3,3
TraesCS3D02G133200,7,4,3,3
TraesCS3D02G502000,4,1,3,3
TraesCS5D02G163500,3,0,3,3
TraesCS7B02G052300,4,1,3,3
TraesCS1D02G236800,4,1,3,3
TraesCS2A02G177300,3,0,3,3
TraesCS2A02G402800,3,0,3,3
TraesCS2B02G514400,3,0,3,3
TraesCS2D02G564100,3,0,3,3
TraesCS3B02G099900,5,2,3,3
TraesCS6B02G265500,7,4,3,3
TraesCS1A02G085400,4,1,3,3
TraesCS3A02G528900,3,0,3,3
TraesCS3B02G420500,4,1,3,3
TraesCS4B02G346100,4,1,3,3
TraesCS4D02G294000,7,4,3,3
TraesCS6B02G022500,3,0,3,3
TraesCS6B02G327200,6,3,3,3
TraesCS1D02G344700,3,0,3,3
TraesCS2A02G216800,3,0,3,3
TraesCS2D02G392900,3,0,3,3
TraesCS3A02G046100,5,2,3,3
TraesCS5A02G551300,3,0,3,3
TraesCS7B02G271200,4,1,3,3
TraesCS7B02G294400,4,1,3,3
TraesCS1D02G156600,4,1,3,3
TraesCS3B02G402200,20,17,3,3
TraesCS6D02G282400,3,0,3,3
TraesCS1A02G244800,73,69,4,4
TraesCS2B02G127800,4,0,4,4
TraesCS2D02G543900,5,1,4,4
TraesCS5A02G221600,5,1,4,4
TraesCS5A02G310500,4,0,4,4
TraesCS6B02G158900,7,3,4,4
TraesCS6B02G274500,5,1,4,4
TraesCS7A02G377400,24,20,4,4
TraesCS5B02G039800,5,1,4,4
TraesCS4D02G014600,5,1,4,4
TraesCS6A02G338000,6,2,4,4
TraesCS1B02G346300,4,0,4,4
TraesCS4D02G245300,5,1,4,4
TraesCS2B02G198700,6,2,4,4
TraesCS4B02G290400,10,6,4,4
TraesCS5B02G028500,11,7,4,4
TraesCS5D02G037800,10,6,4,4
TraesCS7B02G377500,5,1,4,4
TraesCS5A02G401600,4,0,4,4
TraesCS7A02G411100,7,3,4,4
TraesCS6D02G245300,6,2,4,4
TraesCS5A02G043400,4,0,4,4
TraesCS2A02G422400,6,2,4,4
TraesCS2B02G583800,6,2,4,4
TraesCS3D02G361600,5,1,4,4
TraesCS6B02G324600,5,1,4,4
TraesCS2A02G102000,11,7,4,4
TraesCS2B02G355300,4,0,4,4
TraesCS3D02G078900,5,1,4,4
TraesCS6B02G416300,5,1,4,4
TraesCS7D02G365200,4,0,4,4
TraesCS5D02G294400,6,2,4,4
TraesCS7B02G169200,5,1,4,4
TraesCS7D02G400000,4,0,4,4
TraesCS2D02G122900,4,0,4,4
TraesCS7D02G345700,4,0,4,4
TraesCS7D02G539500,5,1,4,4
TraesCS2B02G576300,4,0,4,4
TraesCS3D02G382600,5,1,4,4
TraesCSU02G051100,4,0,4,4
TraesCS1B02G000100,4,0,4,4
TraesCS7B02G347000,4,0,4,4
TraesCS2D02G523400,5,1,4,4
TraesCS4B02G020100,10,6,4,4
TraesCS4B02G396900,5,1,4,4
TraesCS2A02G318800,5,1,4,4
TraesCS2B02G579000,4,0,4,4
TraesCS3B02G389400,7,3,4,4
TraesCS4A02G094700,5,1,4,4
TraesCS4D02G210500,5,1,4,4
TraesCS2B02G238000,5,1,4,4
TraesCS3B02G259300,5,1,4,4
TraesCS5B02G570700,5,1,4,4
TraesCS5D02G089000,5,1,4,4
TraesCS1D02G231500,14,10,4,4
TraesCS2D02G256900,5,1,4,4
TraesCS6B02G266100,5,1,4,4
TraesCS2A02G507500,5,1,4,4
TraesCS2D02G481900,5,1,4,4
TraesCS4A02G092000,7,3,4,4
TraesCS4D02G013500,5,1,4,4
TraesCS5D02G217400,4,0,4,4
TraesCS6B02G406200,5,1,4,4
TraesCS1A02G082500,7,3,4,4
TraesCS1B02G355700,5,1,4,4
TraesCS2A02G406000,31,27,4,4
TraesCS5D02G411400,4,0,4,4
TraesCS1D02G055600,5,1,4,4
TraesCS2A02G525000,14,10,4,4
TraesCS4B02G011500,4,0,4,4
TraesCS4D02G262100,5,1,4,4
TraesCS5B02G231800,4,0,4,4
TraesCS5A02G298100,8,3,5,5
TraesCS1A02G411100,5,0,5,5
TraesCS1B02G441300,5,0,5,5
TraesCS4B02G354400,7,2,5,5
TraesCS6A02G330500,14,9,5,5
TraesCS6A02G335500,10,5,5,5
TraesCS6D02G285600,7,2,5,5
TraesCS3B02G409600,5,0,5,5
TraesCS5D02G161000,16,11,5,5
TraesCS2A02G172500,9,4,5,5
TraesCS4B02G227900,5,0,5,5
TraesCS6A02G072000,17,12,5,5
TraesCS1A02G087700,5,0,5,5
TraesCS5B02G225700,6,1,5,5
TraesCS4A02G405800,6,1,5,5
TraesCS6B02G333300,5,0,5,5
TraesCS1B02G283000,5,0,5,5
TraesCS7B02G315800,9,4,5,5
TraesCS2A02G325900,5,0,5,5
TraesCS3B02G560600,7,2,5,5
TraesCS5A02G286700,9,4,5,5
TraesCS2B02G141800,5,0,5,5
TraesCS1A02G348600,6,1,5,5
TraesCS2A02G295500,6,1,5,5
TraesCS2B02G550500,5,0,5,5
TraesCS2B02G575900,5,0,5,5
TraesCS1D02G251700,16,11,5,5
TraesCS7A02G271400,5,0,5,5
TraesCS2D02G126500,6,1,5,5
TraesCS2D02G201200,7,2,5,5
TraesCS5B02G133600,5,0,5,5
TraesCS2B02G109800,18,13,5,5
TraesCS7A02G499400,5,0,5,5
TraesCS7D02G498300,7,2,5,5
TraesCS3A02G152500,6,1,5,5
TraesCS3A02G227800,7,2,5,5
TraesCS6D02G016700,6,1,5,5
TraesCS6D02G064400,7,2,5,5
TraesCS1D02G273800,6,1,5,5
TraesCS3D02G412800,10,4,6,6
TraesCS4B02G073600,7,1,6,6
TraesCS2B02G268100,7,1,6,6
TraesCS6A02G208700,6,0,6,6
TraesCS6B02G237700,7,1,6,6
TraesCS2B02G578500,7,1,6,6
TraesCS7D02G209000,7,1,6,6
TraesCS5B02G154100,41,35,6,6
TraesCS7D02G359900,7,1,6,6
TraesCS2D02G179600,11,5,6,6
TraesCS4D02G131500,8,2,6,6
TraesCS5B02G406300,12,6,6,6
TraesCS7B02G077800,7,1,6,6
TraesCS4D02G286400,7,1,6,6
TraesCS5D02G205000,7,1,6,6
TraesCS2B02G419200,7,1,6,6
TraesCS3A02G368700,9,3,6,6
TraesCS3B02G400200,6,0,6,6
TraesCS6B02G265200,9,3,6,6
TraesCS2D02G336300,6,0,6,6
TraesCS5B02G054200,6,0,6,6
TraesCS5D02G148900,9,3,6,6
TraesCS2D02G514500,7,1,6,6
TraesCS4A02G443100,9,3,6,6
TraesCS4B02G032100,7,1,6,6
TraesCS5A02G048400,13,7,6,6
TraesCS6B02G123200,6,0,6,6
TraesCS4D02G210200,6,0,6,6
TraesCS3A02G285000,11,5,6,6
TraesCS5D02G134500,6,0,6,6
TraesCS2D02G185300,8,2,6,6
TraesCS3D02G025000,7,1,6,6
TraesCS7D02G036800,7,1,6,6
TraesCS1D02G302500,7,1,6,6
TraesCS2D02G347000,6,0,6,6
TraesCS7B02G134800,7,1,6,6
TraesCS3A02G249100,8,1,7,7
TraesCS5A02G529300,9,2,7,7
TraesCS4B02G304500,7,0,7,7
TraesCS4D02G302700,11,4,7,7
TraesCS5A02G503500,8,1,7,7
TraesCS5A02G423900,10,3,7,7
TraesCS3A02G306800,9,2,7,7
TraesCS7D02G404100,7,0,7,7
TraesCS7A02G083800,27,20,7,7
TraesCS7B02G272500,9,2,7,7
TraesCS5A02G143100,7,0,7,7
TraesCS2A02G232400,22,15,7,7
TraesCS1B02G363200,7,0,7,7
TraesCS2B02G517400,7,0,7,7
TraesCS1B02G075700,7,0,7,7
TraesCS2D02G196200,9,2,7,7
TraesCS4A02G095100,7,0,7,7
TraesCS5D02G504200,7,0,7,7
TraesCS6B02G297000,7,0,7,7
TraesCS6D02G245200,7,0,7,7
TraesCS1D02G273300,8,1,7,7
TraesCS6A02G148000,7,0,7,7
TraesCS2B02G307400,9,2,7,7
TraesCS7B02G208300,9,2,7,7
TraesCS1B02G236600,7,0,7,7
TraesCS2A02G289300,8,1,7,7
TraesCS4D02G315300,8,1,7,7
TraesCS4B02G361200,9,1,8,8
TraesCS5B02G151800,10,2,8,8
TraesCS4D02G020300,9,1,8,8
TraesCS5D02G149600,10,2,8,8
TraesCS7A02G357500,8,0,8,8
TraesCS5D02G440100,10,2,8,8
TraesCS5A02G558200,9,1,8,8
TraesCS7D02G468600,9,1,8,8
TraesCS4A02G418200,9,1,8,8
TraesCS6A02G309400,9,1,8,8
TraesCS6D02G288800,8,0,8,8
TraesCS6B02G265700,10,2,8,8
TraesCS7B02G052600,9,1,8,8
TraesCS2B02G437200,9,1,8,8
TraesCS3A02G371200,9,1,8,8
TraesCS4A02G404500,12,4,8,8
TraesCS6A02G150000,10,2,8,8
TraesCS7D02G236900,9,1,8,8
TraesCS3D02G249100,15,6,9,9
TraesCS1B02G236700,12,3,9,9
TraesCS2B02G434300,10,1,9,9
TraesCS5B02G315500,10,1,9,9
TraesCS6B02G280800,10,1,9,9
TraesCS4D02G354200,12,3,9,9
TraesCS4D02G329100,13,4,9,9
TraesCS2D02G372200,25,16,9,9
TraesCS7A02G363100,10,1,9,9
TraesCS4D02G289600,15,6,9,9
TraesCS6B02G366100,13,4,9,9
TraesCS3A02G046800,12,3,9,9
TraesCS7A02G115300,15,6,9,9
TraesCS4A02G031000,11,2,9,9
TraesCS5D02G334500,9,0,9,9
TraesCS4A02G094000,10,1,9,9
TraesCS3D02G400500,28,18,10,10
TraesCS6A02G306500,11,1,10,10
TraesCS1D02G351600,15,5,10,10
TraesCS5B02G331600,23,13,10,10
TraesCS3D02G379300,12,2,10,10
TraesCS1B02G243700,11,1,10,10
TraesCS2B02G551700,11,1,10,10
TraesCS2A02G194500,12,1,11,11
TraesCS2D02G193400,12,1,11,11
TraesCS2A02G101000,14,3,11,11
TraesCS5D02G059700,16,5,11,11
TraesCS3D02G144000,15,4,11,11
TraesCS4B02G209400,14,3,11,11
TraesCS5A02G053600,14,3,11,11
TraesCS3B02G278000,13,1,12,12
TraesCS2B02G434100,16,4,12,12
TraesCS4D02G354100,13,1,12,12
TraesCS2B02G392900,17,5,12,12
TraesCS7A02G214800,14,2,12,12
TraesCS5D02G158300,19,7,12,12
TraesCS4A02G291500,12,0,12,12
TraesCS2B02G252000,19,7,12,12
TraesCS6B02G416400,13,1,12,12
TraesCS3B02G561000,18,6,12,12
TraesCS2B02G250900,35,23,12,12
TraesCS6B02G437100,12,0,12,12
TraesCS1B02G247900,12,0,12,12
TraesCS7D02G250700,15,2,13,13
TraesCS6B02G368700,15,2,13,13
TraesCS3D02G370100,31,18,13,13
TraesCS5A02G153000,26,13,13,13
TraesCS4A02G016600,14,1,13,13
TraesCS2D02G234000,24,11,13,13
TraesCS2D02G100600,13,0,13,13
TraesCS3B02G023600,13,0,13,13
TraesCS5B02G191000,19,6,13,13
TraesCS2B02G529200,20,6,14,14
TraesCS4B02G292900,17,3,14,14
TraesCS6B02G361400,15,1,14,14
TraesCS6D02G238900,21,7,14,14
TraesCS4B02G287600,24,10,14,14
TraesCS7A02G091800,15,1,14,14
TraesCS4D02G211100,15,1,14,14
TraesCS6A02G097500,20,5,15,15
TraesCS6D02G268100,64,49,15,15
TraesCS5A02G373500,27,12,15,15
TraesCS3D02G255400,17,2,15,15
TraesCS3B02G524500,17,2,15,15
TraesCS2D02G461700,21,5,16,16
TraesCS2B02G387800,20,4,16,16
TraesCS7B02G112400,89,73,16,16
TraesCS6B02G342600,18,2,16,16
TraesCS2B02G212400,18,1,17,17
TraesCS5B02G375500,35,18,17,17
TraesCS6A02G335400,18,1,17,17
TraesCS2B02G387300,19,2,17,17
TraesCS3A02G448500,17,0,17,17
TraesCS1D02G244500,65,47,18,18
TraesCS7A02G101700,19,1,18,18
TraesCS3D02G102500,26,7,19,19
TraesCS3A02G497600,30,11,19,19
TraesCS3B02G560400,20,1,19,19
TraesCS7A02G194500,25,6,19,19
TraesCS5B02G065600,19,0,19,19
TraesCS4B02G361100,22,2,20,20
TraesCS1B02G106800,22,2,20,20
TraesCS3A02G442700,21,1,20,20
TraesCS3A02G128400,23,2,21,21
TraesCS2B02G387700,23,2,21,21
TraesCS1A02G253200,38,17,21,21
TraesCS4A02G011600,41,19,22,22
TraesCS7D02G498100,29,7,22,22
TraesCS7A02G205100,66,43,23,23
TraesCS7D02G208000,81,58,23,23
TraesCS3D02G320500,25,2,23,23
TraesCS2B02G491100,24,1,23,23
TraesCS5D02G383000,46,22,24,24
TraesCS7D02G031900,37,12,25,25
TraesCS5A02G314600,28,2,26,26
TraesCS7A02G214700,29,3,26,26
TraesCS1B02G064600,32,4,28,28
TraesCS7A02G569300,30,1,29,29
TraesCS7B02G376500,39,8,31,31
TraesCS2A02G375400,33,1,32,32
TraesCS7A02G147300,69,36,33,33
TraesCS4A02G278900,55,22,33,33
TraesCS3D02G412300,36,2,34,34
TraesCSU02G068000,38,2,36,36
TraesCS4B02G236700,40,1,39,39
TraesCS7A02G035200,41,1,40,40
TraesCS3D02G505200,61,19,42,42
TraesCS5A02G546200,55,11,44,44
TraesCS3D02G078500,51,4,47,47
TraesCS7D02G344400,121,73,48,48
TraesCS1A02G107200,132,84,48,48
TraesCS7A02G194700,113,64,49,49
TraesCS7D02G543400,64,13,51,51
TraesCSU02G202177,68,15,53,53
TraesCS5B02G043100,54,0,54,54
TraesCS1B02G285000,97,41,56,56
TraesCS3B02G092800,58,1,57,57
TraesCS4A02G397900,60,3,57,57
TraesCS1D02G275400,89,31,58,58
TraesCS1A02G050400,69,0,69,69
TraesCS7A02G336700,107,33,74,74
TraesCS1A02G275800,107,33,74,74
TraesCS3A02G077900,102,10,92,92
TraesCS7D02G196300,131,21,110,110
TraesCS2D02G571600,212,100,112,112
TraesCS7D02G543500,152,38,114,114
TraesCS7A02G152500,135,14,121,121
TraesCS7B02G056300,131,10,121,121
TraesCS7A02G569100,154,31,123,123
TraesCS7B02G100300,145,22,123,123
TraesCS7B02G489500,148,23,125,125
TraesCS5B02G509400,138,4,134,134
TraesCS2B02G549200,151,1,150,150
TraesCS7D02G154200,225,32,193,193
TraesCS7B02G331600,206,0,206,206
TraesCS7B02G248300,689,65,624,624
TraesCS5A02G245900,3157,30,3127,3127
