TF_name,TF_family,TAM111,TAM112,diff,abs_diff
TraesCS4A02G231300,HD-Zip_IV,104,253,-149,149
TraesCS2A02G389400,HD-Zip_I_II,3,68,-65,65
TraesCS5A02G155900,C2C2_Dof,31,83,-52,52
TraesCS4A02G131000,NAC,10,60,-50,50
TraesCS3A02G325800,HD-Zip_IV,3,52,-49,49
TraesCS7A02G189200,NAC,20,55,-35,35
TraesCS2B02G119100,NAC,4,39,-35,35
TraesCS3B02G354900,HD-Zip_IV,1,36,-35,35
TraesCS4A02G006100,MYB-related,13,46,-33,33
TraesCS4D02G051600,bHLH,25,52,-27,27
TraesCS4D02G297900,MYB-related,11,36,-25,25
TraesCS3B02G438800,ABI3/VP1,2,25,-23,23
TraesCS1A02G413800,GRAS,1,24,-23,23
TraesCS3B02G484100,HD_PLINC,12,34,-22,22
TraesCS7B02G072800,HD,2,23,-21,21
TraesCS2B02G119000,NAC,4,23,-19,19
TraesCS2D02G414300,AP2/EREBP,2,21,-19,19
TraesCS7B02G121800,CCAAT_Dr1,7,24,-17,17
TraesCS4D02G082600,HD-Zip_IV,55,71,-16,16
TraesCS5A02G330200,HD-Zip_IV,36,52,-16,16
TraesCS3D02G319200,HD-Zip_IV,3,19,-16,16
TraesCS5A02G387400,ABI3/VP1,2,18,-16,16
TraesCS4B02G051500,bHLH,56,70,-14,14
TraesCS2D02G286300,AP2/EREBP,1,15,-14,14
TraesCS4A02G055700,ABI3/VP1,10,23,-13,13
TraesCS4B02G173600,NAC,7,20,-13,13
TraesCS3D02G281900,WRKY,5,18,-13,13
TraesCS3A02G142900,bHLH,3,16,-13,13
TraesCS6D02G096300,NAC,9,21,-12,12
TraesCS7D02G483200,AP2/EREBP,3,15,-12,12
TraesCS1B02G443800,GRAS,1,13,-12,12
TraesCS4A02G263300,bHLH,60,71,-11,11
TraesCS4A02G007900,tify,13,24,-11,11
TraesCS2D02G214100,NAC,10,21,-11,11
TraesCS7B02G121900,CCAAT_Dr1,5,16,-11,11
TraesCS7A02G168000,HD,4,15,-11,11
TraesCS6B02G096500,HD,3,14,-11,11
TraesCS7A02G168100,HD,3,14,-11,11
TraesCS1B02G100600,MYB-related,3,14,-11,11
TraesCS7B02G031000,MYB-related,9,19,-10,10
TraesCS4D02G295900,tify,9,19,-10,10
TraesCS4D02G249200,ABI3/VP1,8,18,-10,10
TraesCS7D02G216600,CCAAT_Dr1,7,17,-10,10
TraesCS1D02G084400,MYB-related,6,16,-10,10
TraesCS1D02G225200,MYB-related,6,16,-10,10
TraesCS2D02G444300,MYB-related,0,10,-10,10
TraesCS5D02G219300,tify,0,10,-10,10
TraesCS2D02G101400,NAC,9,18,-9,9
TraesCS2A02G505600,AP2/EREBP,7,16,-9,9
TraesCS4D02G362800,C2C2_GATA,7,16,-9,9
TraesCS7B02G204800,MYB-related,4,13,-9,9
TraesCS7A02G304500,MYB-related,3,12,-9,9
TraesCS2A02G448300,PLATZ,2,11,-9,9
TraesCS7D02G169000,HD,1,10,-9,9
TraesCS5B02G142100,NAC,0,9,-9,9
TraesCS3B02G158800,AP2/EREBP,15,23,-8,8
TraesCS1B02G076300,AP2/EREBP,8,16,-8,8
TraesCS4B02G297000,tify,3,11,-8,8
TraesCS6B02G366700,GRF,1,9,-8,8
TraesCS2D02G576400,NAC,0,8,-8,8
TraesCS6B02G316700,CCAAT_Dr1,64,71,-7,7
TraesCS7B02G094000,NAC,44,51,-7,7
TraesCS6D02G268000,CCAAT_Dr1,31,38,-7,7
TraesCS6A02G108300,NAC,15,22,-7,7
TraesCS7A02G130700,MYB-related,8,15,-7,7
TraesCS2B02G228900,NAC,12,18,-6,6
TraesCS7A02G214500,CCAAT_Dr1,9,15,-6,6
TraesCS4A02G404700,bHLH,1,7,-6,6
TraesCS2D02G305300,NAC,1,7,-6,6
TraesCS1A02G426700,Sigma70-like,1,7,-6,6
TraesCS3D02G361700,MYB-related,0,6,-6,6
TraesCS4B02G299000,MYB-related,15,20,-5,5
TraesCS3A02G417300,ABI3/VP1,7,12,-5,5
TraesCS5A02G538600,C2C2_GATA,5,10,-5,5
TraesCS1A02G223600,MYB-related,5,10,-5,5
TraesCS2A02G146400,MADS_I,3,8,-5,5
TraesCS7D02G216800,CCAAT_Dr1,2,7,-5,5
TraesCS4D02G338800,GRAS,2,7,-5,5
TraesCS3A02G442200,bHLH,1,6,-5,5
TraesCS5D02G148800,NAC,1,6,-5,5
TraesCS3A02G317100,ULT,0,5,-5,5
TraesCS2A02G376000,bHLH_TCP,32,36,-4,4
TraesCS6B02G316600,CCAAT_Dr1,19,23,-4,4
TraesCS6D02G315700,GRF,12,16,-4,4
TraesCS7D02G130100,MYB-related,12,16,-4,4
TraesCS7D02G079000,HD-Zip_I_II,5,9,-4,4
TraesCS4D02G298400,AP2/EREBP,3,7,-4,4
TraesCS1B02G236900,MYB-related,3,7,-4,4
TraesCS3B02G125500,MYB-related,3,7,-4,4
TraesCS1A02G372200,AP2/EREBP,2,6,-4,4
TraesCS7D02G168700,HD-Zip_IV,1,5,-4,4
TraesCS3D02G141200,AP2/EREBP,0,4,-4,4
TraesCS4A02G382200,HD-Zip_I_II,17,20,-3,3
TraesCS2A02G201800,NAC,17,20,-3,3
TraesCS6B02G096600,HD,13,16,-3,3
TraesCS5A02G143200,NAC,7,10,-3,3
TraesCS6B02G301000,HD_PLINC,5,8,-3,3
TraesCS2A02G230400,MYB-related,4,7,-3,3
TraesCS2B02G483300,bHLH,3,6,-3,3
TraesCS1A02G288500,CCAAT_Dr1,3,6,-3,3
TraesCS2A02G554300,ABI3/VP1,2,5,-3,3
TraesCS3D02G372900,AP2/EREBP,2,5,-3,3
TraesCS6D02G084900,AP2/EREBP,2,5,-3,3
TraesCS4B02G347100,bHLH,2,5,-3,3
TraesCSU02G069000,MYB-related,2,5,-3,3
TraesCS4D02G175700,NAC,2,5,-3,3
TraesCS2A02G323200,TAZ,2,5,-3,3
TraesCS7D02G170600,AP2/EREBP,1,4,-3,3
TraesCS5A02G511900,GRAS,1,4,-3,3
TraesCS1D02G429900,WRKY,1,4,-3,3
TraesCS2B02G351600,WRKY,1,4,-3,3
TraesCS5D02G397300,ABI3/VP1,0,3,-3,3
TraesCS3B02G176200,AP2/EREBP,0,3,-3,3
TraesCS6B02G126600,AP2/EREBP,0,3,-3,3
TraesCS3D02G144700,bHLH,0,3,-3,3
TraesCS6B02G045500,mTERF,0,3,-3,3
TraesCS2B02G466500,MYB-related,0,3,-3,3
TraesCS3D02G314100,ULT,0,3,-3,3
TraesCS6A02G287300,CCAAT_Dr1,15,17,-2,2
TraesCS4D02G296000,tify,12,14,-2,2
TraesCS5D02G253100,HD_PLINC,9,11,-2,2
TraesCS5A02G083100,MYB-related,6,8,-2,2
TraesCS2A02G326600,NAC,4,6,-2,2
TraesCS3D02G497300,SRS,4,6,-2,2
TraesCS1D02G059200,AP2/EREBP,3,5,-2,2
TraesCS4D02G182100,AP2/EREBP,3,5,-2,2
TraesCSU02G183700,AP2/EREBP,3,5,-2,2
TraesCS6D02G085000,AP2/EREBP,2,4,-2,2
TraesCS3B02G476000,bHLH,2,4,-2,2
TraesCS5B02G426200,bHLH_TCP,2,4,-2,2
TraesCS1B02G234800,C2C2_GATA,2,4,-2,2
TraesCS5A02G111300,MYB-related,2,4,-2,2
TraesCS2B02G589800,ABI3/VP1,1,3,-2,2
TraesCS4D02G299700,ABI3/VP1,1,3,-2,2
TraesCS5A02G311100,AP2/EREBP,1,3,-2,2
TraesCS6A02G097700,AP2/EREBP,1,3,-2,2
TraesCS7A02G311800,bHLH,1,3,-2,2
TraesCS5A02G031900,bHLH_TCP,1,3,-2,2
TraesCS6A02G311700,E2F/DP,1,3,-2,2
TraesCS4B02G124000,GRAS,1,3,-2,2
TraesCS2B02G322200,HD_PLINC,1,3,-2,2
TraesCS3B02G612200,MYB-related,1,3,-2,2
TraesCS4B02G297100,tify,1,3,-2,2
TraesCS1A02G401800,WRKY,1,3,-2,2
TraesCS2B02G436100,AP2/EREBP,0,2,-2,2
TraesCS7D02G484400,C2C2_CO-like,0,2,-2,2
TraesCS3B02G608800,C2C2_Dof,0,2,-2,2
TraesCS1A02G414400,C3H,0,2,-2,2
TraesCS3B02G504100,FHA,0,2,-2,2
TraesCS3D02G180400,FHA,0,2,-2,2
TraesCS7D02G201700,GeBP,0,2,-2,2
TraesCS4B02G245800,MADS_II,0,2,-2,2
TraesCS5A02G391700,MADS_II,0,2,-2,2
TraesCS5D02G401500,MADS_II,0,2,-2,2
TraesCS7A02G122000,MADS_II,0,2,-2,2
TraesCS1B02G063100,mTERF,0,2,-2,2
TraesCS6B02G043800,mTERF,0,2,-2,2
TraesCS1B02G097500,MYB-related,0,2,-2,2
TraesCS2B02G466400,MYB-related,0,2,-2,2
TraesCS2D02G444200,MYB-related,0,2,-2,2
TraesCS5A02G212800,tify,0,2,-2,2
TraesCS1A02G358400,WRKY,0,2,-2,2
TraesCS1D02G072900,WRKY,0,2,-2,2
TraesCS5A02G275900,NAC,21,22,-1,1
TraesCS7B02G036500,MYB-related,8,9,-1,1
TraesCS2A02G101900,NAC,7,8,-1,1
TraesCS4A02G007800,tify,7,8,-1,1
TraesCS5D02G244800,HSF,5,6,-1,1
TraesCS5A02G500700,NAC,5,6,-1,1
TraesCS5D02G432500,bHLH_TCP,4,5,-1,1
TraesCS7D02G135200,MYB-related,3,4,-1,1
TraesCS3B02G552400,SRS,3,4,-1,1
TraesCS3D02G157100,AP2/EREBP,2,3,-1,1
TraesCS6A02G358400,bHLH,2,3,-1,1
TraesCS7D02G187600,bHLH_TCP,2,3,-1,1
TraesCS1D02G223200,C2C2_GATA,2,3,-1,1
TraesCS2B02G403100,C2C2_YABBY,2,3,-1,1
TraesCS4A02G206100,FHA,2,3,-1,1
TraesCS4B02G109700,FHA,2,3,-1,1
TraesCS6D02G304300,HD-Zip_IV,2,3,-1,1
TraesCS3B02G093300,NAC,2,3,-1,1
TraesCS2A02G283200,ABI3/VP1,1,2,-1,1
TraesCS1D02G242800,AP2/EREBP,1,2,-1,1
TraesCS4A02G123800,AP2/EREBP,1,2,-1,1
TraesCS6D02G084200,AP2/EREBP,1,2,-1,1
TraesCS3B02G106900,AS2/LOB,1,2,-1,1
TraesCS5D02G237300,bHLH,1,2,-1,1
TraesCS2D02G252100,bHLH_TCP,1,2,-1,1
TraesCS5B02G032000,bHLH_TCP,1,2,-1,1
TraesCS6B02G462100,bHLH_TCP,1,2,-1,1
TraesCS6D02G397000,bHLH_TCP,1,2,-1,1
TraesCS1D02G274700,C2C2_Dof,1,2,-1,1
TraesCS4A02G409600,C2C2_GATA,1,2,-1,1
TraesCS4B02G008300,CCAAT_HAP3,1,2,-1,1
TraesCS1D02G421200,GRAS,1,2,-1,1
TraesCS2A02G192600,GRAS,1,2,-1,1
TraesCS2A02G200700,GRAS,1,2,-1,1
TraesCS3B02G392600,GRAS,1,2,-1,1
TraesCS4A02G255000,GRF,1,2,-1,1
TraesCS5A02G237600,HSF,1,2,-1,1
TraesCS5D02G321000,HSF,1,2,-1,1
TraesCS3B02G105700,MADS_II,1,2,-1,1
TraesCS4D02G301100,MADS_II,1,2,-1,1
TraesCS3B02G290600,MYB-related,1,2,-1,1
TraesCS3D02G133000,MYB-related,1,2,-1,1
TraesCS3D02G540600,MYB-related,1,2,-1,1
TraesCS4D02G142900,MYB-related,1,2,-1,1
TraesCS5A02G079100,MYB-related,1,2,-1,1
TraesCS2A02G101400,NAC,1,2,-1,1
TraesCS3A02G406000,NAC,1,2,-1,1
TraesCS1B02G086700,PLATZ,1,2,-1,1
TraesCS7D02G271400,SRS,1,2,-1,1
TraesCS1D02G292700,WRKY,1,2,-1,1
TraesCS2B02G187500,WRKY,1,2,-1,1
TraesCS3B02G270500,WRKY,1,2,-1,1
TraesCS6D02G136200,WRKY,1,2,-1,1
TraesCS2A02G159800,ABI3/VP1,0,1,-1,1
TraesCS2B02G482400,ABI3/VP1,0,1,-1,1
TraesCS3D02G285300,ABI3/VP1,0,1,-1,1
TraesCS4A02G233900,ABI3/VP1,0,1,-1,1
TraesCS4B02G249100,ABI3/VP1,0,1,-1,1
TraesCS4D02G249400,ABI3/VP1,0,1,-1,1
TraesCS5D02G134700,ABI3/VP1,0,1,-1,1
TraesCS5D02G411500,ABI3/VP1,0,1,-1,1
TraesCS6D02G240600,ABI3/VP1,0,1,-1,1
TraesCS7A02G031000,ABI3/VP1,0,1,-1,1
TraesCS7A02G329600,ABI3/VP1,0,1,-1,1
TraesCS7B02G230100,ABI3/VP1,0,1,-1,1
TraesCS7D02G181300,ABI3/VP1,0,1,-1,1
TraesCS7D02G326300,ABI3/VP1,0,1,-1,1
TraesCS1A02G231200,AP2/EREBP,0,1,-1,1
TraesCS2A02G415100,AP2/EREBP,0,1,-1,1
TraesCS2A02G415300,AP2/EREBP,0,1,-1,1
TraesCS2A02G514300,AP2/EREBP,0,1,-1,1
TraesCS2B02G304800,AP2/EREBP,0,1,-1,1
TraesCS2B02G542400,AP2/EREBP,0,1,-1,1
TraesCS2D02G412400,AP2/EREBP,0,1,-1,1
TraesCS3D02G260100,AP2/EREBP,0,1,-1,1
TraesCS4A02G088400,AP2/EREBP,0,1,-1,1
TraesCS4D02G298600,AP2/EREBP,0,1,-1,1
TraesCS4D02G322600,AP2/EREBP,0,1,-1,1
TraesCS5A02G215900,AP2/EREBP,0,1,-1,1
TraesCS5D02G150500,AP2/EREBP,0,1,-1,1
TraesCS5D02G486600,AP2/EREBP,0,1,-1,1
TraesCS6A02G131200,AP2/EREBP,0,1,-1,1
TraesCS6A02G171900,AP2/EREBP,0,1,-1,1
TraesCS6A02G181400,AP2/EREBP,0,1,-1,1
TraesCS6A02G301900,AP2/EREBP,0,1,-1,1
TraesCS6B02G159600,AP2/EREBP,0,1,-1,1
TraesCS6B02G331000,AP2/EREBP,0,1,-1,1
TraesCS6B02G375400,AP2/EREBP,0,1,-1,1
TraesCS6D02G121100,AP2/EREBP,0,1,-1,1
TraesCS7D02G372700,AP2/EREBP,0,1,-1,1
TraesCS1B02G424700,ARF,0,1,-1,1
TraesCS2A02G309300,ARF,0,1,-1,1
TraesCS2A02G567300,ARF,0,1,-1,1
TraesCS2B02G397300,ARF,0,1,-1,1
TraesCS3B02G273400,ARF,0,1,-1,1
TraesCS6D02G127600,ARF,0,1,-1,1
TraesCS7A02G461700,ARF,0,1,-1,1
TraesCS2A02G448500,bHLH,0,1,-1,1
TraesCS3A02G204800,bHLH,0,1,-1,1
TraesCS3B02G236900,bHLH,0,1,-1,1
TraesCS4B02G056600,bHLH,0,1,-1,1
TraesCS5D02G313500,bHLH,0,1,-1,1
TraesCS6B02G295900,bHLH,0,1,-1,1
TraesCS7B02G211600,bHLH,0,1,-1,1
TraesCS1A02G332600,bHLH_TCP,0,1,-1,1
TraesCS1D02G335300,bHLH_TCP,0,1,-1,1
TraesCS5A02G309300,bHLH_TCP,0,1,-1,1
TraesCS5B02G310000,bHLH_TCP,0,1,-1,1
TraesCS6A02G412800,bHLH_TCP,0,1,-1,1
TraesCS4A02G268500,C2C2_CO-like,0,1,-1,1
TraesCS6B02G323400,C2C2_CO-like,0,1,-1,1
TraesCS6D02G274100,C2C2_CO-like,0,1,-1,1
TraesCS7B02G400600,C2C2_CO-like,0,1,-1,1
TraesCS2A02G591000,C2C2_Dof,0,1,-1,1
TraesCS2B02G592900,C2C2_Dof,0,1,-1,1
TraesCS3A02G271700,C2C2_Dof,0,1,-1,1
TraesCS3A02G377000,C2C2_Dof,0,1,-1,1
TraesCS1A02G340900,C2C2_GATA,0,1,-1,1
TraesCS1B02G353700,C2C2_GATA,0,1,-1,1
TraesCS1D02G343000,C2C2_GATA,0,1,-1,1
TraesCS3B02G603900,C2C2_GATA,0,1,-1,1
TraesCS4D02G095700,C2C2_GATA,0,1,-1,1
TraesCS5A02G022100,C2C2_GATA,0,1,-1,1
TraesCS5B02G018600,C2C2_GATA,0,1,-1,1
TraesCS1B02G203800,C2C2_YABBY,0,1,-1,1
TraesCS5B02G025100,C2C2_YABBY,0,1,-1,1
TraesCS1B02G425600,C3H,0,1,-1,1
TraesCS1B02G444400,C3H,0,1,-1,1
TraesCS1D02G405300,C3H,0,1,-1,1
TraesCS1D02G421700,C3H,0,1,-1,1
TraesCS2A02G039200,C3H,0,1,-1,1
TraesCS2A02G307700,C3H,0,1,-1,1
TraesCS2B02G051800,C3H,0,1,-1,1
TraesCS2B02G515600,C3H,0,1,-1,1
TraesCS3A02G179200,C3H,0,1,-1,1
TraesCS3B02G201900,C3H,0,1,-1,1
TraesCS3D02G181900,C3H,0,1,-1,1
TraesCS5A02G143400,C3H,0,1,-1,1
TraesCS5D02G119200,C3H,0,1,-1,1
TraesCS5D02G275300,C3H,0,1,-1,1
TraesCS6A02G340600,C3H,0,1,-1,1
TraesCS6B02G372100,C3H,0,1,-1,1
TraesCS6D02G321200,C3H,0,1,-1,1
TraesCS7A02G298900,C3H,0,1,-1,1
TraesCS7D02G294600,C3H,0,1,-1,1
TraesCS5B02G521100,CAMTA,0,1,-1,1
TraesCS1A02G411700,CCAAT_Dr1,0,1,-1,1
TraesCS2D02G180700,CCAAT_Dr1,0,1,-1,1
TraesCS4A02G306400,CCAAT_HAP3,0,1,-1,1
TraesCS7D02G338500,CPP,0,1,-1,1
TraesCS1D02G262400,CSD,0,1,-1,1
TraesCS6B02G093900,CSD,0,1,-1,1
TraesCS6D02G067500,CSD,0,1,-1,1
TraesCS6B02G341900,E2F/DP,0,1,-1,1
TraesCS6D02G291000,E2F/DP,0,1,-1,1
TraesCS2D02G099400,EIL,0,1,-1,1
TraesCS5D02G273600,EIL,0,1,-1,1
TraesCS1B02G022900,FHA,0,1,-1,1
TraesCS6B02G449300,FHA,0,1,-1,1
TraesCS6D02G388400,FHA,0,1,-1,1
TraesCS7A02G258700,FHA,0,1,-1,1
TraesCS2A02G264800,GARP_G2-like,0,1,-1,1
TraesCS5B02G075300,GARP_G2-like,0,1,-1,1
TraesCS5D02G081000,GARP_G2-like,0,1,-1,1
TraesCS2B02G176900,GeBP,0,1,-1,1
TraesCS3A02G165200,GeBP,0,1,-1,1
TraesCS3D02G176400,GeBP,0,1,-1,1
TraesCS5A02G234500,GeBP,0,1,-1,1
TraesCS5B02G233000,GeBP,0,1,-1,1
TraesCS5D02G241400,GeBP,0,1,-1,1
TraesCS6A02G326000,GeBP,0,1,-1,1
TraesCS6D02G305700,GeBP,0,1,-1,1
TraesCS7B02G105700,GeBP,0,1,-1,1
TraesCS3A02G408000,GRAS,0,1,-1,1
TraesCS4D02G054000,GRAS,0,1,-1,1
TraesCS4D02G122000,GRAS,0,1,-1,1
TraesCS4D02G136400,GRAS,0,1,-1,1
TraesCS5A02G535000,GRAS,0,1,-1,1
TraesCS5D02G148000,GRAS,0,1,-1,1
TraesCS5D02G152700,GRAS,0,1,-1,1
TraesCS5D02G332000,GRAS,0,1,-1,1
TraesCS5D02G422300,GRAS,0,1,-1,1
TraesCS2A02G435100,GRF,0,1,-1,1
TraesCS2D02G246600,GRF,0,1,-1,1
TraesCS4B02G060000,GRF,0,1,-1,1
TraesCS7B02G070200,GRF,0,1,-1,1
TraesCS3D02G141500,HD,0,1,-1,1
TraesCS3D02G224100,HD_PLINC,0,1,-1,1
TraesCS5A02G142700,HD_PLINC,0,1,-1,1
TraesCS5B02G141400,HD_PLINC,0,1,-1,1
TraesCS1D02G197300,HD-Zip_IV,0,1,-1,1
TraesCS2B02G497500,HD-Zip_IV,0,1,-1,1
TraesCS5B02G315100,HD-Zip_IV,0,1,-1,1
TraesCS5D02G445100,HSF,0,1,-1,1
TraesCS5B02G556200,HSF,0,1,-1,1
TraesCS7D02G261900,MADS_I,0,1,-1,1
TraesCS4A02G078700,MADS_II,0,1,-1,1
TraesCS2B02G281000,MADS_II,0,1,-1,1
TraesCS2D02G262700,MADS_II,0,1,-1,1
TraesCS5B02G396600,MADS_II,0,1,-1,1
TraesCS6A02G158100,MADS_II,0,1,-1,1
TraesCS6D02G147400,MADS_II,0,1,-1,1
TraesCS7B02G020800,MADS_II,0,1,-1,1
TraesCS1B02G047700,mTERF,0,1,-1,1
TraesCS1B02G441100,mTERF,0,1,-1,1
TraesCS1D02G252000,mTERF,0,1,-1,1
TraesCS2B02G218100,mTERF,0,1,-1,1
TraesCS2D02G198500,mTERF,0,1,-1,1
TraesCS4B02G279700,mTERF,0,1,-1,1
TraesCS5D02G030500,mTERF,0,1,-1,1
TraesCS6A02G016800,mTERF,0,1,-1,1
TraesCS6A02G019600,mTERF,0,1,-1,1
TraesCS6A02G021400,mTERF,0,1,-1,1
TraesCS6A02G032300,mTERF,0,1,-1,1
TraesCS6A02G058000,mTERF,0,1,-1,1
TraesCS6A02G214200,mTERF,0,1,-1,1
TraesCS6A02G270600,mTERF,0,1,-1,1
TraesCS6B02G025600,mTERF,0,1,-1,1
TraesCS6B02G043100,mTERF,0,1,-1,1
TraesCS6B02G045000,mTERF,0,1,-1,1
TraesCS6B02G045300,mTERF,0,1,-1,1
TraesCS6B02G076900,mTERF,0,1,-1,1
TraesCS6D02G018300,mTERF,0,1,-1,1
TraesCS6D02G022000,mTERF,0,1,-1,1
TraesCS6D02G025200,mTERF,0,1,-1,1
TraesCS6D02G034400,mTERF,0,1,-1,1
TraesCS6D02G037100,mTERF,0,1,-1,1
TraesCS6D02G040000,mTERF,0,1,-1,1
TraesCS6D02G196900,mTERF,0,1,-1,1
TraesCS7A02G182600,mTERF,0,1,-1,1
TraesCS7B02G087500,mTERF,0,1,-1,1
TraesCS7B02G141200,mTERF,0,1,-1,1
TraesCS7B02G149800,mTERF,0,1,-1,1
TraesCS7D02G448700,mTERF,0,1,-1,1
TraesCSU02G029100,mTERF,0,1,-1,1
TraesCS1A02G219400,MYB-related,0,1,-1,1
TraesCS1D02G204500,MYB-related,0,1,-1,1
TraesCS1D02G283100,MYB-related,0,1,-1,1
TraesCS1D02G371400,MYB-related,0,1,-1,1
TraesCS2A02G338200,MYB-related,0,1,-1,1
TraesCS2B02G082400,MYB-related,0,1,-1,1
TraesCS2B02G399200,MYB-related,0,1,-1,1
TraesCS2D02G158300,MYB-related,0,1,-1,1
TraesCS3A02G153700,MYB-related,0,1,-1,1
TraesCS3B02G180300,MYB-related,0,1,-1,1
TraesCS3D02G109100,MYB-related,0,1,-1,1
TraesCS3D02G377300,MYB-related,0,1,-1,1
TraesCS4A02G075200,MYB-related,0,1,-1,1
TraesCS5A02G227400,MYB-related,0,1,-1,1
TraesCS5A02G307100,MYB-related,0,1,-1,1
TraesCS5A02G375400,MYB-related,0,1,-1,1
TraesCS5A02G450800,MYB-related,0,1,-1,1
TraesCS5B02G004400,MYB-related,0,1,-1,1
TraesCS5B02G307500,MYB-related,0,1,-1,1
TraesCS5B02G459200,MYB-related,0,1,-1,1
TraesCS5D02G099100,MYB-related,0,1,-1,1
TraesCS5D02G314000,MYB-related,0,1,-1,1
TraesCS5D02G460800,MYB-related,0,1,-1,1
TraesCS6A02G173800,MYB-related,0,1,-1,1
TraesCS6A02G258600,MYB-related,0,1,-1,1
TraesCS6A02G344700,MYB-related,0,1,-1,1
TraesCS6B02G257000,MYB-related,0,1,-1,1
TraesCS6B02G296300,MYB-related,0,1,-1,1
TraesCS6B02G377400,MYB-related,0,1,-1,1
TraesCS6D02G327300,MYB-related,0,1,-1,1
TraesCS7A02G299400,MYB-related,0,1,-1,1
TraesCS7A02G304600,MYB-related,0,1,-1,1
TraesCS7D02G409100,MYB-related,0,1,-1,1
TraesCS2A02G459700,NAC,0,1,-1,1
TraesCS3D02G480900,NAC,0,1,-1,1
TraesCS5B02G480900,NAC,0,1,-1,1
TraesCS6A02G208900,NAC,0,1,-1,1
TraesCS6B02G237900,NAC,0,1,-1,1
TraesCS6D02G192400,NAC,0,1,-1,1
TraesCS7A02G464100,NAC,0,1,-1,1
TraesCS7B02G111300,NAC,0,1,-1,1
TraesCS2B02G469000,PLATZ,0,1,-1,1
TraesCS2D02G447400,PLATZ,0,1,-1,1
TraesCS6B02G291400,PLATZ,0,1,-1,1
TraesCS6D02G250500,PLATZ,0,1,-1,1
TraesCS2A02G352400,RWP-RK,0,1,-1,1
TraesCS2A02G404400,RWP-RK,0,1,-1,1
TraesCS2A02G404500,RWP-RK,0,1,-1,1
TraesCS2B02G370400,RWP-RK,0,1,-1,1
TraesCS2D02G350400,RWP-RK,0,1,-1,1
TraesCS2D02G401300,RWP-RK,0,1,-1,1
TraesCS2D02G401400,RWP-RK,0,1,-1,1
TraesCS4B02G085200,RWP-RK,0,1,-1,1
TraesCS4D02G083200,RWP-RK,0,1,-1,1
TraesCS1B02G467100,Sigma70-like,0,1,-1,1
TraesCS4A02G095200,Sigma70-like,0,1,-1,1
TraesCS4B02G163500,Sigma70-like,0,1,-1,1
TraesCS5A02G114700,Sir2,0,1,-1,1
TraesCS2A02G506500,tify,0,1,-1,1
TraesCS2B02G534800,tify,0,1,-1,1
TraesCS4A02G285900,tify,0,1,-1,1
TraesCS6D02G252800,TUB,0,1,-1,1
TraesCS3B02G349300,ULT,0,1,-1,1
TraesCS1D02G338300,VOZ,0,1,-1,1
TraesCS1B02G088900,WRKY,0,1,-1,1
TraesCS1B02G374900,WRKY,0,1,-1,1
TraesCS1D02G300300,WRKY,0,1,-1,1
TraesCS1D02G363300,WRKY,0,1,-1,1
TraesCS2D02G190500,WRKY,0,1,-1,1
TraesCS3A02G347500,WRKY,0,1,-1,1
TraesCS4A02G128100,WRKY,0,1,-1,1
TraesCS4B02G176700,WRKY,0,1,-1,1
TraesCS4D02G119700,WRKY,0,1,-1,1
TraesCS4D02G178400,WRKY,0,1,-1,1
TraesCS5A02G060200,WRKY,0,1,-1,1
TraesCS5A02G258100,WRKY,0,1,-1,1
TraesCS5A02G395100,WRKY,0,1,-1,1
TraesCS5B02G108500,WRKY,0,1,-1,1
TraesCS5B02G257300,WRKY,0,1,-1,1
TraesCS5B02G399900,WRKY,0,1,-1,1
TraesCS5D02G349800,WRKY,0,1,-1,1
TraesCS5B02G153300,Zinc finger, MIZ type,0,1,-1,1
TraesCS5D02G160100,Zinc finger, MIZ type,0,1,-1,1
TraesCS1B02G392000,AP2/EREBP,14,14,0,0
TraesCS4A02G180900,GARP_G2-like,9,9,0,0
TraesCS7D02G135700,MYB-related,5,5,0,0
TraesCS4D02G325700,NAC,5,5,0,0
TraesCS2B02G534000,AP2/EREBP,4,4,0,0
TraesCS2A02G353900,C2C2_CO-like,4,4,0,0
TraesCS6B02G142000,bHLH,3,3,0,0
TraesCS7B02G264800,C2C2_GATA,3,3,0,0
TraesCSU02G070700,HD_PLINC,3,3,0,0
TraesCS3A02G231600,HD-Zip_I_II,3,3,0,0
TraesCS4D02G102100,MYB-related,3,3,0,0
TraesCS2D02G560000,ABI3/VP1,2,2,0,0
TraesCS4A02G363200,ABI3/VP1,2,2,0,0
TraesCS6B02G125900,AP2/EREBP,2,2,0,0
TraesCS3D02G434900,bHLH,2,2,0,0
TraesCS4B02G332000,bHLH,2,2,0,0
TraesCS4B02G093700,bHLH_TCP,2,2,0,0
TraesCS2B02G335400,FHA,2,2,0,0
TraesCS4D02G107100,FHA,2,2,0,0
TraesCS6A02G324500,HD-Zip_IV,2,2,0,0
TraesCS7B02G072700,HD-Zip_IV,2,2,0,0
TraesCS3A02G251200,MYB-related,2,2,0,0
TraesCS3A02G439500,MYB-related,2,2,0,0
TraesCS3B02G400500,MYB-related,2,2,0,0
TraesCS5B02G290200,NAC,2,2,0,0
TraesCS2D02G158500,ABI3/VP1,1,1,0,0
TraesCS3A02G285500,ABI3/VP1,1,1,0,0
TraesCS3B02G319400,ABI3/VP1,1,1,0,0
TraesCS4A02G055500,ABI3/VP1,1,1,0,0
TraesCS4A02G198300,ABI3/VP1,1,1,0,0
TraesCS4B02G301400,ABI3/VP1,1,1,0,0
TraesCS5D02G514900,ABI3/VP1,1,1,0,0
TraesCS7A02G417300,ABI3/VP1,1,1,0,0
TraesCS7B02G085000,ABI3/VP1,1,1,0,0
TraesCS7D02G388100,ABI3/VP1,1,1,0,0
TraesCS1B02G233300,AP2/EREBP,1,1,0,0
TraesCS1B02G307000,AP2/EREBP,1,1,0,0
TraesCS1D02G223600,AP2/EREBP,1,1,0,0
TraesCS2A02G288000,AP2/EREBP,1,1,0,0
TraesCS2A02G427700,AP2/EREBP,1,1,0,0
TraesCS2D02G357600,AP2/EREBP,1,1,0,0
TraesCS3A02G328000,AP2/EREBP,1,1,0,0
TraesCS3B02G115400,AP2/EREBP,1,1,0,0
TraesCS3D02G321500,AP2/EREBP,1,1,0,0
TraesCS4A02G035400,AP2/EREBP,1,1,0,0
TraesCS4B02G122100,AP2/EREBP,1,1,0,0
TraesCS5A02G311300,AP2/EREBP,1,1,0,0
TraesCS5B02G311400,AP2/EREBP,1,1,0,0
TraesCS5D02G318100,AP2/EREBP,1,1,0,0
TraesCS6A02G250900,AP2/EREBP,1,1,0,0
TraesCS6A02G251000,AP2/EREBP,1,1,0,0
TraesCS6B02G263800,AP2/EREBP,1,1,0,0
TraesCS6D02G161300,AP2/EREBP,1,1,0,0
TraesCS6D02G232700,AP2/EREBP,1,1,0,0
TraesCS6D02G281200,AP2/EREBP,1,1,0,0
TraesCS7A02G292900,AP2/EREBP,1,1,0,0
TraesCS7B02G074500,AP2/EREBP,1,1,0,0
TraesCS7D02G127600,AP2/EREBP,1,1,0,0
TraesCS5D02G045700,ARF,1,1,0,0
TraesCS7D02G250100,ARF,1,1,0,0
TraesCS7D02G463000,ARF,1,1,0,0
TraesCS3B02G435700,AS2/LOB,1,1,0,0
TraesCS2D02G199900,BES1,1,1,0,0
TraesCS7B02G272900,BES1,1,1,0,0
TraesCS2B02G273500,bHLH,1,1,0,0
TraesCS5A02G515800,bHLH,1,1,0,0
TraesCS5B02G229000,bHLH,1,1,0,0
TraesCS5B02G380200,bHLH,1,1,0,0
TraesCS5B02G422000,bHLH,1,1,0,0
TraesCS5D02G428400,bHLH,1,1,0,0
TraesCS6D02G270900,bHLH,1,1,0,0
TraesCS7B02G026300,bHLH,1,1,0,0
TraesCS2A02G251100,bHLH_TCP,1,1,0,0
TraesCS2B02G265800,bHLH_TCP,1,1,0,0
TraesCS3A02G436100,bHLH_TCP,1,1,0,0
TraesCS3D02G428700,bHLH_TCP,1,1,0,0
TraesCS5A02G121800,bHLH_TCP,1,1,0,0
TraesCS5B02G117100,bHLH_TCP,1,1,0,0
TraesCS5D02G040100,bHLH_TCP,1,1,0,0
TraesCS4B02G045700,C2C2_CO-like,1,1,0,0
TraesCS4D02G046200,C2C2_CO-like,1,1,0,0
TraesCS5B02G163500,C2C2_CO-like,1,1,0,0
TraesCS6A02G293200,C2C2_CO-like,1,1,0,0
TraesCS6B02G179000,C2C2_CO-like,1,1,0,0
TraesCS2A02G590800,C2C2_Dof,1,1,0,0
TraesCS2A02G591100,C2C2_Dof,1,1,0,0
TraesCS2B02G592800,C2C2_Dof,1,1,0,0
TraesCS5B02G492600,C2C2_Dof,1,1,0,0
TraesCS1D02G106100,C2C2_GATA,1,1,0,0
TraesCS3A02G538400,C2C2_GATA,1,1,0,0
TraesCS4B02G099500,C2C2_GATA,1,1,0,0
TraesCS2A02G386200,C2C2_YABBY,1,1,0,0
TraesCS5B02G373600,C2C2_YABBY,1,1,0,0
TraesCS5D02G033700,C2C2_YABBY,1,1,0,0
TraesCS5D02G380900,C2C2_YABBY,1,1,0,0
TraesCS2D02G101800,C3H,1,1,0,0
TraesCS3D02G177700,C3H,1,1,0,0
TraesCS4A02G190800,C3H,1,1,0,0
TraesCS5A02G267500,C3H,1,1,0,0
TraesCS3D02G426700,CAMTA,1,1,0,0
TraesCS4A02G277300,CCAAT_HAP2,1,1,0,0
TraesCS4D02G033700,CCAAT_HAP2,1,1,0,0
TraesCS5A02G256500,CCAAT_HAP5,1,1,0,0
TraesCS5B02G255900,CCAAT_HAP5,1,1,0,0
TraesCS5D02G265000,CCAAT_HAP5,1,1,0,0
TraesCS7A02G475400,CCAAT_HAP5,1,1,0,0
TraesCS7B02G135000,CCAAT_HAP5,1,1,0,0
TraesCS7D02G463100,CCAAT_HAP5,1,1,0,0
TraesCS4B02G028500,CPP,1,1,0,0
TraesCS5D02G065300,CPP,1,1,0,0
TraesCS1A02G262500,CSD,1,1,0,0
TraesCS1B02G273000,CSD,1,1,0,0
TraesCS1B02G273100,CSD,1,1,0,0
TraesCS1D02G262500,CSD,1,1,0,0
TraesCS2B02G313600,E2F/DP,1,1,0,0
TraesCS3B02G204800,FHA,1,1,0,0
TraesCS2A02G317000,FHA,1,1,0,0
TraesCS2D02G314900,FHA,1,1,0,0
TraesCS3A02G174400,FHA,1,1,0,0
TraesCS3A02G174900,FHA,1,1,0,0
TraesCS3D02G180300,FHA,1,1,0,0
TraesCS7D02G258200,FHA,1,1,0,0
TraesCS1B02G268900,GARP_G2-like,1,1,0,0
TraesCS2A02G116100,GARP_G2-like,1,1,0,0
TraesCS3D02G168200,GARP_G2-like,1,1,0,0
TraesCS6D02G248300,GARP_G2-like,1,1,0,0
TraesCS7D02G294400,GARP_G2-like,1,1,0,0
TraesCS2A02G151700,GeBP,1,1,0,0
TraesCS2D02G156800,GeBP,1,1,0,0
TraesCS3A02G042900,GeBP,1,1,0,0
TraesCS3B02G040600,GeBP,1,1,0,0
TraesCS3B02G200500,GeBP,1,1,0,0
TraesCS3D02G037800,GeBP,1,1,0,0
TraesCS4A02G138100,GeBP,1,1,0,0
TraesCS4B02G159600,GeBP,1,1,0,0
TraesCS5D02G022400,GeBP,1,1,0,0
TraesCS7D02G170000,GeBP,1,1,0,0
TraesCS3B02G441600,GRAS,1,1,0,0
TraesCS3D02G354100,GRAS,1,1,0,0
TraesCS3D02G403100,GRAS,1,1,0,0
TraesCS4A02G176300,GRAS,1,1,0,0
TraesCS4B02G140800,GRAS,1,1,0,0
TraesCS4D02G040400,GRAS,1,1,0,0
TraesCS4D02G127800,GRAS,1,1,0,0
TraesCS4D02G135500,GRAS,1,1,0,0
TraesCS5A02G135000,GRAS,1,1,0,0
TraesCS4A02G434900,GRF,1,1,0,0
TraesCS4A02G040600,HD,1,1,0,0
TraesCS4D02G228800,HD,1,1,0,0
TraesCS2A02G305400,HD_PLINC,1,1,0,0
TraesCS2D02G303900,HD_PLINC,1,1,0,0
TraesCS5A02G227100,HD_PLINC,1,1,0,0
TraesCS6D02G253700,HD_PLINC,1,1,0,0
TraesCS1D02G220900,HD-Zip_I_II,1,1,0,0
TraesCS5D02G323100,HD-Zip_I_II,1,1,0,0
TraesCS6A02G290800,HD-Zip_I_II,1,1,0,0
TraesCS7D02G270600,HSF,1,1,0,0
TraesCS1D02G382900,HSF,1,1,0,0
TraesCS4A02G027700,HSF,1,1,0,0
TraesCS4B02G385800,HSF,1,1,0,0
TraesCS5A02G237900,HSF,1,1,0,0
TraesCS5A02G314700,HSF,1,1,0,0
TraesCS5B02G236100,HSF,1,1,0,0
TraesCS5D02G243900,HSF,1,1,0,0
TraesCS6B02G127000,HSF,1,1,0,0
TraesCS6B02G024100,MADS_I,1,1,0,0
TraesCS1A02G125800,MADS_II,1,1,0,0
TraesCS6A02G011700,MADS_II,1,1,0,0
TraesCS1B02G269200,mTERF,1,1,0,0
TraesCS1B02G325200,mTERF,1,1,0,0
TraesCS1D02G258000,mTERF,1,1,0,0
TraesCS1D02G420700,mTERF,1,1,0,0
TraesCS2D02G528700,mTERF,1,1,0,0
TraesCS4B02G103900,mTERF,1,1,0,0
TraesCS5A02G239900,mTERF,1,1,0,0
TraesCS5D02G030400,mTERF,1,1,0,0
TraesCS6A02G019500,mTERF,1,1,0,0
TraesCS6A02G030000,mTERF,1,1,0,0
TraesCS6A02G031600,mTERF,1,1,0,0
TraesCS6A02G201500,mTERF,1,1,0,0
TraesCS6B02G022000,mTERF,1,1,0,0
TraesCS6B02G023000,mTERF,1,1,0,0
TraesCS6B02G023400,mTERF,1,1,0,0
TraesCS6B02G025200,mTERF,1,1,0,0
TraesCS6B02G025900,mTERF,1,1,0,0
TraesCS6B02G059500,mTERF,1,1,0,0
TraesCS6B02G082700,mTERF,1,1,0,0
TraesCS6B02G333200,mTERF,1,1,0,0
TraesCS6D02G020000,mTERF,1,1,0,0
TraesCS6D02G020200,mTERF,1,1,0,0
TraesCS6D02G022100,mTERF,1,1,0,0
TraesCS6D02G022200,mTERF,1,1,0,0
TraesCS6D02G036500,mTERF,1,1,0,0
TraesCS7A02G183700,mTERF,1,1,0,0
TraesCS7A02G250000,mTERF,1,1,0,0
TraesCS7A02G460800,mTERF,1,1,0,0
TraesCS7B02G088200,mTERF,1,1,0,0
TraesCS7D02G184000,mTERF,1,1,0,0
TraesCS1A02G218800,MYB-related,1,1,0,0
TraesCS1B02G383800,MYB-related,1,1,0,0
TraesCS1B02G383900,MYB-related,1,1,0,0
TraesCS1B02G451500,MYB-related,1,1,0,0
TraesCS1D02G043300,MYB-related,1,1,0,0
TraesCS1D02G220500,MYB-related,1,1,0,0
TraesCS1D02G268900,MYB-related,1,1,0,0
TraesCS1D02G371800,MYB-related,1,1,0,0
TraesCS1D02G428400,MYB-related,1,1,0,0
TraesCS2A02G157600,MYB-related,1,1,0,0
TraesCS2A02G552400,MYB-related,1,1,0,0
TraesCS2B02G178000,MYB-related,1,1,0,0
TraesCS2B02G459800,MYB-related,1,1,0,0
TraesCS2D02G158200,MYB-related,1,1,0,0
TraesCS2D02G456900,MYB-related,1,1,0,0
TraesCS3A02G107000,MYB-related,1,1,0,0
TraesCS3A02G108000,MYB-related,1,1,0,0
TraesCS3A02G109300,MYB-related,1,1,0,0
TraesCS3B02G126800,MYB-related,1,1,0,0
TraesCS3B02G128500,MYB-related,1,1,0,0
TraesCS3B02G407700,MYB-related,1,1,0,0
TraesCS3D02G111100,MYB-related,1,1,0,0
TraesCS3D02G360500,MYB-related,1,1,0,0
TraesCS4A02G217800,MYB-related,1,1,0,0
TraesCS4B02G096500,MYB-related,1,1,0,0
TraesCS4D02G092900,MYB-related,1,1,0,0
TraesCS4D02G224500,MYB-related,1,1,0,0
TraesCS5B02G157300,MYB-related,1,1,0,0
TraesCS5B02G226100,MYB-related,1,1,0,0
TraesCS5D02G093100,MYB-related,1,1,0,0
TraesCS5D02G095600,MYB-related,1,1,0,0
TraesCS5D02G234800,MYB-related,1,1,0,0
TraesCS6A02G236700,MYB-related,1,1,0,0
TraesCS6A02G269000,MYB-related,1,1,0,0
TraesCS6B02G228500,MYB-related,1,1,0,0
TraesCS6D02G179100,MYB-related,1,1,0,0
TraesCS7A02G272100,MYB-related,1,1,0,0
TraesCS7A02G306100,MYB-related,1,1,0,0
TraesCS7B02G187400,MYB-related,1,1,0,0
TraesCS7B02G372500,MYB-related,1,1,0,0
TraesCS2B02G118200,NAC,1,1,0,0
TraesCS2B02G118500,NAC,1,1,0,0
TraesCS2D02G100900,NAC,1,1,0,0
TraesCS3B02G371200,NAC,1,1,0,0
TraesCS3B02G436900,NAC,1,1,0,0
TraesCS3D02G398200,NAC,1,1,0,0
TraesCS3D02G401200,NAC,1,1,0,0
TraesCS5A02G500500,NAC,1,1,0,0
TraesCS5D02G481200,NAC,1,1,0,0
TraesCS6B02G433100,NAC,1,1,0,0
TraesCS7B02G365300,NAC,1,1,0,0
TraesCS7D02G263800,NAC,1,1,0,0
TraesCS7D02G451700,NAC,1,1,0,0
TraesCS3A02G497900,PLATZ,1,1,0,0
TraesCS6A02G264400,PLATZ,1,1,0,0
TraesCS2D02G079600,Pseudo ARR-B,1,1,0,0
TraesCS4A02G105300,Pseudo ARR-B,1,1,0,0
TraesCS4D02G199600,Pseudo ARR-B,1,1,0,0
TraesCS6B02G253900,Pseudo ARR-B,1,1,0,0
TraesCS6D02G207100,Pseudo ARR-B,1,1,0,0
TraesCS2B02G422300,RWP-RK,1,1,0,0
TraesCS3D02G166900,RWP-RK,1,1,0,0
TraesCS4A02G230700,RWP-RK,1,1,0,0
TraesCS4D02G322400,RWP-RK,1,1,0,0
TraesCS5A02G497800,RWP-RK,1,1,0,0
TraesCS6A02G155300,SBP,1,1,0,0
TraesCS6D02G098500,SBP,1,1,0,0
TraesCS7A02G208000,SBP,1,1,0,0
TraesCS7B02G115200,SBP,1,1,0,0
TraesCS7D02G210400,SBP,1,1,0,0
TraesCS7D02G248000,SBP,1,1,0,0
TraesCS1B02G461600,Sigma70-like,1,1,0,0
TraesCS4B02G209300,Sigma70-like,1,1,0,0
TraesCS4D02G210000,Sigma70-like,1,1,0,0
TraesCS7A02G297900,Sigma70-like,1,1,0,0
TraesCS7B02G184800,Sigma70-like,1,1,0,0
TraesCS7D02G292000,Sigma70-like,1,1,0,0
TraesCS5D02G124700,Sir2,1,1,0,0
TraesCSU02G136000,Sir2,1,1,0,0
TraesCS5A02G319200,SRS,1,1,0,0
TraesCS5D02G325400,SRS,1,1,0,0
TraesCS3A02G400400,TAZ,1,1,0,0
TraesCS3B02G433400,TAZ,1,1,0,0
TraesCS3D02G408100,TAZ,1,1,0,0
TraesCS2A02G169300,tify,1,1,0,0
TraesCS2B02G195600,tify,1,1,0,0
TraesCS2D02G176800,tify,1,1,0,0
TraesCS2D02G507200,tify,1,1,0,0
TraesCS3D02G371600,TUB,1,1,0,0
TraesCS4D02G164200,TUB,1,1,0,0
TraesCS6A02G272800,TUB,1,1,0,0
TraesCS6B02G300200,TUB,1,1,0,0
TraesCS4A02G395700,Whirly,1,1,0,0
TraesCS7A02G095300,Whirly,1,1,0,0
TraesCS7D02G091500,Whirly,1,1,0,0
TraesCS1A02G070400,WRKY,1,1,0,0
TraesCS2A02G433000,WRKY,1,1,0,0
TraesCS2D02G262100,WRKY,1,1,0,0
TraesCS3A02G242500,WRKY,1,1,0,0
TraesCS3B02G379200,WRKY,1,1,0,0
TraesCS3D02G242500,WRKY,1,1,0,0
TraesCS3D02G289500,WRKY,1,1,0,0
TraesCS3D02G341100,WRKY,1,1,0,0
TraesCS5A02G185700,WRKY,1,1,0,0
TraesCS5D02G404400,WRKY,1,1,0,0
TraesCS6A02G146900,WRKY,1,1,0,0
TraesCS2B02G185600,ABI3/VP1,0,0,0,0
TraesCS2D02G167000,ABI3/VP1,0,0,0,0
TraesCS5B02G514700,ABI3/VP1,0,0,0,0
TraesCS2A02G009100,ABI3/VP1,0,0,0,0
TraesCS2A02G077500,ABI3/VP1,0,0,0,0
TraesCS2D02G148000,ABI3/VP1,0,0,0,0
TraesCS4A02G214700,ABI3/VP1,0,0,0,0
TraesCS5A02G090100,ABI3/VP1,0,0,0,0
TraesCS5A02G363700,ABI3/VP1,0,0,0,0
TraesCS5A02G516600,ABI3/VP1,0,0,0,0
TraesCS5B02G365800,ABI3/VP1,0,0,0,0
TraesCS5D02G077900,ABI3/VP1,0,0,0,0
TraesCS5D02G102200,ABI3/VP1,0,0,0,0
TraesCS5D02G515100,ABI3/VP1,0,0,0,0
TraesCS5D02G515200,ABI3/VP1,0,0,0,0
TraesCS6A02G176600,ABI3/VP1,0,0,0,0
TraesCS6A02G213000,ABI3/VP1,0,0,0,0
TraesCS7D02G020700,ABI3/VP1,0,0,0,0
TraesCS7D02G057400,ABI3/VP1,0,0,0,0
TraesCS1B02G254300,AP2/EREBP,0,0,0,0
TraesCS2B02G221700,AP2/EREBP,0,0,0,0
TraesCS2D02G425700,AP2/EREBP,0,0,0,0
TraesCS2D02G503900,AP2/EREBP,0,0,0,0
TraesCS3B02G357600,AP2/EREBP,0,0,0,0
TraesCS4B02G215800,AP2/EREBP,0,0,0,0
TraesCS4D02G002400,AP2/EREBP,0,0,0,0
TraesCS4D02G216300,AP2/EREBP,0,0,0,0
TraesCS5A02G141700,AP2/EREBP,0,0,0,0
TraesCS5A02G310000,AP2/EREBP,0,0,0,0
TraesCS6B02G210300,AP2/EREBP,0,0,0,0
TraesCS6B02G274200,AP2/EREBP,0,0,0,0
TraesCS6D02G225500,AP2/EREBP,0,0,0,0
TraesCS7D02G182700,AP2/EREBP,0,0,0,0
TraesCS7D02G292500,AP2/EREBP,0,0,0,0
TraesCS1A02G156600,ARF,0,0,0,0
TraesCS2D02G307600,ARF,0,0,0,0
TraesCS3A02G246000,ARF,0,0,0,0
TraesCS3D02G292100,ARF,0,0,0,0
TraesCS3D02G434700,ARF,0,0,0,0
TraesCS7B02G363100,ARF,0,0,0,0
TraesCS7D02G409700,ARF,0,0,0,0
TraesCS7D02G449900,ARF,0,0,0,0
TraesCS6A02G189700,ARID,0,0,0,0
TraesCS6D02G180000,ARID,0,0,0,0
TraesCS4A02G235100,AS2/LOB,0,0,0,0
TraesCS4B02G224600,AS2/LOB,0,0,0,0
TraesCS1A02G193200,bHLH,0,0,0,0
TraesCS1B02G113100,bHLH,0,0,0,0
TraesCS3D02G210600,bHLH,0,0,0,0
TraesCS4A02G257900,bHLH,0,0,0,0
TraesCS4D02G056900,bHLH,0,0,0,0
TraesCS4D02G237100,bHLH,0,0,0,0
TraesCS5A02G225700,bHLH,0,0,0,0
TraesCS6B02G411300,bHLH,0,0,0,0
TraesCS6D02G294900,bHLH,0,0,0,0
TraesCS6D02G341200,bHLH,0,0,0,0
TraesCS7A02G543300,bHLH,0,0,0,0
TraesCS7B02G145800,bHLH,0,0,0,0
TraesCS7D02G308300,bHLH,0,0,0,0
TraesCS2B02G062900,bHLH_TCP,0,0,0,0
TraesCS2D02G049400,bHLH_TCP,0,0,0,0
TraesCS3B02G164500,bHLH_TCP,0,0,0,0
TraesCS6A02G150900,C2C2_CO-like,0,0,0,0
TraesCS6B02G248400,C2C2_CO-like,0,0,0,0
TraesCS7A02G218600,C2C2_CO-like,0,0,0,0
TraesCS2A02G225900,C2C2_Dof,0,0,0,0
TraesCS2A02G591200,C2C2_Dof,0,0,0,0
TraesCS2D02G231600,C2C2_Dof,0,0,0,0
TraesCS2D02G399500,C2C2_Dof,0,0,0,0
TraesCS2D02G563000,C2C2_Dof,0,0,0,0
TraesCS2D02G563100,C2C2_Dof,0,0,0,0
TraesCS3B02G305400,C2C2_Dof,0,0,0,0
TraesCS3D02G271300,C2C2_Dof,0,0,0,0
TraesCS3D02G537400,C2C2_Dof,0,0,0,0
TraesCS5A02G479400,C2C2_Dof,0,0,0,0
TraesCS6A02G274000,C2C2_Dof,0,0,0,0
TraesCS6B02G270100,C2C2_Dof,0,0,0,0
TraesCS7D02G215300,C2C2_Dof,0,0,0,0
TraesCS2B02G406400,C2C2_GATA,0,0,0,0
TraesCS2B02G410200,C2C2_GATA,0,0,0,0
TraesCS1A02G397300,C3H,0,0,0,0
TraesCS1B02G444500,C3H,0,0,0,0
TraesCS1B02G480400,C3H,0,0,0,0
TraesCS3B02G237800,C3H,0,0,0,0
TraesCS4A02G276700,C3H,0,0,0,0
TraesCS4B02G124600,C3H,0,0,0,0
TraesCS4D02G034300,C3H,0,0,0,0
TraesCS4D02G122500,C3H,0,0,0,0
TraesCS5A02G121100,C3H,0,0,0,0
TraesCS5A02G423300,C3H,0,0,0,0
TraesCS5B02G502600,C3H,0,0,0,0
TraesCS5D02G148600,C3H,0,0,0,0
TraesCS5D02G431900,C3H,0,0,0,0
TraesCS7A02G228200,C3H,0,0,0,0
TraesCS2A02G359400,CCAAT_Dr1,0,0,0,0
TraesCS3D02G347000,CCAAT_Dr1,0,0,0,0
TraesCS5A02G043300,CCAAT_HAP2,0,0,0,0
TraesCS1D02G310200,CCAAT_HAP5,0,0,0,0
TraesCS7A02G239500,CCAAT_HAP5,0,0,0,0
TraesCS1B02G462600,CPP,0,0,0,0
TraesCS1B02G462900,CPP,0,0,0,0
TraesCS1D02G329200,CPP,0,0,0,0
TraesCS3D02G297000,CPP,0,0,0,0
TraesCS2A02G031800,E2F/DP,0,0,0,0
TraesCS7B02G103500,E2F/DP,0,0,0,0
TraesCS7D02G199600,E2F/DP,0,0,0,0
TraesCS2B02G116900,EIL,0,0,0,0
TraesCS4A02G129400,EIL,0,0,0,0
TraesCS5A02G265700,EIL,0,0,0,0
TraesCS3A02G461400,FHA,0,0,0,0
TraesCS1A02G019200,FHA,0,0,0,0
TraesCS1B02G178800,FHA,0,0,0,0
TraesCS1D02G018400,FHA,0,0,0,0
TraesCS4B02G129700,FHA,0,0,0,0
TraesCS2D02G119100,GARP_G2-like,0,0,0,0
TraesCS3A02G361800,GARP_G2-like,0,0,0,0
TraesCS3B02G394200,GARP_G2-like,0,0,0,0
TraesCS3D02G531900,GARP_G2-like,0,0,0,0
TraesCS5B02G407600,GARP_G2-like,0,0,0,0
TraesCS6A02G266400,GARP_G2-like,0,0,0,0
TraesCS6B02G424600,GARP_G2-like,0,0,0,0
TraesCS6A02G329300,GeBP,0,0,0,0
TraesCS7A02G199000,GeBP,0,0,0,0
TraesCS1A02G209400,GRAS,0,0,0,0
TraesCS4A02G176200,GRAS,0,0,0,0
TraesCS5B02G143100,GRAS,0,0,0,0
TraesCS5B02G326400,GRAS,0,0,0,0
TraesCS5D02G092000,GRAS,0,0,0,0
TraesCS7A02G059000,GRAS,0,0,0,0
TraesCS7B02G078300,GRAS,0,0,0,0
TraesCS2D02G435200,GRF,0,0,0,0
TraesCS7A02G165600,GRF,0,0,0,0
TraesCS7D02G166400,GRF,0,0,0,0
TraesCS5A02G549700,HD,0,0,0,0
TraesCS1D02G341000,HD_PHD,0,0,0,0
TraesCS3B02G258400,HD_PLINC,0,0,0,0
TraesCS4B02G089700,HD_PLINC,0,0,0,0
TraesCS5D02G149400,HD_PLINC,0,0,0,0
TraesCS5D02G235300,HD-Zip_I_II,0,0,0,0
TraesCS1B02G208400,HD-Zip_IV,0,0,0,0
TraesCS3B02G331200,HD-Zip_IV,0,0,0,0
TraesCS2D02G195100,HRT,0,0,0,0
TraesCS2D02G399000,HSF,0,0,0,0
TraesCS3B02G314600,HSF,0,0,0,0
TraesCS3D02G289000,HSF,0,0,0,0
TraesCS5A02G383800,HSF,0,0,0,0
TraesCS5D02G553300,HSF,0,0,0,0
TraesCS6A02G098800,HSF,0,0,0,0
TraesCS3A02G434900,MADS_I,0,0,0,0
TraesCS1A02G199600,MADS_II,0,0,0,0
TraesCS2A02G261200,MADS_II,0,0,0,0
TraesCS2D02G181400,MADS_II,0,0,0,0
TraesCS3A02G090300,MADS_II,0,0,0,0
TraesCS3D02G284200,MADS_II,0,0,0,0
TraesCS4B02G245700,MADS_II,0,0,0,0
TraesCS4B02G346700,MADS_II,0,0,0,0
TraesCS4D02G276100,MADS_II,0,0,0,0
TraesCS5A02G117500,MADS_II,0,0,0,0
TraesCS6B02G186700,MADS_II,0,0,0,0
TraesCS1B02G263300,mTERF,0,0,0,0
TraesCS1B02G399400,mTERF,0,0,0,0
TraesCS1D02G313900,mTERF,0,0,0,0
TraesCS4A02G023900,mTERF,0,0,0,0
TraesCS4A02G234300,mTERF,0,0,0,0
TraesCS4A02G390500,mTERF,0,0,0,0
TraesCS6A02G066800,mTERF,0,0,0,0
TraesCS6B02G023600,mTERF,0,0,0,0
TraesCS6B02G025100,mTERF,0,0,0,0
TraesCS6B02G025800,mTERF,0,0,0,0
TraesCS6B02G027400,mTERF,0,0,0,0
TraesCS6B02G027600,mTERF,0,0,0,0
TraesCS6B02G029100,mTERF,0,0,0,0
TraesCS6B02G044900,mTERF,0,0,0,0
TraesCS6B02G059600,mTERF,0,0,0,0
TraesCS6B02G076700,mTERF,0,0,0,0
TraesCS6B02G090000,mTERF,0,0,0,0
TraesCS6B02G297700,mTERF,0,0,0,0
TraesCS6B02G333100,mTERF,0,0,0,0
TraesCS6B02G395300,mTERF,0,0,0,0
TraesCS6D02G018900,mTERF,0,0,0,0
TraesCS6D02G034700,mTERF,0,0,0,0
TraesCS6D02G036000,mTERF,0,0,0,0
TraesCS6D02G036100,mTERF,0,0,0,0
TraesCS6D02G037000,mTERF,0,0,0,0
TraesCS6D02G283900,mTERF,0,0,0,0
TraesCS7A02G200000,mTERF,0,0,0,0
TraesCS7B02G106700,mTERF,0,0,0,0
TraesCS7B02G362000,mTERF,0,0,0,0
TraesCS7D02G185300,mTERF,0,0,0,0
TraesCS7D02G185400,mTERF,0,0,0,0
TraesCS7D02G203000,mTERF,0,0,0,0
TraesCS7D02G248600,mTERF,0,0,0,0
TraesCS7D02G252100,mTERF,0,0,0,0
TraesCS1A02G366100,MYB-related,0,0,0,0
TraesCS1B02G232800,MYB-related,0,0,0,0
TraesCS1B02G293300,MYB-related,0,0,0,0
TraesCS1B02G401700,MYB-related,0,0,0,0
TraesCS1D02G125400,MYB-related,0,0,0,0
TraesCS2A02G363800,MYB-related,0,0,0,0
TraesCS2A02G370000,MYB-related,0,0,0,0
TraesCS2A02G441300,MYB-related,0,0,0,0
TraesCS2D02G378400,MYB-related,0,0,0,0
TraesCS3A02G056000,MYB-related,0,0,0,0
TraesCS3B02G416400,MYB-related,0,0,0,0
TraesCS3D02G108000,MYB-related,0,0,0,0
TraesCS3D02G353500,MYB-related,0,0,0,0
TraesCS3D02G432300,MYB-related,0,0,0,0
TraesCS4A02G452600,MYB-related,0,0,0,0
TraesCS5D02G183000,MYB-related,0,0,0,0
TraesCS5D02G335700,MYB-related,0,0,0,0
TraesCS6A02G224400,MYB-related,0,0,0,0
TraesCS6D02G210500,MYB-related,0,0,0,0
TraesCS6D02G239800,MYB-related,0,0,0,0
TraesCS7A02G145200,MYB-related,0,0,0,0
TraesCS7B02G047400,MYB-related,0,0,0,0
TraesCS1B02G192200,NAC,0,0,0,0
TraesCS2B02G067400,NAC,0,0,0,0
TraesCS2B02G399700,NAC,0,0,0,0
TraesCS2B02G616900,NAC,0,0,0,0
TraesCS2D02G334800,NAC,0,0,0,0
TraesCS3A02G245900,NAC,0,0,0,0
TraesCS3A02G403300,NAC,0,0,0,0
TraesCS3B02G126200,NAC,0,0,0,0
TraesCS3B02G208300,NAC,0,0,0,0
TraesCS3B02G421300,NAC,0,0,0,0
TraesCS6A02G406700,NAC,0,0,0,0
TraesCS7B02G162700,RB,0,0,0,0
TraesCS2B02G422400,RWP-RK,0,0,0,0
TraesCS3A02G159600,RWP-RK,0,0,0,0
TraesCS5B02G512800,SBP,0,0,0,0
TraesCS5D02G513300,SBP,0,0,0,0
TraesCS7B02G142200,SBP,0,0,0,0
TraesCS1D02G440900,Sigma70-like,0,0,0,0
TraesCS1A02G241400,SRS,0,0,0,0
TraesCS3A02G413600,TAZ,0,0,0,0
TraesCS6A02G107300,TAZ,0,0,0,0
TraesCS6B02G135800,TAZ,0,0,0,0
TraesCS6D02G095400,TAZ,0,0,0,0
TraesCS7D02G407600,TAZ,0,0,0,0
TraesCS5B02G211000,tify,0,0,0,0
TraesCS1A02G333900,TUB,0,0,0,0
TraesCS3B02G411000,TUB,0,0,0,0
TraesCS6A02G149400,TUB,0,0,0,0
TraesCS1A02G410500,WRKY,0,0,0,0
TraesCS1D02G418400,WRKY,0,0,0,0
TraesCS2A02G261900,WRKY,0,0,0,0
TraesCS2D02G168600,WRKY,0,0,0,0
TraesCS3A02G111200,WRKY,0,0,0,0
TraesCS3A02G360900,WRKY,0,0,0,0
TraesCS3D02G113200,WRKY,0,0,0,0
TraesCS3D02G173300,WRKY,0,0,0,0
TraesCS5A02G344100,WRKY,0,0,0,0
TraesCS5B02G154900,WRKY,0,0,0,0
TraesCS5D02G266300,WRKY,0,0,0,0
TraesCS7D02G124300,Zinc finger, MIZ type,0,0,0,0
TraesCS1A02G065700,Zinc finger, MIZ type,0,0,0,0
TraesCS6A02G287400,CCAAT_Dr1,48,47,1,1
TraesCS4D02G348100,AP2/EREBP,10,9,1,1
TraesCS3B02G452200,ABI3/VP1,9,8,1,1
TraesCS7D02G452500,NAC,7,6,1,1
TraesCS2D02G256600,AP2/EREBP,5,4,1,1
TraesCS5B02G236400,HSF,5,4,1,1
TraesCS4D02G261600,HD,4,3,1,1
TraesCS5D02G190800,WRKY,4,3,1,1
TraesCS4D02G225200,AS2/LOB,3,2,1,1
TraesCS5A02G264800,bHLH,3,2,1,1
TraesCS3A02G140100,bHLH_TCP,3,2,1,1
TraesCS5A02G029900,CCAAT_HAP2,3,2,1,1
TraesCS6B02G296900,GRF,3,2,1,1
TraesCS4A02G382400,HD-Zip_I_II,3,2,1,1
TraesCS6B02G354900,HD-Zip_IV,3,2,1,1
TraesCS5B02G089200,MYB-related,3,2,1,1
TraesCS4A02G249400,tify,3,2,1,1
TraesCS5B02G297100,ABI3/VP1,2,1,1,1
TraesCS5D02G304900,ABI3/VP1,2,1,1,1
TraesCS1A02G075800,ABI3/VP1,2,1,1,1
TraesCS2A02G153200,ABI3/VP1,2,1,1,1
TraesCS2A02G465700,ABI3/VP1,2,1,1,1
TraesCS2B02G178300,ABI3/VP1,2,1,1,1
TraesCS2D02G466100,ABI3/VP1,2,1,1,1
TraesCS4B02G073100,ABI3/VP1,2,1,1,1
TraesCS6A02G256600,AP2/EREBP,2,1,1,1
TraesCS1A02G272300,AP2/EREBP,2,1,1,1
TraesCS2A02G185600,AP2/EREBP,2,1,1,1
TraesCS2D02G515900,AP2/EREBP,2,1,1,1
TraesCS3D02G099500,AP2/EREBP,2,1,1,1
TraesCS3D02G321700,AP2/EREBP,2,1,1,1
TraesCS4A02G005400,AP2/EREBP,2,1,1,1
TraesCS4B02G299700,AP2/EREBP,2,1,1,1
TraesCS4D02G291300,AP2/EREBP,2,1,1,1
TraesCS6A02G235100,AP2/EREBP,2,1,1,1
TraesCS7A02G416400,ARF,2,1,1,1
TraesCS7D02G368000,BES1,2,1,1,1
TraesCS2A02G253900,bHLH,2,1,1,1
TraesCS2D02G254400,bHLH,2,1,1,1
TraesCS2D02G448000,bHLH,2,1,1,1
TraesCS4D02G328900,bHLH,2,1,1,1
TraesCS5A02G230500,bHLH,2,1,1,1
TraesCS5A02G376500,bHLH,2,1,1,1
TraesCS5D02G386500,bHLH,2,1,1,1
TraesCS4A02G222700,bHLH_TCP,2,1,1,1
TraesCS7B02G113400,C2C2_CO-like,2,1,1,1
TraesCS1D02G336600,C2C2_Dof,2,1,1,1
TraesCS2B02G592600,C2C2_Dof,2,1,1,1
TraesCS2D02G563200,C2C2_Dof,2,1,1,1
TraesCS3A02G180600,C2C2_Dof,2,1,1,1
TraesCS4D02G285100,C2C2_Dof,2,1,1,1
TraesCS4A02G221100,C2C2_GATA,2,1,1,1
TraesCS2D02G382700,C2C2_YABBY,2,1,1,1
TraesCS4A02G058800,C2C2_YABBY,2,1,1,1
TraesCS5A02G025900,C2C2_YABBY,2,1,1,1
TraesCS3A02G164000,C3H,2,1,1,1
TraesCS4B02G223000,CCAAT_HAP5,2,1,1,1
TraesCS7B02G154300,FHA,2,1,1,1
TraesCS3B02G191600,GARP_G2-like,2,1,1,1
TraesCS7D02G404000,GARP_G2-like,2,1,1,1
TraesCS7B02G074000,GeBP,2,1,1,1
TraesCS2B02G214600,GRAS,2,1,1,1
TraesCS2B02G228000,GRAS,2,1,1,1
TraesCS2D02G194800,GRAS,2,1,1,1
TraesCS2D02G208500,GRAS,2,1,1,1
TraesCS5A02G144000,GRAS,2,1,1,1
TraesCS5B02G133800,GRAS,2,1,1,1
TraesCS6B02G277400,GRAS,2,1,1,1
TraesCS7A02G049100,GRF,2,1,1,1
TraesCS7D02G044200,GRF,2,1,1,1
TraesCS3A02G312800,HD,2,1,1,1
TraesCS3B02G159100,HD,2,1,1,1
TraesCS4B02G305300,HD-Zip_I_II,2,1,1,1
TraesCS3A02G284400,MADS_II,2,1,1,1
TraesCS5B02G448700,mTERF,2,1,1,1
TraesCS6D02G284000,mTERF,2,1,1,1
TraesCS1B02G232300,MYB-related,2,1,1,1
TraesCS1B02G316200,MYB-related,2,1,1,1
TraesCS2B02G177900,MYB-related,2,1,1,1
TraesCS2D02G163700,MYB-related,2,1,1,1
TraesCS3A02G257800,MYB-related,2,1,1,1
TraesCS3A02G367600,MYB-related,2,1,1,1
TraesCS3B02G224500,MYB-related,2,1,1,1
TraesCS3B02G399300,MYB-related,2,1,1,1
TraesCS3D02G161100,MYB-related,2,1,1,1
TraesCS5A02G142500,MYB-related,2,1,1,1
TraesCS5B02G093000,MYB-related,2,1,1,1
TraesCS6A02G294000,MYB-related,2,1,1,1
TraesCS7A02G415800,MYB-related,2,1,1,1
TraesCS7B02G169900,MYB-related,2,1,1,1
TraesCS2A02G326500,NAC,2,1,1,1
TraesCS2D02G100800,NAC,2,1,1,1
TraesCS3D02G333100,NAC,2,1,1,1
TraesCS4B02G132500,NAC,2,1,1,1
TraesCS5D02G298600,NAC,2,1,1,1
TraesCS6D02G286300,NAC,2,1,1,1
TraesCS6D02G362900,NAC,2,1,1,1
TraesCS7A02G263100,NAC,2,1,1,1
TraesCS7A02G549000,NAC,2,1,1,1
TraesCS6A02G227900,Pseudo ARR-B,2,1,1,1
TraesCS4B02G325500,RWP-RK,2,1,1,1
TraesCS6A02G110100,SBP,2,1,1,1
TraesCS6B02G138400,SBP,2,1,1,1
TraesCS1D02G436500,Sigma70-like,2,1,1,1
TraesCS3A02G491500,SRS,2,1,1,1
TraesCS5B02G319600,SRS,2,1,1,1
TraesCS7A02G270900,SRS,2,1,1,1
TraesCS2B02G359400,TAZ,2,1,1,1
TraesCS4D02G064200,tify,2,1,1,1
TraesCS1B02G453300,WRKY,2,1,1,1
TraesCS2A02G161500,WRKY,2,1,1,1
TraesCS2D02G269200,WRKY,2,1,1,1
TraesCS2D02G431000,WRKY,2,1,1,1
TraesCS3A02G527300,WRKY,2,1,1,1
TraesCS5B02G384600,WRKY,2,1,1,1
TraesCS5D02G190700,WRKY,2,1,1,1
TraesCS7A02G338500,WRKY,2,1,1,1
TraesCS1A02G302700,ABI3/VP1,1,0,1,1
TraesCS1D02G078100,ABI3/VP1,1,0,1,1
TraesCS1D02G302100,ABI3/VP1,1,0,1,1
TraesCS2A02G394700,ABI3/VP1,1,0,1,1
TraesCS2B02G168900,ABI3/VP1,1,0,1,1
TraesCS2B02G487800,ABI3/VP1,1,0,1,1
TraesCS2D02G392400,ABI3/VP1,1,0,1,1
TraesCS3D02G285600,ABI3/VP1,1,0,1,1
TraesCS3D02G504400,ABI3/VP1,1,0,1,1
TraesCS4A02G053000,ABI3/VP1,1,0,1,1
TraesCS4A02G426200,ABI3/VP1,1,0,1,1
TraesCS4B02G072800,ABI3/VP1,1,0,1,1
TraesCS4D02G251500,ABI3/VP1,1,0,1,1
TraesCS5A02G363800,ABI3/VP1,1,0,1,1
TraesCS5B02G515000,ABI3/VP1,1,0,1,1
TraesCS5D02G496300,ABI3/VP1,1,0,1,1
TraesCS5D02G515000,ABI3/VP1,1,0,1,1
TraesCS6A02G399800,ABI3/VP1,1,0,1,1
TraesCS7A02G062700,ABI3/VP1,1,0,1,1
TraesCS7D02G486300,ABI3/VP1,1,0,1,1
TraesCSU02G075300,ABI3/VP1,1,0,1,1
TraesCS1A02G218100,AP2/EREBP,1,0,1,1
TraesCS1A02G220000,AP2/EREBP,1,0,1,1
TraesCS1A02G221900,AP2/EREBP,1,0,1,1
TraesCS1A02G314300,AP2/EREBP,1,0,1,1
TraesCS1B02G235100,AP2/EREBP,1,0,1,1
TraesCS1B02G282300,AP2/EREBP,1,0,1,1
TraesCS1B02G326600,AP2/EREBP,1,0,1,1
TraesCS1B02G392200,AP2/EREBP,1,0,1,1
TraesCS1D02G221500,AP2/EREBP,1,0,1,1
TraesCS1D02G272600,AP2/EREBP,1,0,1,1
TraesCS1D02G314800,AP2/EREBP,1,0,1,1
TraesCS2A02G417300,AP2/EREBP,1,0,1,1
TraesCS2A02G503100,AP2/EREBP,1,0,1,1
TraesCS2B02G436300,AP2/EREBP,1,0,1,1
TraesCS2D02G202100,AP2/EREBP,1,0,1,1
TraesCS2D02G414600,AP2/EREBP,1,0,1,1
TraesCS3A02G099200,AP2/EREBP,1,0,1,1
TraesCS3A02G259900,AP2/EREBP,1,0,1,1
TraesCS3B02G293000,AP2/EREBP,1,0,1,1
TraesCS4B02G180600,AP2/EREBP,1,0,1,1
TraesCS4D02G120200,AP2/EREBP,1,0,1,1
TraesCS5A02G310700,AP2/EREBP,1,0,1,1
TraesCS5A02G473800,AP2/EREBP,1,0,1,1
TraesCS5B02G344200,AP2/EREBP,1,0,1,1
TraesCS5D02G229400,AP2/EREBP,1,0,1,1
TraesCS6A02G251100,AP2/EREBP,1,0,1,1
TraesCS6A02G306300,AP2/EREBP,1,0,1,1
TraesCS6B02G281000,AP2/EREBP,1,0,1,1
TraesCS6B02G334700,AP2/EREBP,1,0,1,1
TraesCS6D02G285400,AP2/EREBP,1,0,1,1
TraesCS7A02G264100,AP2/EREBP,1,0,1,1
TraesCS7D02G158500,AP2/EREBP,1,0,1,1
TraesCS1B02G173700,ARF,1,0,1,1
TraesCS3A02G159200,ARF,1,0,1,1
TraesCS3A02G292400,ARF,1,0,1,1
TraesCS3B02G190100,ARF,1,0,1,1
TraesCS6A02G222300,ARF,1,0,1,1
TraesCS6B02G141300,ARF,1,0,1,1
TraesCS6D02G212700,ARF,1,0,1,1
TraesCS7A02G252000,ARF,1,0,1,1
TraesCS7B02G138900,ARF,1,0,1,1
TraesCS7A02G566000,ARID,1,0,1,1
TraesCS3D02G091700,AS2/LOB,1,0,1,1
TraesCS4A02G067300,AS2/LOB,1,0,1,1
TraesCS4B02G230700,BBR/BPC,1,0,1,1
TraesCS6A02G085800,BES1,1,0,1,1
TraesCS1B02G100400,bHLH,1,0,1,1
TraesCS1A02G083000,bHLH,1,0,1,1
TraesCS1A02G102400,bHLH,1,0,1,1
TraesCS1B02G208000,bHLH,1,0,1,1
TraesCS1D02G084200,bHLH,1,0,1,1
TraesCS1D02G196900,bHLH,1,0,1,1
TraesCS3D02G253700,bHLH,1,0,1,1
TraesCS4A02G060200,bHLH,1,0,1,1
TraesCS5A02G306200,bHLH,1,0,1,1
TraesCS5A02G503300,bHLH,1,0,1,1
TraesCS5B02G054800,bHLH,1,0,1,1
TraesCS5B02G264300,bHLH,1,0,1,1
TraesCS5D02G272800,bHLH,1,0,1,1
TraesCS6A02G288100,bHLH,1,0,1,1
TraesCS7A02G340300,bHLH,1,0,1,1
TraesCS7B02G251900,bHLH,1,0,1,1
TraesCS7D02G244300,bHLH,1,0,1,1
TraesCS3D02G146900,bHLH_TCP,1,0,1,1
TraesCS6D02G216100,bHLH_TCP,1,0,1,1
TraesCS2B02G372000,C2C2_CO-like,1,0,1,1
TraesCS2D02G351900,C2C2_CO-like,1,0,1,1
TraesCS1A02G275000,C2C2_Dof,1,0,1,1
TraesCS1B02G347400,C2C2_Dof,1,0,1,1
TraesCS2B02G118000,C2C2_Dof,1,0,1,1
TraesCS2B02G249200,C2C2_Dof,1,0,1,1
TraesCS5A02G251800,C2C2_Dof,1,0,1,1
TraesCS5B02G087600,C2C2_Dof,1,0,1,1
TraesCS5D02G093800,C2C2_Dof,1,0,1,1
TraesCS5D02G259700,C2C2_Dof,1,0,1,1
TraesCS5D02G493000,C2C2_Dof,1,0,1,1
TraesCS6A02G287700,C2C2_Dof,1,0,1,1
TraesCS6B02G317100,C2C2_Dof,1,0,1,1
TraesCS6D02G268400,C2C2_Dof,1,0,1,1
TraesCS1A02G097300,C2C2_GATA,1,0,1,1
TraesCS1B02G161800,C2C2_GATA,1,0,1,1
TraesCS2A02G561200,C2C2_GATA,1,0,1,1
TraesCS2A02G561400,C2C2_GATA,1,0,1,1
TraesCS2D02G386100,C2C2_GATA,1,0,1,1
TraesCS3D02G274600,C2C2_GATA,1,0,1,1
TraesCS4A02G364700,C2C2_GATA,1,0,1,1
TraesCS5D02G508800,C2C2_GATA,1,0,1,1
TraesCS6D02G221600,C2C2_GATA,1,0,1,1
TraesCS2D02G205100,C2C2_YABBY,1,0,1,1
TraesCS5A02G371500,C2C2_YABBY,1,0,1,1
TraesCS1D02G453900,C3H,1,0,1,1
TraesCS2A02G102300,C3H,1,0,1,1
TraesCS2A02G199900,C3H,1,0,1,1
TraesCS2D02G207800,C3H,1,0,1,1
TraesCS3A02G178700,C3H,1,0,1,1
TraesCS3A02G423200,C3H,1,0,1,1
TraesCS3B02G272500,C3H,1,0,1,1
TraesCS3B02G458800,C3H,1,0,1,1
TraesCS3D02G244700,C3H,1,0,1,1
TraesCS3D02G418400,C3H,1,0,1,1
TraesCS4A02G082400,C3H,1,0,1,1
TraesCS5A02G488700,C3H,1,0,1,1
TraesCS5B02G142300,C3H,1,0,1,1
TraesCS6B02G310500,C3H,1,0,1,1
TraesCS7D02G226400,C3H,1,0,1,1
TraesCS2A02G163000,CAMTA,1,0,1,1
TraesCS2A02G283800,CAMTA,1,0,1,1
TraesCS2B02G300800,CAMTA,1,0,1,1
TraesCS2D02G282800,CAMTA,1,0,1,1
TraesCS3A02G433300,CAMTA,1,0,1,1
TraesCS1D02G287500,CCAAT_Dr1,1,0,1,1
TraesCS2B02G378700,CCAAT_Dr1,1,0,1,1
TraesCS3A02G026900,CCAAT_Dr1,1,0,1,1
TraesCS3B02G017400,CCAAT_Dr1,1,0,1,1
TraesCS3B02G385600,CCAAT_Dr1,1,0,1,1
TraesCS5B02G047100,CCAAT_HAP2,1,0,1,1
TraesCS5D02G052200,CCAAT_HAP2,1,0,1,1
TraesCS1A02G310700,CCAAT_HAP5,1,0,1,1
TraesCS4A02G081000,CCAAT_HAP5,1,0,1,1
TraesCS4D02G223400,CCAAT_HAP5,1,0,1,1
TraesCS7D02G237100,CCAAT_HAP5,1,0,1,1
TraesCS1A02G327100,CPP,1,0,1,1
TraesCS5A02G053800,CPP,1,0,1,1
TraesCS5B02G062400,CPP,1,0,1,1
TraesCS1A02G262400,CSD,1,0,1,1
TraesCS2A02G297400,E2F/DP,1,0,1,1
TraesCS4A02G036000,E2F/DP,1,0,1,1
TraesCS4B02G268800,E2F/DP,1,0,1,1
TraesCS4D02G268100,E2F/DP,1,0,1,1
TraesCS6B02G233700,E2F/DP,1,0,1,1
TraesCS4B02G175100,EIL,1,0,1,1
TraesCS4A02G190400,FHA,1,0,1,1
TraesCS4B02G320500,FHA,1,0,1,1
TraesCS7A02G257400,FHA,1,0,1,1
TraesCS1A02G258400,GARP_G2-like,1,0,1,1
TraesCS2B02G277300,GARP_G2-like,1,0,1,1
TraesCS2D02G259200,GARP_G2-like,1,0,1,1
TraesCS3A02G161000,GARP_G2-like,1,0,1,1
TraesCS6A02G007300,GARP_G2-like,1,0,1,1
TraesCS6A02G385500,GARP_G2-like,1,0,1,1
TraesCS6B02G012800,GARP_G2-like,1,0,1,1
TraesCS6D02G011600,GARP_G2-like,1,0,1,1
TraesCS6D02G370300,GARP_G2-like,1,0,1,1
TraesCS7A02G298700,GARP_G2-like,1,0,1,1
TraesCS4D02G163600,GeBP,1,0,1,1
TraesCS2A02G214400,GRAS,1,0,1,1
TraesCS2B02G217500,GRAS,1,0,1,1
TraesCS3A02G360300,GRAS,1,0,1,1
TraesCS4A02G039000,GRAS,1,0,1,1
TraesCS4A02G191300,GRAS,1,0,1,1
TraesCS4A02G430600,GRAS,1,0,1,1
TraesCS4B02G043100,GRAS,1,0,1,1
TraesCS4B02G141300,GRAS,1,0,1,1
TraesCS4B02G141400,GRAS,1,0,1,1
TraesCS4B02G266700,GRAS,1,0,1,1
TraesCS4B02G367300,GRAS,1,0,1,1
TraesCS4D02G136300,GRAS,1,0,1,1
TraesCS4D02G266400,GRAS,1,0,1,1
TraesCS4D02G360200,GRAS,1,0,1,1
TraesCS5A02G080300,GRAS,1,0,1,1
TraesCS5B02G417000,GRAS,1,0,1,1
TraesCS5B02G494500,GRAS,1,0,1,1
TraesCS7A02G173000,GRAS,1,0,1,1
TraesCS7D02G011400,GRAS,1,0,1,1
TraesCS7D02G053600,GRAS,1,0,1,1
TraesCS7D02G174100,GRAS,1,0,1,1
TraesCS2D02G395900,GRF,1,0,1,1
TraesCS2D02G127700,HD,1,0,1,1
TraesCS5A02G375800,HD,1,0,1,1
TraesCS5B02G047200,HD,1,0,1,1
TraesCS5B02G378000,HD,1,0,1,1
TraesCS5D02G385300,HD,1,0,1,1
TraesCS1A02G338900,HD_PHD,1,0,1,1
TraesCS3A02G226100,HD_PLINC,1,0,1,1
TraesCS5D02G234600,HD_PLINC,1,0,1,1
TraesCS1A02G219200,HD-Zip_I_II,1,0,1,1
TraesCS4A02G059600,HD-Zip_I_II,1,0,1,1
TraesCS4B02G235300,HD-Zip_I_II,1,0,1,1
TraesCS5A02G316800,HD-Zip_I_II,1,0,1,1
TraesCS5B02G231300,HD-Zip_I_II,1,0,1,1
TraesCS2A02G474000,HD-Zip_IV,1,0,1,1
TraesCS2D02G473700,HD-Zip_IV,1,0,1,1
TraesCS5D02G320600,HD-Zip_IV,1,0,1,1
TraesCS6D02G237000,HD-Zip_IV,1,0,1,1
TraesCS1A02G375600,HSF,1,0,1,1
TraesCS2A02G204500,HSF,1,0,1,1
TraesCS2B02G419600,HSF,1,0,1,1
TraesCS2D02G087400,HSF,1,0,1,1
TraesCS4B02G239700,HSF,1,0,1,1
TraesCS6D02G083800,HSF,1,0,1,1
TraesCS4B02G290700,MADS_I,1,0,1,1
TraesCS3D02G427900,MADS_I,1,0,1,1
TraesCS4A02G058900,MADS_I,1,0,1,1
TraesCS1A02G262700,MADS_II,1,0,1,1
TraesCS1A02G264300,MADS_II,1,0,1,1
TraesCS1B02G144800,MADS_II,1,0,1,1
TraesCS1B02G273300,MADS_II,1,0,1,1
TraesCS1B02G275000,MADS_II,1,0,1,1
TraesCS1D02G127700,MADS_II,1,0,1,1
TraesCS1D02G203300,MADS_II,1,0,1,1
TraesCS1D02G262700,MADS_II,1,0,1,1
TraesCS3B02G157500,MADS_II,1,0,1,1
TraesCS3D02G090300,MADS_II,1,0,1,1
TraesCS3D02G140200,MADS_II,1,0,1,1
TraesCS4D02G243700,MADS_II,1,0,1,1
TraesCS4D02G245200,MADS_II,1,0,1,1
TraesCS5A02G286800,MADS_II,1,0,1,1
TraesCS5A02G515500,MADS_II,1,0,1,1
TraesCS5B02G286100,MADS_II,1,0,1,1
TraesCS5D02G294500,MADS_II,1,0,1,1
TraesCS5D02G401700,MADS_II,1,0,1,1
TraesCS6A02G259000,MADS_II,1,0,1,1
TraesCS6B02G286400,MADS_II,1,0,1,1
TraesCS6D02G014600,MADS_II,1,0,1,1
TraesCS6D02G293200,MADS_II,1,0,1,1
TraesCS7A02G260600,MADS_II,1,0,1,1
TraesCS7A02G383800,MADS_II,1,0,1,1
TraesCS7B02G158600,MADS_II,1,0,1,1
TraesCS7B02G286600,MADS_II,1,0,1,1
TraesCS7D02G261600,MADS_II,1,0,1,1
TraesCS1A02G313400,mTERF,1,0,1,1
TraesCS1A02G440100,mTERF,1,0,1,1
TraesCS1B02G263200,mTERF,1,0,1,1
TraesCS1D02G068000,mTERF,1,0,1,1
TraesCS1D02G251800,mTERF,1,0,1,1
TraesCS2B02G267000,mTERF,1,0,1,1
TraesCS2B02G506100,mTERF,1,0,1,1
TraesCS2B02G514500,mTERF,1,0,1,1
TraesCS2D02G480400,mTERF,1,0,1,1
TraesCS3B02G518100,mTERF,1,0,1,1
TraesCS3D02G487600,mTERF,1,0,1,1
TraesCS4D02G100800,mTERF,1,0,1,1
TraesCS4D02G278100,mTERF,1,0,1,1
TraesCS5B02G241500,mTERF,1,0,1,1
TraesCS5B02G365700,mTERF,1,0,1,1
TraesCS5D02G250200,mTERF,1,0,1,1
TraesCS6A02G016400,mTERF,1,0,1,1
TraesCS6A02G034400,mTERF,1,0,1,1
TraesCS6A02G035600,mTERF,1,0,1,1
TraesCS6A02G304500,mTERF,1,0,1,1
TraesCS6A02G304600,mTERF,1,0,1,1
TraesCS6A02G304700,mTERF,1,0,1,1
TraesCS6B02G022900,mTERF,1,0,1,1
TraesCS6B02G027100,mTERF,1,0,1,1
TraesCS6B02G027700,mTERF,1,0,1,1
TraesCS6B02G028000,mTERF,1,0,1,1
TraesCS6B02G037100,mTERF,1,0,1,1
TraesCS6B02G045400,mTERF,1,0,1,1
TraesCS6B02G052800,mTERF,1,0,1,1
TraesCS6B02G078100,mTERF,1,0,1,1
TraesCS6B02G219200,mTERF,1,0,1,1
TraesCS6B02G395400,mTERF,1,0,1,1
TraesCS6D02G019700,mTERF,1,0,1,1
TraesCS6D02G034900,mTERF,1,0,1,1
TraesCS6D02G043300,mTERF,1,0,1,1
TraesCS7A02G182800,mTERF,1,0,1,1
TraesCS7B02G087800,mTERF,1,0,1,1
TraesCS7B02G087900,mTERF,1,0,1,1
TraesCS7B02G088500,mTERF,1,0,1,1
TraesCS7B02G144700,mTERF,1,0,1,1
TraesCS7D02G184800,mTERF,1,0,1,1
TraesCS3A02G105800,MYB-related,1,0,1,1
TraesCS7A02G553800,MYB-related,1,0,1,1
TraesCS7D02G540700,MYB-related,1,0,1,1
TraesCS1A02G129300,MYB-related,1,0,1,1
TraesCS1A02G278900,MYB-related,1,0,1,1
TraesCS1A02G420500,MYB-related,1,0,1,1
TraesCS1B02G383700,MYB-related,1,0,1,1
TraesCS2A02G152900,MYB-related,1,0,1,1
TraesCS2A02G370300,MYB-related,1,0,1,1
TraesCS2A02G381900,MYB-related,1,0,1,1
TraesCS2A02G445500,MYB-related,1,0,1,1
TraesCS2B02G183100,MYB-related,1,0,1,1
TraesCS2B02G184500,MYB-related,1,0,1,1
TraesCS2B02G478700,MYB-related,1,0,1,1
TraesCS2D02G165900,MYB-related,1,0,1,1
TraesCS2D02G366800,MYB-related,1,0,1,1
TraesCS3A02G200300,MYB-related,1,0,1,1
TraesCS3A02G254500,MYB-related,1,0,1,1
TraesCS3A02G336500,MYB-related,1,0,1,1
TraesCS3A02G375500,MYB-related,1,0,1,1
TraesCS3A02G384400,MYB-related,1,0,1,1
TraesCS3B02G391900,MYB-related,1,0,1,1
TraesCS3B02G397100,MYB-related,1,0,1,1
TraesCS3D02G109800,MYB-related,1,0,1,1
TraesCS3D02G214200,MYB-related,1,0,1,1
TraesCS3D02G251600,MYB-related,1,0,1,1
TraesCS3D02G265100,MYB-related,1,0,1,1
TraesCS3D02G329400,MYB-related,1,0,1,1
TraesCS4A02G075400,MYB-related,1,0,1,1
TraesCS4A02G131700,MYB-related,1,0,1,1
TraesCS4B02G172900,MYB-related,1,0,1,1
TraesCS4D02G053300,MYB-related,1,0,1,1
TraesCS4D02G175000,MYB-related,1,0,1,1
TraesCS4D02G309700,MYB-related,1,0,1,1
TraesCS5A02G005500,MYB-related,1,0,1,1
TraesCS5A02G495500,MYB-related,1,0,1,1
TraesCS5B02G119300,MYB-related,1,0,1,1
TraesCS5B02G330100,MYB-related,1,0,1,1
TraesCS5B02G377500,MYB-related,1,0,1,1
TraesCS5D02G007000,MYB-related,1,0,1,1
TraesCS5D02G048400,MYB-related,1,0,1,1
TraesCS5D02G128200,MYB-related,1,0,1,1
TraesCS6A02G198000,MYB-related,1,0,1,1
TraesCS6A02G261100,MYB-related,1,0,1,1
TraesCS6B02G201700,MYB-related,1,0,1,1
TraesCS6D02G145300,MYB-related,1,0,1,1
TraesCS6D02G245900,MYB-related,1,0,1,1
TraesCS6D02G274900,MYB-related,1,0,1,1
TraesCS7A02G036100,MYB-related,1,0,1,1
TraesCS7A02G247200,MYB-related,1,0,1,1
TraesCS7A02G470700,MYB-related,1,0,1,1
TraesCS7B02G443800,MYB-related,1,0,1,1
TraesCS7D02G032700,MYB-related,1,0,1,1
TraesCS4D02G099300,NAC,1,0,1,1
TraesCS1A02G263700,NAC,1,0,1,1
TraesCS1A02G266300,NAC,1,0,1,1
TraesCS1B02G277300,NAC,1,0,1,1
TraesCS1D02G263800,NAC,1,0,1,1
TraesCS1D02G266500,NAC,1,0,1,1
TraesCS2A02G382400,NAC,1,0,1,1
TraesCS2B02G355600,NAC,1,0,1,1
TraesCS2D02G100700,NAC,1,0,1,1
TraesCS2D02G324700,NAC,1,0,1,1
TraesCS2D02G567000,NAC,1,0,1,1
TraesCS3B02G273600,NAC,1,0,1,1
TraesCS3D02G245500,NAC,1,0,1,1
TraesCS4A02G420900,NAC,1,0,1,1
TraesCS4D02G176000,NAC,1,0,1,1
TraesCS5A02G468300,NAC,1,0,1,1
TraesCS6A02G378600,NAC,1,0,1,1
TraesCS6B02G416500,NAC,1,0,1,1
TraesCS6D02G362800,NAC,1,0,1,1
TraesCS7A02G208200,NAC,1,0,1,1
TraesCS7B02G115400,NAC,1,0,1,1
TraesCS7B02G364600,NAC,1,0,1,1
TraesCS7D02G210600,NAC,1,0,1,1
TraesCSU02G137200,NAC,1,0,1,1
TraesCS1A02G192800,PLATZ,1,0,1,1
TraesCS1B02G207700,PLATZ,1,0,1,1
TraesCS1D02G196400,PLATZ,1,0,1,1
TraesCS7D02G279600,PLATZ,1,0,1,1
TraesCS4A02G200200,Pseudo ARR-B,1,0,1,1
TraesCS4D02G112800,Pseudo ARR-B,1,0,1,1
TraesCS5A02G349500,RWP-RK,1,0,1,1
TraesCS2B02G309100,S1Fa-like,1,0,1,1
TraesCS2D02G290500,S1Fa-like,1,0,1,1
TraesCS1A02G255300,SBP,1,0,1,1
TraesCS3B02G468400,SBP,1,0,1,1
TraesCS3D02G425800,SBP,1,0,1,1
TraesCS4A02G359500,SBP,1,0,1,1
TraesCS6B02G183400,SBP,1,0,1,1
TraesCS7A02G249100,SBP,1,0,1,1
TraesCS3D02G408000,TAZ,1,0,1,1
TraesCS7A02G414500,TAZ,1,0,1,1
TraesCS4A02G140800,TUB,1,0,1,1
TraesCS4B02G166400,TUB,1,0,1,1
TraesCS6D02G121500,Whirly,1,0,1,1
TraesCS1A02G298600,WRKY,1,0,1,1
TraesCS1D02G418000,WRKY,1,0,1,1
TraesCS2A02G330500,WRKY,1,0,1,1
TraesCS2B02G209200,WRKY,1,0,1,1
TraesCS3A02G116200,WRKY,1,0,1,1
TraesCS3A02G167200,WRKY,1,0,1,1
TraesCS3A02G229300,WRKY,1,0,1,1
TraesCS3A02G289700,WRKY,1,0,1,1
TraesCS3A02G343900,WRKY,1,0,1,1
TraesCS3B02G199000,WRKY,1,0,1,1
TraesCS3B02G324400,WRKY,1,0,1,1
TraesCS3B02G595800,WRKY,1,0,1,1
TraesCS3D02G354700,WRKY,1,0,1,1
TraesCS3D02G532800,WRKY,1,0,1,1
TraesCS4A02G162500,WRKY,1,0,1,1
TraesCS5A02G059100,WRKY,1,0,1,1
TraesCS5A02G104900,WRKY,1,0,1,1
TraesCS5A02G156700,WRKY,1,0,1,1
TraesCS5A02G185600,WRKY,1,0,1,1
TraesCS5A02G381000,WRKY,1,0,1,1
TraesCS5B02G183800,WRKY,1,0,1,1
TraesCS5D02G162100,WRKY,1,0,1,1
TraesCS7A02G343000,WRKY,1,0,1,1
TraesCS7D02G336400,WRKY,1,0,1,1
TraesCS3A02G538000,Zinc finger, MIZ type,1,0,1,1
TraesCS3D02G543400,Zinc finger, MIZ type,1,0,1,1
TraesCS1B02G256000,AP2/EREBP,78,76,2,2
TraesCS5D02G283200,NAC,22,20,2,2
TraesCS6D02G309600,AP2/EREBP,17,15,2,2
TraesCS5B02G275200,NAC,15,13,2,2
TraesCS4B02G374400,C2C2_GATA,13,11,2,2
TraesCS5B02G243800,HD_PLINC,10,8,2,2
TraesCS7D02G078800,HD-Zip_I_II,8,6,2,2
TraesCS6B02G392600,MADS_I,8,6,2,2
TraesCS1D02G225000,AP2/EREBP,7,5,2,2
TraesCS7A02G250900,AP2/EREBP,7,5,2,2
TraesCS7D02G469200,AP2/EREBP,7,5,2,2
TraesCS7A02G270100,HSF,7,5,2,2
TraesCS3A02G405100,ABI3/VP1,6,4,2,2
TraesCS2A02G461700,bHLH,6,4,2,2
TraesCS3B02G439600,NAC,6,4,2,2
TraesCS2A02G417100,AP2/EREBP,5,3,2,2
TraesCS2D02G506500,AP2/EREBP,5,3,2,2
TraesCS5B02G330300,HD-Zip_IV,5,3,2,2
TraesCS6B02G175100,WRKY,5,3,2,2
TraesCS3A02G313100,AP2/EREBP,4,2,2,2
TraesCS5A02G420200,bHLH,4,2,2,2
TraesCS6D02G315300,CCAAT_HAP2,4,2,2,2
TraesCS3A02G405200,HSF,4,2,2,2
TraesCS7B02G299400,MADS_I,4,2,2,2
TraesCS4A02G172200,MYB-related,4,2,2,2
TraesCS3A02G078400,NAC,4,2,2,2
TraesCS5A02G438600,ABI3/VP1,3,1,2,2
TraesCS5B02G514600,ABI3/VP1,3,1,2,2
TraesCS6D02G225700,AP2/EREBP,3,1,2,2
TraesCS7A02G495800,AP2/EREBP,3,1,2,2
TraesCS2D02G548900,ARF,3,1,2,2
TraesCS1A02G260000,AS2/LOB,3,1,2,2
TraesCS4D02G078800,AS2/LOB,3,1,2,2
TraesCS3D02G185500,C2C2_Dof,3,1,2,2
TraesCS1B02G126600,C2C2_GATA,3,1,2,2
TraesCS7B02G310300,GARP_G2-like,3,1,2,2
TraesCS6A02G269600,GRF,3,1,2,2
TraesCS3B02G260800,HD-Zip_I_II,3,1,2,2
TraesCS5A02G199300,HD-Zip_I_II,3,1,2,2
TraesCS6B02G321100,HD-Zip_I_II,3,1,2,2
TraesCS2B02G232000,HSF,3,1,2,2
TraesCS5B02G315600,HSF,3,1,2,2
TraesCS5D02G393200,HSF,3,1,2,2
TraesCS4B02G351500,MADS_I,3,1,2,2
TraesCS1A02G042700,MYB-related,3,1,2,2
TraesCS2A02G456600,MYB-related,3,1,2,2
TraesCS2D02G437600,MYB-related,3,1,2,2
TraesCS3B02G039100,MYB-related,3,1,2,2
TraesCS5B02G086900,MYB-related,3,1,2,2
TraesCS7D02G272400,MYB-related,3,1,2,2
TraesCS7D02G300000,MYB-related,3,1,2,2
TraesCS2B02G355500,NAC,3,1,2,2
TraesCS2D02G334300,NAC,3,1,2,2
TraesCS2D02G378800,NAC,3,1,2,2
TraesCS4B02G329100,NAC,3,1,2,2
TraesCS7A02G464800,NAC,3,1,2,2
TraesCS1D02G241300,SRS,3,1,2,2
TraesCS7B02G306300,SRS,3,1,2,2
TraesCS2B02G289000,WRKY,3,1,2,2
TraesCS2A02G270200,WRKY,3,1,2,2
TraesCS2B02G454300,WRKY,3,1,2,2
TraesCS3A02G157500,ABI3/VP1,2,0,2,2
TraesCS3B02G184200,ABI3/VP1,2,0,2,2
TraesCS4A02G241500,ABI3/VP1,2,0,2,2
TraesCS4B02G094000,ABI3/VP1,2,0,2,2
TraesCS4B02G251500,ABI3/VP1,2,0,2,2
TraesCS4B02G348500,ABI3/VP1,2,0,2,2
TraesCS4D02G071900,ABI3/VP1,2,0,2,2
TraesCS4D02G098100,ABI3/VP1,2,0,2,2
TraesCS5A02G127100,ABI3/VP1,2,0,2,2
TraesCS5B02G073800,ABI3/VP1,2,0,2,2
TraesCS5B02G510500,ABI3/VP1,2,0,2,2
TraesCS5D02G372900,ABI3/VP1,2,0,2,2
TraesCS6D02G384000,ABI3/VP1,2,0,2,2
TraesCS1A02G242800,AP2/EREBP,2,0,2,2
TraesCS1D02G230900,AP2/EREBP,2,0,2,2
TraesCS2B02G448100,AP2/EREBP,2,0,2,2
TraesCS2B02G572500,AP2/EREBP,2,0,2,2
TraesCS3A02G379900,AP2/EREBP,2,0,2,2
TraesCS3B02G368400,AP2/EREBP,2,0,2,2
TraesCS5B02G220400,AP2/EREBP,2,0,2,2
TraesCS7A02G128800,AP2/EREBP,2,0,2,2
TraesCS7A02G180900,AP2/EREBP,2,0,2,2
TraesCS2B02G519200,ARF,2,0,2,2
TraesCS3D02G166700,ARF,2,0,2,2
TraesCS6A02G113000,ARF,2,0,2,2
TraesCS7A02G475700,ARF,2,0,2,2
TraesCS7B02G316600,ARF,2,0,2,2
TraesCS6B02G308000,ARID,2,0,2,2
TraesCS3A02G402300,AS2/LOB,2,0,2,2
TraesCS3B02G284800,bHLH,2,0,2,2
TraesCS6B02G391100,bHLH,2,0,2,2
TraesCS3B02G470700,bHLH_TCP,2,0,2,2
TraesCS4D02G090500,bHLH_TCP,2,0,2,2
TraesCS7B02G091900,bHLH_TCP,2,0,2,2
TraesCS6D02G236700,C2C2_Dof,2,0,2,2
TraesCS6D02G254200,C2C2_Dof,2,0,2,2
TraesCS7A02G213400,C2C2_Dof,2,0,2,2
TraesCS3A02G274900,C2C2_GATA,2,0,2,2
TraesCS3B02G308500,C2C2_GATA,2,0,2,2
TraesCS5B02G508800,C2C2_GATA,2,0,2,2
TraesCS1A02G176300,C2C2_YABBY,2,0,2,2
TraesCS1A02G445600,C3H,2,0,2,2
TraesCS1B02G297900,CCAAT_Dr1,2,0,2,2
TraesCS3B02G204600,FHA,2,0,2,2
TraesCS4A02G482000,GRAS,2,0,2,2
TraesCS5D02G139500,GRAS,2,0,2,2
TraesCS7A02G014200,GRAS,2,0,2,2
TraesCS7D02G174300,GRAS,2,0,2,2
TraesCS6B02G267500,GRF,2,0,2,2
TraesCS5D02G052300,HD,2,0,2,2
TraesCS4D02G236600,HD-Zip_I_II,2,0,2,2
TraesCS5B02G317400,HD-Zip_I_II,2,0,2,2
TraesCS2A02G401200,HD-Zip_IV,2,0,2,2
TraesCS3A02G305300,HD-Zip_IV,2,0,2,2
TraesCS2D02G151200,HSF,2,0,2,2
TraesCS3D02G280600,HSF,2,0,2,2
TraesCS6A02G017400,MADS_I,2,0,2,2
TraesCS4D02G341700,MADS_II,2,0,2,2
TraesCS5A02G391800,MADS_II,2,0,2,2
TraesCS7A02G122100,MADS_II,2,0,2,2
TraesCS7D02G120500,MADS_II,2,0,2,2
TraesCS1A02G251800,mTERF,2,0,2,2
TraesCS1D02G323800,mTERF,2,0,2,2
TraesCS2B02G122000,mTERF,2,0,2,2
TraesCS3B02G538400,mTERF,2,0,2,2
TraesCS6D02G020600,mTERF,2,0,2,2
TraesCS6D02G023900,mTERF,2,0,2,2
TraesCS7A02G182700,mTERF,2,0,2,2
TraesCS7A02G183200,mTERF,2,0,2,2
TraesCS7D02G184200,mTERF,2,0,2,2
TraesCS1A02G096800,MYB-related,2,0,2,2
TraesCS2A02G158900,MYB-related,2,0,2,2
TraesCS2B02G381800,MYB-related,2,0,2,2
TraesCS3A02G187800,MYB-related,2,0,2,2
TraesCS3A02G307700,MYB-related,2,0,2,2
TraesCS3B02G217100,MYB-related,2,0,2,2
TraesCS3B02G280700,MYB-related,2,0,2,2
TraesCS3D02G191400,MYB-related,2,0,2,2
TraesCS6D02G219300,MYB-related,2,0,2,2
TraesCS2A02G101200,NAC,2,0,2,2
TraesCS2A02G338300,NAC,2,0,2,2
TraesCS2B02G118400,NAC,2,0,2,2
TraesCS2B02G343600,NAC,2,0,2,2
TraesCS2B02G353900,NAC,2,0,2,2
TraesCS4A02G130600,NAC,2,0,2,2
TraesCS5A02G500400,NAC,2,0,2,2
TraesCS6A02G378500,NAC,2,0,2,2
TraesCS7B02G160900,NAC,2,0,2,2
TraesCS7B02G270300,NAC,2,0,2,2
TraesCS1D02G069600,PLATZ,2,0,2,2
TraesCS7B02G180100,PLATZ,2,0,2,2
TraesCS3A02G432500,SBP,2,0,2,2
TraesCS7A02G422900,tify,2,0,2,2
TraesCS6D02G138700,TUB,2,0,2,2
TraesCS1A02G197400,WRKY,2,0,2,2
TraesCS1B02G308200,WRKY,2,0,2,2
TraesCS1B02G440500,WRKY,2,0,2,2
TraesCS2A02G489500,WRKY,2,0,2,2
TraesCS4B02G121500,WRKY,2,0,2,2
TraesCS5D02G390800,WRKY,2,0,2,2
TraesCS2D02G232800,SBP,16,13,3,3
TraesCS3B02G286500,MYB-related,10,7,3,3
TraesCS6D02G315200,bHLH,8,5,3,3
TraesCS7A02G214600,CCAAT_Dr1,8,5,3,3
TraesCS7D02G390300,PLATZ,8,5,3,3
TraesCS7D02G367700,HSF,7,4,3,3
TraesCS4A02G211100,MYB-related,7,4,3,3
TraesCS6B02G334900,bHLH_TCP,6,3,3,3
TraesCS4D02G325800,NAC,6,3,3,3
TraesCS1A02G414300,C3H,5,2,3,3
TraesCS7A02G167900,HD-Zip_IV,5,2,3,3
TraesCS3D02G257800,MYB-related,5,2,3,3
TraesCS4D02G127300,NAC,5,2,3,3
TraesCS7A02G399500,ABI3/VP1,4,1,3,3
TraesCS1A02G223400,AP2/EREBP,4,1,3,3
TraesCS2A02G542700,AP2/EREBP,4,1,3,3
TraesCS2B02G531100,AP2/EREBP,4,1,3,3
TraesCS2D02G412200,AP2/EREBP,4,1,3,3
TraesCS5D02G320800,AP2/EREBP,4,1,3,3
TraesCS7B02G401400,AP2/EREBP,4,1,3,3
TraesCS2A02G547800,ARF,4,1,3,3
TraesCS2D02G491200,ARF,4,1,3,3
TraesCS3D02G245400,ARF,4,1,3,3
TraesCS5A02G038300,ARF,4,1,3,3
TraesCS3A02G346300,AS2/LOB,4,1,3,3
TraesCS3B02G378100,AS2/LOB,4,1,3,3
TraesCS3D02G340000,AS2/LOB,4,1,3,3
TraesCS3D02G397200,AS2/LOB,4,1,3,3
TraesCS7A02G354800,BES1,4,1,3,3
TraesCS4D02G342000,bHLH,4,1,3,3
TraesCS6A02G114100,bHLH,4,1,3,3
TraesCS7A02G206200,C2C2_CO-like,4,1,3,3
TraesCS3B02G210300,C2C2_Dof,4,1,3,3
TraesCS1A02G221600,C2C2_GATA,4,1,3,3
TraesCS1D02G162600,C2C2_YABBY,4,1,3,3
TraesCS5D02G411800,GARP_G2-like,4,1,3,3
TraesCS2B02G458400,GRF,4,1,3,3
TraesCS6D02G272000,HD-Zip_I_II,4,1,3,3
TraesCS7B02G168300,HSF,4,1,3,3
TraesCS2D02G211400,HSF,4,1,3,3
TraesCS5B02G396700,MADS_II,4,1,3,3
TraesCS6A02G304800,mTERF,4,1,3,3
TraesCS1B02G374300,MYB-related,4,1,3,3
TraesCS2A02G101100,NAC,4,1,3,3
TraesCS2B02G355400,NAC,4,1,3,3
TraesCS3D02G505000,PLATZ,4,1,3,3
TraesCS7A02G394800,PLATZ,4,1,3,3
TraesCS7B02G296800,PLATZ,4,1,3,3
TraesCS5B02G286000,SBP,4,1,3,3
TraesCS4B02G065300,tify,4,1,3,3
TraesCS3A02G285800,ABI3/VP1,3,0,3,3
TraesCS7A02G179800,ABI3/VP1,3,0,3,3
TraesCS1A02G372300,AP2/EREBP,3,0,3,3
TraesCS1D02G378400,AP2/EREBP,3,0,3,3
TraesCS1D02G418900,AP2/EREBP,3,0,3,3
TraesCS3A02G291400,AP2/EREBP,3,0,3,3
TraesCS3B02G412500,AP2/EREBP,3,0,3,3
TraesCS5B02G516200,bHLH_TCP,3,0,3,3
TraesCS4B02G245900,C2C2_YABBY,3,0,3,3
TraesCS2D02G295300,E2F/DP,3,0,3,3
TraesCS1B02G232700,HD-Zip_I_II,3,0,3,3
TraesCS7A02G355300,HSF,3,0,3,3
TraesCS1B02G122500,MYB-related,3,0,3,3
TraesCS1D02G106600,MYB-related,3,0,3,3
TraesCS2A02G370400,MYB-related,3,0,3,3
TraesCS3B02G515900,MYB-related,3,0,3,3
TraesCS6A02G236900,MYB-related,3,0,3,3
TraesCS5A02G049100,NAC,3,0,3,3
TraesCS5B02G141900,NAC,3,0,3,3
TraesCS5D02G355900,RWP-RK,3,0,3,3
TraesCS2A02G292700,S1Fa-like,3,0,3,3
TraesCS7A02G406300,SRS,3,0,3,3
TraesCS7B02G314400,TAZ,3,0,3,3
TraesCS1D02G418500,WRKY,3,0,3,3
TraesCS2D02G489700,WRKY,3,0,3,3
TraesCS7B02G240000,WRKY,3,0,3,3
TraesCS1A02G244800,AP2/EREBP,73,69,4,4
TraesCS7A02G377400,AP2/EREBP,24,20,4,4
TraesCS5B02G028500,CCAAT_HAP2,11,7,4,4
TraesCS2A02G102000,NAC,11,7,4,4
TraesCS4B02G290400,CCAAT_HAP2,10,6,4,4
TraesCS5D02G037800,CCAAT_HAP2,10,6,4,4
TraesCS6B02G158900,AP2/EREBP,7,3,4,4
TraesCS7A02G411100,GARP_G2-like,7,3,4,4
TraesCS6A02G338000,BES1,6,2,4,4
TraesCS2B02G198700,CCAAT_HAP2,6,2,4,4
TraesCS6D02G245300,GRF,6,2,4,4
TraesCS2A02G422400,MADS_II,6,2,4,4
TraesCS2B02G583800,MYB-related,6,2,4,4
TraesCS5D02G294400,SBP,6,2,4,4
TraesCS2D02G543900,AP2/EREBP,5,1,4,4
TraesCS5A02G221600,AP2/EREBP,5,1,4,4
TraesCS6B02G274500,AP2/EREBP,5,1,4,4
TraesCS5B02G039800,ARF,5,1,4,4
TraesCS4D02G014600,AS2/LOB,5,1,4,4
TraesCS4D02G245300,C2C2_YABBY,5,1,4,4
TraesCS7B02G377500,CCAAT_HAP5,5,1,4,4
TraesCS3D02G361600,MYB-related,5,1,4,4
TraesCS6B02G324600,MYB-related,5,1,4,4
TraesCS3D02G078900,NAC,5,1,4,4
TraesCS6B02G416300,NAC,5,1,4,4
TraesCS7B02G169200,SRS,5,1,4,4
TraesCS2B02G127800,AP2/EREBP,4,0,4,4
TraesCS5A02G310500,AP2/EREBP,4,0,4,4
TraesCS1B02G346300,bHLH_TCP,4,0,4,4
TraesCS5A02G401600,GARP_G2-like,4,0,4,4
TraesCS5A02G043400,HD,4,0,4,4
TraesCS2B02G355300,NAC,4,0,4,4
TraesCS7D02G365200,NAC,4,0,4,4
TraesCS7D02G400000,SRS,4,0,4,4
TraesCS2D02G122900,TUB,4,0,4,4
TraesCS7D02G345700,WRKY,4,0,4,4
TraesCS6A02G072000,HD,17,12,5,5
TraesCS5D02G161000,C2C2_Dof,16,11,5,5
TraesCS6A02G330500,AP2/EREBP,14,9,5,5
TraesCS6A02G335500,bHLH,10,5,5,5
TraesCS2A02G172500,CCAAT_HAP2,9,4,5,5
TraesCS7B02G315800,MYB-related,9,4,5,5
TraesCS5A02G286700,SBP,9,4,5,5
TraesCS5A02G298100,ABI3/VP1,8,3,5,5
TraesCS4B02G354400,AP2/EREBP,7,2,5,5
TraesCS6D02G285600,bHLH_TCP,7,2,5,5
TraesCS3B02G560600,PLATZ,7,2,5,5
TraesCS5B02G225700,HD_PLINC,6,1,5,5
TraesCS4A02G405800,HD-Zip_I_II,6,1,5,5
TraesCS1A02G348600,WRKY,6,1,5,5
TraesCS1A02G411100,AP2/EREBP,5,0,5,5
TraesCS1B02G441300,AP2/EREBP,5,0,5,5
TraesCS3B02G409600,C2C2_Dof,5,0,5,5
TraesCS4B02G227900,HD,5,0,5,5
TraesCS1A02G087700,HD_PLINC,5,0,5,5
TraesCS6B02G333300,mTERF,5,0,5,5
TraesCS1B02G283000,MYB-related,5,0,5,5
TraesCS2A02G325900,NAC,5,0,5,5
TraesCS2B02G141800,TUB,5,0,5,5
TraesCS5B02G154100,C2C2_Dof,41,35,6,6
TraesCS5B02G406300,GARP_G2-like,12,6,6,6
TraesCS2D02G179600,CCAAT_HAP2,11,5,6,6
TraesCS3D02G412800,ABI3/VP1,10,4,6,6
TraesCS3A02G368700,MYB-related,9,3,6,6
TraesCS6B02G265200,MYB-related,9,3,6,6
TraesCS5D02G148900,NAC,9,3,6,6
TraesCS4D02G131500,GARP_G2-like,8,2,6,6
TraesCS4B02G073600,ABI3/VP1,7,1,6,6
TraesCS2B02G268100,AP2/EREBP,7,1,6,6
TraesCS6B02G237700,AP2/EREBP,7,1,6,6
TraesCS2B02G578500,ARF,7,1,6,6
TraesCS7D02G209000,C2C2_CO-like,7,1,6,6
TraesCS7D02G359900,C2C2_GATA,7,1,6,6
TraesCS7B02G077800,GRAS,7,1,6,6
TraesCS4D02G286400,HD-Zip_I_II,7,1,6,6
TraesCS5D02G205000,HD-Zip_I_II,7,1,6,6
TraesCS2B02G419200,HD-Zip_IV,7,1,6,6
TraesCS6A02G208700,AP2/EREBP,6,0,6,6
TraesCS3B02G400200,MYB-related,6,0,6,6
TraesCS2D02G336300,NAC,6,0,6,6
TraesCS5B02G054200,NAC,6,0,6,6
TraesCS7A02G083800,HD-Zip_I_II,27,20,7,7
TraesCS2A02G232400,SBP,22,15,7,7
TraesCS4D02G302700,bHLH,11,4,7,7
TraesCS5A02G423900,bHLH_TCP,10,3,7,7
TraesCS5A02G529300,AS2/LOB,9,2,7,7
TraesCS3A02G306800,C2C2_Dof,9,2,7,7
TraesCS7B02G272500,HSF,9,2,7,7
TraesCS3A02G249100,ABI3/VP1,8,1,7,7
TraesCS5A02G503500,bHLH,8,1,7,7
TraesCS4B02G304500,bHLH,7,0,7,7
TraesCS7D02G404100,GARP_G2-like,7,0,7,7
TraesCS5A02G143100,NAC,7,0,7,7
TraesCS1B02G363200,WRKY,7,0,7,7
TraesCS2B02G517400,WRKY,7,0,7,7
TraesCS5B02G151800,GARP_G2-like,10,2,8,8
TraesCS5D02G149600,MYB-related,10,2,8,8
TraesCS4B02G361200,AS2/LOB,9,1,8,8
TraesCS4D02G020300,GRF,9,1,8,8
TraesCS7A02G357500,NAC,8,0,8,8
TraesCS2D02G372200,bHLH_TCP,25,16,9,9
TraesCS3D02G249100,ABI3/VP1,15,6,9,9
TraesCS4D02G289600,CCAAT_HAP2,15,6,9,9
TraesCS4D02G329100,bHLH,13,4,9,9
TraesCS6B02G366100,CCAAT_HAP2,13,4,9,9
TraesCS1B02G236700,AP2/EREBP,12,3,9,9
TraesCS4D02G354200,AS2/LOB,12,3,9,9
TraesCS3A02G046800,MYB-related,12,3,9,9
TraesCS2B02G434300,AP2/EREBP,10,1,9,9
TraesCS5B02G315500,AP2/EREBP,10,1,9,9
TraesCS6B02G280800,AP2/EREBP,10,1,9,9
TraesCS7A02G363100,C2C2_GATA,10,1,9,9
TraesCS3D02G400500,ABI3/VP1,28,18,10,10
TraesCS1D02G351600,WRKY,15,5,10,10
TraesCS6A02G306500,bHLH_TCP,11,1,10,10
TraesCS5D02G059700,NAC,16,5,11,11
TraesCS2A02G101000,NAC,14,3,11,11
TraesCS2A02G194500,AS2/LOB,12,1,11,11
TraesCS2D02G193400,AS2/LOB,12,1,11,11
TraesCS2B02G250900,SBP,35,23,12,12
TraesCS5D02G158300,GARP_G2-like,19,7,12,12
TraesCS2B02G252000,MYB-related,19,7,12,12
TraesCS3B02G561000,PLATZ,18,6,12,12
TraesCS2B02G392900,bHLH_TCP,17,5,12,12
TraesCS2B02G434100,AP2/EREBP,16,4,12,12
TraesCS7A02G214800,CCAAT_Dr1,14,2,12,12
TraesCS3B02G278000,ABI3/VP1,13,1,12,12
TraesCS4D02G354100,AS2/LOB,13,1,12,12
TraesCS6B02G416400,NAC,13,1,12,12
TraesCS4A02G291500,GRF,12,0,12,12
TraesCS3D02G370100,C2C2_Dof,31,18,13,13
TraesCS5A02G153000,GARP_G2-like,26,13,13,13
TraesCS2D02G234000,MYB-related,24,11,13,13
TraesCS7D02G250700,AP2/EREBP,15,2,13,13
TraesCS6B02G368700,BES1,15,2,13,13
TraesCS4A02G016600,HD-Zip_I_II,14,1,13,13
TraesCS2D02G100600,NAC,13,0,13,13
TraesCS4B02G287600,HD-Zip_I_II,24,10,14,14
TraesCS6D02G238900,GRF,21,7,14,14
TraesCS2B02G529200,AP2/EREBP,20,6,14,14
TraesCS4B02G292900,AP2/EREBP,17,3,14,14
TraesCS6B02G361400,AP2/EREBP,15,1,14,14
TraesCS6D02G268100,CCAAT_Dr1,64,49,15,15
TraesCS5A02G373500,CCAAT_HAP2,27,12,15,15
TraesCS6A02G097500,AP2/EREBP,20,5,15,15
TraesCS3D02G255400,MYB-related,17,2,15,15
TraesCS7B02G112400,MYB-related,89,73,16,16
TraesCS2D02G461700,bHLH,21,5,16,16
TraesCS2B02G387800,MYB-related,20,4,16,16
TraesCS5B02G375500,CCAAT_HAP2,35,18,17,17
TraesCS2B02G387300,MYB-related,19,2,17,17
TraesCS2B02G212400,AS2/LOB,18,1,17,17
TraesCS6A02G335400,CCAAT_HAP2,18,1,17,17
TraesCS1D02G244500,AP2/EREBP,65,47,18,18
TraesCS3A02G497600,PLATZ,30,11,19,19
TraesCS3D02G102500,CCAAT_HAP5,26,7,19,19
TraesCS3B02G560400,PLATZ,20,1,19,19
TraesCS4B02G361100,AS2/LOB,22,2,20,20
TraesCS1B02G106800,HD_PLINC,22,2,20,20
TraesCS3A02G128400,C3H,23,2,21,21
TraesCS2B02G387700,MYB-related,23,2,21,21
TraesCS4A02G011600,AP2/EREBP,41,19,22,22
TraesCS7D02G208000,MYB-related,81,58,23,23
TraesCS7A02G205100,MYB-related,66,43,23,23
TraesCS5D02G383000,CCAAT_HAP2,46,22,24,24
TraesCS7A02G214700,CCAAT_Dr1,29,3,26,26
TraesCS5A02G314600,AP2/EREBP,28,2,26,26
TraesCS7A02G569300,NAC,30,1,29,29
TraesCS7B02G376500,CCAAT_HAP5,39,8,31,31
TraesCS3D02G505200,PLATZ,61,19,42,42
TraesCS3D02G078500,NAC,51,4,47,47
TraesCS7D02G344400,CCAAT_HAP5,121,73,48,48
TraesCS7A02G194700,NAC,113,64,49,49
TraesCS7D02G543400,NAC,64,13,51,51
TraesCS5B02G043100,MYB-related,54,0,54,54
TraesCS1B02G285000,MYB-related,97,41,56,56
TraesCS3B02G092800,NAC,58,1,57,57
TraesCS1D02G275400,MYB-related,89,31,58,58
TraesCS7A02G336700,CCAAT_HAP5,107,33,74,74
TraesCS1A02G275800,MYB-related,107,33,74,74
TraesCS3A02G077900,NAC,102,10,92,92
TraesCS7D02G196300,NAC,131,21,110,110
TraesCS7D02G543500,NAC,152,38,114,114
TraesCS7A02G152500,NAC,135,14,121,121
TraesCS7B02G056300,NAC,131,10,121,121
TraesCS7A02G569100,NAC,154,31,123,123
TraesCS7B02G100300,NAC,145,22,123,123
TraesCS7B02G489500,NAC,148,23,125,125
TraesCS7D02G154200,NAC,225,32,193,193
TraesCS7B02G248300,CCAAT_HAP5,689,65,624,624
TraesCS5A02G245900,NAC,3157,30,3127,3127
